       229.000       0.00000
       234.000       0.00000
       243.000       0.00000
       252.000       0.00000
       256.000       0.00000
       260.000       0.00000
       266.000       0.00000
       275.000       0.00000
       283.000       0.00000
       293.000       0.00000
       301.000       0.00000
       309.000       0.00000
       325.000       0.00000
       342.000       0.00000
       351.000       0.00000
       356.000       0.00000
       365.000       0.00000
       375.000       0.00000
       384.000       0.00000
       400.000       0.00000
       415.000       0.00000
       425.000       0.00000
       445.000       0.00000
       472.000       0.00000
       494.000       0.00000
       506.000       0.00000
       516.000       0.00000
       540.000       0.00000
       564.000       0.00000
       587.000       0.00000
       612.000       0.00000
       640.000       0.00000
       671.000       0.00000
       705.000       0.00000
       736.000       0.00000
       770.000       0.00000
       810.000       0.00000
       850.000       0.00000
       890.000       0.00000
       920.000   1.09031e-19
       940.000   3.29746e-19
       962.000   6.61172e-19
       987.000   1.40374e-18
       1012.00   2.74246e-18
       1037.00   4.98300e-18
       1062.00   9.26197e-18
       1087.00   1.64794e-17
       1112.00   6.27451e-16
       1120.00   7.85318e-16
       1140.00   1.09418e-15
       1160.00   1.70019e-15
       1180.00   2.35563e-15
       1200.00   3.19640e-15
       1220.00   4.71775e-15
       1240.00   9.71719e-15
       1260.00   1.66256e-14
       1280.00   2.24613e-14
       1300.00   3.00832e-14
       1320.00   3.89389e-14
       1340.00   4.92454e-14
       1360.00   6.23249e-14
       1380.00   7.93831e-14
       1400.00   1.02042e-13
       1420.00   1.28270e-13
       1440.00   1.60578e-13
       1460.00   2.03452e-13
       1480.00   2.50545e-13
       1500.00   3.15676e-13
       1520.00   1.00369e-12
       1540.00   1.58083e-12
       1560.00   1.57871e-12
       1580.00   2.07770e-12
       1600.00   2.61575e-12
       1620.00   3.07394e-12
       1640.00   3.41802e-12
       1660.00   3.58839e-12
       1680.00   8.59886e-11
       1700.00   1.28278e-10
       1720.00   1.56092e-10
       1740.00   2.06353e-10
       1760.00   1.97292e-10
       1780.00   2.61203e-10
       1800.00   2.23279e-10
       1820.00   1.56826e-10
       1840.00   1.82386e-10
       1860.00   2.60764e-10
       1880.00   2.92886e-10
       1900.00   3.28259e-10
       1920.00   3.76200e-10
       1940.00   3.07745e-10
       1960.00   3.22574e-10
       1980.00   4.44374e-10
       2000.00   4.38711e-10
       2002.50   4.31222e-10
       2005.00   4.23732e-10
       2007.50   4.16242e-10
       2010.00   4.08753e-10
       2012.50   4.01263e-10
       2015.00   3.93773e-10
       2017.50   3.86284e-10
       2020.00   3.78794e-10
       2022.50   3.83251e-10
       2025.00   3.87709e-10
       2027.50   3.92166e-10
       2030.00   3.96623e-10
       2032.50   4.01080e-10
       2035.00   4.05501e-10
       2037.50   4.09958e-10
       2040.00   4.14416e-10
       2042.50   4.09995e-10
       2045.00   4.05574e-10
       2047.50   4.01153e-10
       2050.00   3.96733e-10
       2052.50   3.92312e-10
       2055.00   3.87928e-10
       2057.50   3.83507e-10
       2060.00   3.79086e-10
       2062.50   3.88074e-10
       2065.00   3.97061e-10
       2067.50   4.06049e-10
       2070.00   4.15037e-10
       2072.50   4.24024e-10
       2075.00   4.33048e-10
       2077.50   4.42036e-10
       2080.00   4.51024e-10
       2082.50   4.52047e-10
       2085.00   4.53106e-10
       2087.50   4.54129e-10
       2090.00   4.55189e-10
       2092.50   4.56212e-10
       2095.00   4.57234e-10
       2097.50   4.58294e-10
       2100.00   4.59317e-10
       2102.50   4.62386e-10
       2105.00   4.65491e-10
       2107.50   4.68560e-10
       2110.00   4.71629e-10
       2112.50   4.74698e-10
       2115.00   4.77804e-10
       2117.50   4.80873e-10
       2120.00   4.83941e-10
       2122.50   4.86755e-10
       2125.00   4.89568e-10
       2127.50   4.92344e-10
       2130.00   4.95158e-10
       2132.50   4.97971e-10
       2135.00   5.00748e-10
       2137.50   5.03561e-10
       2140.00   5.06374e-10
       2142.50   5.07032e-10
       2145.00   5.07689e-10
       2147.50   5.08347e-10
       2150.00   5.09004e-10
       2152.50   5.09662e-10
       2155.00   5.10320e-10
       2157.50   5.10977e-10
       2160.00   5.11635e-10
       2162.50   5.16859e-10
       2165.00   5.22084e-10
       2167.50   5.27272e-10
       2170.00   5.32496e-10
       2172.50   5.37721e-10
       2175.00   5.42945e-10
       2177.50   5.48170e-10
       2180.00   5.53394e-10
       2182.50   5.64830e-10
       2185.00   5.76229e-10
       2187.50   5.87628e-10
       2190.00   5.99063e-10
       2192.50   6.10462e-10
       2195.00   6.21897e-10
       2197.50   6.33296e-10
       2200.00   6.44695e-10
       2202.50   6.42649e-10
       2205.00   6.40567e-10
       2207.50   6.38484e-10
       2210.00   6.36402e-10
       2212.50   6.34356e-10
       2215.00   6.32273e-10
       2217.50   6.30191e-10
       2220.00   6.28108e-10
       2222.50   6.28437e-10
       2225.00   6.28729e-10
       2227.50   6.29058e-10
       2230.00   6.29350e-10
       2232.50   6.29679e-10
       2235.00   6.29972e-10
       2237.50   6.30300e-10
       2240.00   6.30593e-10
       2242.50   6.34392e-10
       2245.00   6.38228e-10
       2247.50   6.42028e-10
       2250.00   6.45828e-10
       2252.50   6.49627e-10
       2255.00   6.53427e-10
       2257.50   6.57227e-10
       2260.00   6.61026e-10
       2262.50   6.49664e-10
       2265.00   6.38265e-10
       2267.50   6.26903e-10
       2270.00   6.15504e-10
       2272.50   6.04141e-10
       2275.00   5.92742e-10
       2277.50   5.81380e-10
       2280.00   5.70018e-10
       2282.50   5.78969e-10
       2285.00   5.87920e-10
       2287.50   5.96871e-10
       2290.00   6.05822e-10
       2292.50   6.14810e-10
       2295.00   6.23761e-10
       2297.50   6.32712e-10
       2300.00   6.41663e-10
       2302.50   6.39617e-10
       2305.00   6.37571e-10
       2307.50   6.35561e-10
       2310.00   6.33515e-10
       2312.50   6.31469e-10
       2315.00   6.29424e-10
       2317.50   6.27378e-10
       2320.00   6.25332e-10
       2322.50   6.15321e-10
       2325.00   6.05274e-10
       2327.50   5.95263e-10
       2330.00   5.85216e-10
       2332.50   5.75206e-10
       2335.00   5.65159e-10
       2337.50   5.55112e-10
       2340.00   5.45101e-10
       2342.50   5.33994e-10
       2345.00   5.22888e-10
       2347.50   5.11781e-10
       2350.00   5.00675e-10
       2352.50   4.89604e-10
       2355.00   4.78498e-10
       2357.50   4.67391e-10
       2360.00   4.56285e-10
       2362.50   4.53508e-10
       2365.00   4.50731e-10
       2367.50   4.47991e-10
       2370.00   4.45214e-10
       2372.50   4.42438e-10
       2375.00   4.39661e-10
       2377.50   4.36921e-10
       2380.00   4.34144e-10
       2382.50   4.19969e-10
       2385.00   4.05793e-10
       2387.50   3.91581e-10
       2390.00   3.77406e-10
       2392.50   3.63237e-10
       2395.00   3.49058e-10
       2397.50   3.34875e-10
       2400.00   3.20696e-10
       2402.50   3.38335e-10
       2405.00   3.55974e-10
       2407.50   3.73606e-10
       2410.00   3.91252e-10
       2412.50   4.08899e-10
       2415.00   4.26545e-10
       2417.50   4.44191e-10
       2420.00   4.61801e-10
       2422.50   4.80836e-10
       2425.00   4.99871e-10
       2427.50   5.18869e-10
       2430.00   5.37904e-10
       2432.50   5.56938e-10
       2435.00   5.75936e-10
       2437.50   5.94971e-10
       2440.00   6.14006e-10
       2442.50   6.13348e-10
       2445.00   6.12691e-10
       2447.50   6.12033e-10
       2450.00   6.11375e-10
       2452.50   6.10718e-10
       2455.00   6.10060e-10
       2457.50   6.09402e-10
       2460.00   6.08745e-10
       2462.50   6.06991e-10
       2465.00   6.05201e-10
       2467.50   6.03447e-10
       2470.00   6.01694e-10
       2472.50   5.99903e-10
       2475.00   5.98150e-10
       2477.50   5.96396e-10
       2480.00   5.94642e-10
       2482.50   5.92194e-10
       2485.00   5.89783e-10
       2487.50   5.87372e-10
       2490.00   5.84961e-10
       2492.50   5.82513e-10
       2495.00   5.80101e-10
       2497.50   5.77690e-10
       2500.00   5.75242e-10
       2502.50   5.61432e-10
       2505.00   5.47585e-10
       2507.50   5.33739e-10
       2510.00   5.19928e-10
       2512.50   5.06082e-10
       2515.00   4.92235e-10
       2517.50   4.78425e-10
       2520.00   4.64578e-10
       2522.50   4.54202e-10
       2525.00   4.43826e-10
       2527.50   4.33450e-10
       2530.00   4.23074e-10
       2532.50   4.12698e-10
       2535.00   4.02323e-10
       2537.50   3.91947e-10
       2540.00   3.81571e-10
       2542.50   4.07145e-10
       2545.00   4.32756e-10
       2547.50   4.58367e-10
       2550.00   4.83941e-10
       2552.50   5.09553e-10
       2555.00   5.35127e-10
       2557.50   5.60738e-10
       2560.00   5.86349e-10
       2562.50   6.13348e-10
       2565.00   6.40347e-10
       2567.50   6.67383e-10
       2570.00   6.94383e-10
       2572.50   7.21382e-10
       2575.00   7.48418e-10
       2577.50   7.75417e-10
       2580.00   8.02416e-10
       2582.50   7.95146e-10
       2585.00   7.87839e-10
       2587.50   7.80532e-10
       2590.00   7.73225e-10
       2592.50   7.65955e-10
       2595.00   7.58648e-10
       2597.50   7.51341e-10
       2600.00   7.44034e-10
       2602.50   7.29858e-10
       2605.00   7.15682e-10
       2607.50   7.01507e-10
       2610.00   6.87331e-10
       2612.50   6.73156e-10
       2615.00   6.58980e-10
       2617.50   6.44768e-10
       2620.00   6.30593e-10
       2622.50   6.79367e-10
       2625.00   7.28141e-10
       2627.50   7.76915e-10
       2630.00   8.25689e-10
       2632.50   8.74427e-10
       2635.00   9.23201e-10
       2637.50   9.71975e-10
       2640.00   1.02075e-09
       2642.50   1.07994e-09
       2645.00   1.13912e-09
       2647.50   1.19827e-09
       2650.00   1.25746e-09
       2652.50   1.31665e-09
       2655.00   1.37583e-09
       2657.50   1.43502e-09
       2660.00   1.49417e-09
       2662.50   1.47619e-09
       2665.00   1.45822e-09
       2667.50   1.44024e-09
       2670.00   1.42223e-09
       2672.50   1.40426e-09
       2675.00   1.38628e-09
       2677.50   1.36827e-09
       2680.00   1.35029e-09
       2682.50   1.35238e-09
       2685.00   1.35446e-09
       2687.50   1.35654e-09
       2690.00   1.35859e-09
       2692.50   1.36067e-09
       2695.00   1.36275e-09
       2697.50   1.36483e-09
       2700.00   1.36692e-09
       2702.50   1.36034e-09
       2705.00   1.35376e-09
       2707.50   1.34719e-09
       2710.00   1.34061e-09
       2712.50   1.33404e-09
       2715.00   1.32746e-09
       2717.50   1.32088e-09
       2720.00   1.31434e-09
       2722.50   1.27664e-09
       2725.00   1.23894e-09
       2727.50   1.20123e-09
       2730.00   1.16353e-09
       2732.50   1.12582e-09
       2735.00   1.08812e-09
       2737.50   1.05042e-09
       2740.00   1.01271e-09
       2742.50   1.00617e-09
       2745.00   9.99595e-10
       2747.50   9.93019e-10
       2750.00   9.86443e-10
       2752.50   9.79866e-10
       2755.00   9.73290e-10
       2757.50   9.66714e-10
       2760.00   9.60138e-10
       2762.50   9.85420e-10
       2765.00   1.01067e-09
       2767.50   1.03591e-09
       2770.00   1.06116e-09
       2772.50   1.08640e-09
       2775.00   1.11165e-09
       2777.50   1.13689e-09
       2780.00   1.16214e-09
       2782.50   1.06843e-09
       2785.00   9.74678e-10
       2787.50   8.80930e-10
       2790.00   7.87218e-10
       2792.50   6.93469e-10
       2795.00   5.99757e-10
       2797.50   5.06009e-10
       2800.00   4.12297e-10
       2802.50   5.01844e-10
       2805.00   5.91391e-10
       2807.50   6.80938e-10
       2810.00   7.70485e-10
       2812.50   8.60032e-10
       2815.00   9.49579e-10
       2817.50   1.03913e-09
       2820.00   1.12867e-09
       2822.50   1.16638e-09
       2825.00   1.20404e-09
       2827.50   1.24175e-09
       2830.00   1.27945e-09
       2832.50   1.31716e-09
       2835.00   1.35486e-09
       2837.50   1.39256e-09
       2840.00   1.43027e-09
       2842.50   1.41715e-09
       2845.00   1.40404e-09
       2847.50   1.39092e-09
       2850.00   1.37784e-09
       2852.50   1.36473e-09
       2855.00   1.35161e-09
       2857.50   1.33849e-09
       2860.00   1.32541e-09
       2862.50   1.34233e-09
       2865.00   1.35928e-09
       2867.50   1.37623e-09
       2870.00   1.39319e-09
       2872.50   1.41014e-09
       2875.00   1.42709e-09
       2877.50   1.44404e-09
       2880.00   1.46099e-09
       2882.50   1.51594e-09
       2885.00   1.57089e-09
       2887.50   1.62584e-09
       2890.00   1.68083e-09
       2892.50   1.73577e-09
       2895.00   1.79072e-09
       2897.50   1.84571e-09
       2900.00   1.90066e-09
       2902.50   1.89963e-09
       2905.00   1.89857e-09
       2907.50   1.89755e-09
       2910.00   1.89649e-09
       2912.50   1.89547e-09
       2915.00   1.89445e-09
       2917.50   1.89339e-09
       2920.00   1.89236e-09
       2922.50   1.89065e-09
       2925.00   1.88896e-09
       2927.50   1.88728e-09
       2930.00   1.88557e-09
       2932.50   1.88389e-09
       2935.00   1.88221e-09
       2937.50   1.88049e-09
       2940.00   1.87881e-09
       2942.50   1.87183e-09
       2945.00   1.86489e-09
       2947.50   1.85795e-09
       2950.00   1.85101e-09
       2952.50   1.84403e-09
       2955.00   1.83709e-09
       2957.50   1.83014e-09
       2960.00   1.82317e-09
       2962.50   1.82802e-09
       2965.00   1.83285e-09
       2967.50   1.83771e-09
       2970.00   1.84257e-09
       2972.50   1.84739e-09
       2975.00   1.85225e-09
       2977.50   1.85707e-09
       2980.00   1.86193e-09
       2982.50   1.86818e-09
       2985.00   1.87442e-09
       2987.50   1.88071e-09
       2990.00   1.88696e-09
       2992.50   1.89320e-09
       2995.00   1.89949e-09
       2997.50   1.90573e-09
       3000.00   1.91202e-09
       3002.50   1.91472e-09
       3005.00   1.91746e-09
       3007.50   1.92020e-09
       3010.00   1.92294e-09
       3012.50   1.92565e-09
       3015.00   1.92839e-09
       3017.50   1.93113e-09
       3020.00   1.93387e-09
       3022.50   1.95465e-09
       3025.00   1.97544e-09
       3027.50   1.99623e-09
       3030.00   2.01702e-09
       3032.50   2.03781e-09
       3035.00   2.05860e-09
       3037.50   2.07938e-09
       3040.00   2.10017e-09
       3042.50   2.09736e-09
       3045.00   2.09455e-09
       3047.50   2.09177e-09
       3050.00   2.08896e-09
       3052.50   2.08614e-09
       3055.00   2.08337e-09
       3057.50   2.08055e-09
       3060.00   2.07774e-09
       3062.50   2.08088e-09
       3065.00   2.08402e-09
       3067.50   2.08720e-09
       3070.00   2.09035e-09
       3072.50   2.09349e-09
       3075.00   2.09663e-09
       3077.50   2.09977e-09
       3080.00   2.10291e-09
       3082.50   2.10532e-09
       3085.00   2.10770e-09
       3087.50   2.11007e-09
       3090.00   2.11249e-09
       3092.50   2.11486e-09
       3095.00   2.11723e-09
       3097.50   2.11965e-09
       3100.00   2.12202e-09
       3102.50   2.13101e-09
       3105.00   2.14000e-09
       3107.50   2.14898e-09
       3110.00   2.15801e-09
       3112.50   2.16700e-09
       3115.00   2.17598e-09
       3117.50   2.18497e-09
       3120.00   2.19396e-09
       3122.50   2.19571e-09
       3125.00   2.19750e-09
       3127.50   2.19926e-09
       3130.00   2.20101e-09
       3132.50   2.20276e-09
       3135.00   2.20455e-09
       3137.50   2.20631e-09
       3140.00   2.20806e-09
       3142.50   2.21325e-09
       3145.00   2.21844e-09
       3147.50   2.22362e-09
       3150.00   2.22881e-09
       3152.50   2.23400e-09
       3155.00   2.23919e-09
       3157.50   2.24438e-09
       3160.00   2.24956e-09
       3162.50   2.24025e-09
       3165.00   2.23090e-09
       3167.50   2.22154e-09
       3170.00   2.21223e-09
       3172.50   2.20287e-09
       3175.00   2.19356e-09
       3177.50   2.18420e-09
       3180.00   2.17485e-09
       3182.50   2.19524e-09
       3185.00   2.21562e-09
       3187.50   2.23597e-09
       3190.00   2.25636e-09
       3192.50   2.27675e-09
       3195.00   2.29710e-09
       3197.50   2.31748e-09
       3200.00   2.33783e-09
       3202.50   2.33546e-09
       3205.00   2.33308e-09
       3207.50   2.33067e-09
       3210.00   2.32830e-09
       3212.50   2.32592e-09
       3215.00   2.32351e-09
       3217.50   2.32114e-09
       3220.00   2.31876e-09
       3222.50   2.32358e-09
       3225.00   2.32844e-09
       3227.50   2.33327e-09
       3230.00   2.33813e-09
       3232.50   2.34295e-09
       3235.00   2.34781e-09
       3237.50   2.35267e-09
       3240.00   2.35749e-09
       3260.00   2.73413e-09
       3270.00   2.69887e-09
       3280.00   2.59646e-09
       3290.00   2.74750e-09
       3300.00   2.82477e-09
       3310.00   2.71338e-09
       3320.00   2.69507e-09
       3330.00   2.63227e-09
       3340.00   2.64706e-09
       3350.00   2.70190e-09
       3360.00   2.55916e-09
       3370.00   2.47999e-09
       3380.00   2.49325e-09
       3390.00   2.65094e-09
       3400.00   2.78381e-09
       3410.00   2.74198e-09
       3420.00   2.68652e-09
       3430.00   2.74940e-09
       3440.00   2.57904e-09
       3450.00   2.56322e-09
       3460.00   2.67622e-09
       3470.00   2.64250e-09
       3480.00   2.61367e-09
       3490.00   2.50567e-09
       3500.00   2.65576e-09
       3510.00   2.88092e-09
       3520.00   2.70472e-09
       3530.00   2.73625e-09
       3540.00   2.98238e-09
       3550.00   3.01450e-09
       3560.00   2.88213e-09
       3570.00   2.66314e-09
       3580.00   2.38993e-09
       3590.00   2.58488e-09
       3600.00   2.79890e-09
       3610.00   2.59266e-09
       3620.00   2.65638e-09
       3630.00   2.67688e-09
       3640.00   2.64969e-09
       3650.00   2.83094e-09
       3660.00   2.98633e-09
       3670.00   2.98804e-09
       3680.00   2.85075e-09
       3690.00   2.94691e-09
       3700.00   2.92371e-09
       3710.00   2.94475e-09
       3720.00   2.90906e-09
       3730.00   2.71717e-09
       3740.00   2.68535e-09
       3750.00   2.86971e-09
       3760.00   2.95721e-09
       3770.00   3.09020e-09
       3780.00   3.37495e-09
       3790.00   3.17251e-09
       3800.00   3.03013e-09
       3810.00   3.37502e-09
       3820.00   3.00149e-09
       3830.00   2.37082e-09
       3840.00   2.56300e-09
       3850.00   3.15307e-09
       3860.00   3.33242e-09
       3870.00   3.30352e-09
       3880.00   2.94596e-09
       3890.00   2.87409e-09
       3900.00   3.17839e-09
       3910.00   3.50041e-09
       3920.00   3.40454e-09
       3930.00   2.32936e-09
       3940.00   2.44020e-09
       3950.00   3.49610e-09
       3960.00   2.95582e-09
       3970.00   2.47042e-09
       3980.00   3.64787e-09
       3990.00   4.32062e-09
       4000.00   4.52521e-09
       4010.00   4.57454e-09
       4020.00   4.72141e-09
       4030.00   4.59792e-09
       4040.00   4.49489e-09
       4050.00   4.42511e-09
       4060.00   4.40721e-09
       4070.00   4.30856e-09
       4080.00   4.37944e-09
       4090.00   4.27312e-09
       4100.00   3.93700e-09
       4110.00   4.22526e-09
       4120.00   4.70570e-09
       4130.00   4.68231e-09
       4140.00   4.67318e-09
       4150.00   4.57600e-09
       4160.00   4.59646e-09
       4170.00   4.48283e-09
       4180.00   4.35314e-09
       4190.00   4.47845e-09
       4200.00   4.47114e-09
       4210.00   4.57417e-09
       4220.00   4.47114e-09
       4230.00   4.35715e-09
       4240.00   4.45288e-09
       4250.00   4.57088e-09
       4260.00   4.55590e-09
       4270.00   4.49562e-09
       4280.00   4.32573e-09
       4290.00   4.09739e-09
       4300.00   3.87307e-09
       4310.00   4.13356e-09
       4320.00   4.54056e-09
       4330.00   4.19823e-09
       4340.00   4.05026e-09
       4350.00   4.34912e-09
       4360.00   4.75794e-09
       4370.00   4.73931e-09
       4380.00   4.47772e-09
       4390.00   4.34144e-09
       4400.00   4.41561e-09
       4410.00   4.52339e-09
       4420.00   4.58586e-09
       4430.00   4.55554e-09
       4440.00   4.56248e-09
       4450.00   4.38090e-09
       4460.00   4.27897e-09
       4470.00   4.53179e-09
       4480.00   4.56248e-09
       4490.00   4.54531e-09
       4500.00   4.70679e-09
       4510.00   4.74150e-09
       4520.00   4.46311e-09
       4530.00   4.38127e-09
       4540.00   4.43242e-09
       4550.00   4.47626e-09
       4560.00   4.53873e-09
       4570.00   4.56212e-09
       4580.00   4.54202e-09
       4590.00   4.42365e-09
       4600.00   4.51279e-09
       4610.00   4.56467e-09
       4620.00   4.65564e-09
       4630.00   4.61399e-09
       4640.00   4.50329e-09
       4650.00   4.51316e-09
       4660.00   4.43972e-09
       4670.00   4.39259e-09
       4680.00   4.54458e-09
       4690.00   4.53581e-09
       4700.00   4.37761e-09
       4710.00   4.44922e-09
       4720.00   4.56175e-09
       4730.00   4.49562e-09
       4740.00   4.51316e-09
       4750.00   4.51973e-09
       4760.00   4.43242e-09
       4770.00   4.52010e-09
       4780.00   4.56760e-09
       4790.00   4.52631e-09
       4800.00   4.54896e-09
       4810.00   4.55006e-09
       4820.00   4.52668e-09
       4830.00   4.40246e-09
       4840.00   4.33414e-09
       4850.00   3.92896e-09
       4860.00   3.59043e-09
       4870.00   3.93335e-09
       4880.00   4.23367e-09
       4890.00   4.28080e-09
       4900.00   4.33779e-09
       4910.00   4.18909e-09
       4920.00   4.14050e-09
       4930.00   4.15037e-09
       4940.00   4.16681e-09
       4950.00   4.22417e-09
       4960.00   4.16133e-09
       4970.00   4.21978e-09
       4980.00   4.11822e-09
       4990.00   4.10433e-09
       5000.00   4.03820e-09
       5010.00   3.95856e-09
       5020.00   3.94029e-09
       5030.00   3.99838e-09
       5040.00   3.99838e-09
       5050.00   4.00861e-09
       5060.00   4.03674e-09
       5070.00   3.92970e-09
       5080.00   3.95673e-09
       5090.00   3.99107e-09
       5100.00   3.91910e-09
       5110.00   3.97829e-09
       5120.00   3.91837e-09
       5130.00   3.82813e-09
       5140.00   3.80986e-09
       5150.00   3.87161e-09
       5160.00   3.70537e-09
       5170.00   3.56460e-09
       5180.00   3.61973e-09
       5190.00   3.64871e-09
       5200.00   3.71998e-09
       5210.00   3.78136e-09
       5220.00   3.72473e-09
       5230.00   3.73204e-09
       5240.00   3.78721e-09
       5250.00   3.81680e-09
       5260.00   3.62861e-09
       5270.00   3.58316e-09
       5280.00   3.77881e-09
       5290.00   3.84384e-09
       5300.00   3.81461e-09
       5310.00   3.87087e-09
       5320.00   3.70281e-09
       5330.00   3.69039e-09
       5340.00   3.73131e-09
       5350.00   3.80255e-09
       5360.00   3.78356e-09
       5370.00   3.72875e-09
       5380.00   3.76127e-09
       5390.00   3.71779e-09
       5400.00   3.62061e-09
       5410.00   3.63500e-09
       5420.00   3.79013e-09
       5430.00   3.69916e-09
       5440.00   3.79232e-09
       5450.00   3.80767e-09
       5460.00   3.74994e-09
       5470.00   3.71377e-09
       5480.00   3.67468e-09
       5490.00   3.67943e-09
       5500.00   3.69185e-09
       5510.00   3.69660e-09
       5520.00   3.70099e-09
       5530.00   3.66957e-09
       5540.00   3.71012e-09
       5550.00   3.72181e-09
       5560.00   3.69039e-09
       5570.00   3.60665e-09
       5580.00   3.58667e-09
       5590.00   3.54897e-09
       5600.00   3.54327e-09
       5610.00   3.57279e-09
       5620.00   3.58440e-09
       5630.00   3.61352e-09
       5640.00   3.60070e-09
       5650.00   3.56701e-09
       5660.00   3.49968e-09
       5670.00   3.54531e-09
       5680.00   3.54305e-09
       5690.00   3.53431e-09
       5700.00   3.52529e-09
       5710.00   3.49917e-09
       5720.00   3.51407e-09
       5730.00   3.63237e-09
       5740.00   3.61973e-09
       5760.00   3.60121e-09
       5780.00   3.57962e-09
       5800.00   3.55499e-09
       5820.00   3.53384e-09
       5840.00   3.51287e-09
       5860.00   3.49212e-09
       5880.00   3.47158e-09
       5900.00   3.45123e-09
       5920.00   3.42796e-09
       5940.00   3.40834e-09
       5960.00   3.38858e-09
       5980.00   3.36903e-09
       6000.00   3.29454e-09
       6020.00   3.26966e-09
       6040.00   3.25705e-09
       6060.00   3.25051e-09
       6080.00   3.24993e-09
       6100.00   3.23188e-09
       6120.00   3.17540e-09
       6140.00   3.08757e-09
       6160.00   3.07913e-09
       6180.00   3.06495e-09
       6200.00   3.08826e-09
       6220.00   3.04011e-09
       6240.00   2.99784e-09
       6260.00   3.00978e-09
       6280.00   2.99897e-09
       6300.00   2.97719e-09
       6320.00   2.99407e-09
       6340.00   2.99455e-09
       6360.00   2.97577e-09
       6380.00   2.92184e-09
       6400.00   2.87150e-09
       6420.00   2.83741e-09
       6440.00   2.84651e-09
       6460.00   2.83942e-09
       6480.00   2.78250e-09
       6500.00   2.78122e-09
       6520.00   2.78999e-09
       6540.00   2.68557e-09
       6560.00   2.50293e-09
       6580.00   2.58189e-09
       6600.00   2.73533e-09
       6620.00   2.73383e-09
       6640.00   2.70994e-09
       6660.00   2.66402e-09
       6680.00   2.64809e-09
       6700.00   2.66161e-09
       6720.00   2.63610e-09
       6740.00   2.63735e-09
       6760.00   2.61217e-09
       6780.00   2.61111e-09
       6800.00   2.61024e-09
       6820.00   2.60673e-09
       6840.00   2.65499e-09
       6860.00   2.50166e-09
       6880.00   2.40561e-09
       6900.00   2.50034e-09
       6920.00   2.50651e-09
       6940.00   2.47846e-09
       6960.00   2.45518e-09
       6980.00   2.42088e-09
       7000.00   2.41152e-09
       7020.00   2.37758e-09
       7040.00   2.42402e-09
       7060.00   2.45891e-09
       7080.00   2.42972e-09
       7100.00   2.41821e-09
       7120.00   2.40897e-09
       7140.00   2.38690e-09
       7160.00   2.43151e-09
       7180.00   2.39885e-09
       7200.00   2.33462e-09
       7220.00   2.32377e-09
       7240.00   2.29841e-09
       7260.00   2.28577e-09
       7280.00   2.26681e-09
       7300.00   2.26286e-09
       7320.00   2.25256e-09
       7340.00   2.22585e-09
       7360.00   2.23217e-09
       7380.00   2.21204e-09
       7400.00   2.19611e-09
       7420.00   2.18011e-09
       7440.00   2.19038e-09
       7460.00   2.17865e-09
       7480.00   2.14526e-09
       7500.00   2.11241e-09
       7520.00   2.06415e-09
       7540.00   2.04745e-09
       7560.00   1.99806e-09
       7580.00   1.90069e-09
       7600.00   1.71510e-09
       7620.00   1.87150e-09
       7640.00   1.92828e-09
       7660.00   2.07756e-09
       7680.00   1.91754e-09
       7700.00   1.98374e-09
       7720.00   1.99188e-09
       7740.00   1.98892e-09
       7760.00   1.95867e-09
       7780.00   1.99769e-09
       7800.00   2.02166e-09
       7820.00   1.99342e-09
       7840.00   2.01019e-09
       7860.00   1.99820e-09
       7880.00   1.97026e-09
       7900.00   1.96905e-09
       7920.00   1.92766e-09
       7940.00   1.90756e-09
       7960.00   1.93602e-09
       7980.00   1.91428e-09
       8000.00   1.88933e-09
       8020.00   1.87479e-09
       8040.00   1.89770e-09
       8060.00   1.85959e-09
       8080.00   1.85711e-09
       8100.00   1.82609e-09
       8120.00   1.90219e-09
       8140.00   1.91290e-09
       8160.00   1.83898e-09
       8180.00   1.79379e-09
       8200.00   1.84246e-09
       8220.00   1.78305e-09
       8240.00   1.80022e-09
       8260.00   1.80117e-09
       8280.00   1.80862e-09
       8300.00   1.76792e-09
       8320.00   1.74520e-09
       8340.00   1.71148e-09
       8360.00   1.75989e-09
       8380.00   1.75324e-09
       8400.00   1.71678e-09
       8420.00   1.73490e-09
       8440.00   1.76686e-09
       8460.00   1.69862e-09
       8480.00   1.66913e-09
       8500.00   1.65675e-09
       8520.00   1.60049e-09
       8540.00   1.57948e-09
       8560.00   1.56464e-09
       8580.00   1.67838e-09
       8600.00   1.60063e-09
       8620.00   1.63322e-09
       8640.00   1.55489e-09
       8660.00   1.51540e-09
       8680.00   1.60198e-09
       8700.00   1.55829e-09
       8720.00   1.59595e-09
       8740.00   1.60158e-09
       8760.00   1.57140e-09
       8780.00   1.57707e-09
       8800.00   1.53016e-09
       8820.00   1.58112e-09
       8840.00   1.51211e-09
       8860.00   1.49413e-09
       8880.00   1.55288e-09
       8900.00   1.47090e-09
       8920.00   1.51554e-09
       8940.00   1.44952e-09
       8960.00   1.51298e-09
       8980.00   1.49128e-09
       9000.00   1.39903e-09
       9020.00   1.48887e-09
       9040.00   1.48229e-09
       9060.00   1.46509e-09
       9080.00   1.37448e-09
       9100.00   1.41094e-09
       9120.00   1.39815e-09
       9140.00   1.40528e-09
       9160.00   1.40309e-09
       9180.00   1.40477e-09
       9200.00   1.42599e-09
       9220.00   1.32403e-09
       9240.00   1.35822e-09
       9260.00   1.32666e-09
       9280.00   1.34909e-09
       9300.00   1.35862e-09
       9320.00   1.32490e-09
       9340.00   1.49578e-09
       9360.00   1.38891e-09
       9380.00   1.39932e-09
       9400.00   1.47550e-09
       9420.00   1.30930e-09
       9440.00   1.26181e-09
       9460.00   1.40517e-09
       9480.00   1.34058e-09
       9500.00   1.30565e-09
       9520.00   1.35351e-09
       9540.00   1.32980e-09
       9560.00   1.28694e-09
       9580.00   1.31752e-09
       9600.00   1.27266e-09
       9620.00   1.28749e-09
       9640.00   1.27511e-09
       9660.00   1.32172e-09
       9680.00   1.29041e-09
       9700.00   1.28395e-09
       9720.00   1.21347e-09
       9740.00   1.23864e-09
       9760.00   1.24277e-09
       9780.00   1.26762e-09
       9800.00   1.23609e-09
       9820.00   1.23788e-09
       9840.00   1.24767e-09
       9860.00   1.19615e-09
       9880.00   1.15640e-09
       9900.00   1.22242e-09
       9920.00   1.23989e-09
       9940.00   1.21037e-09
       9960.00   1.20441e-09
       9980.00   1.20291e-09
       10000.0   1.20028e-09
       10020.0   1.23718e-09
       10040.0   1.09908e-09
       10060.0   1.16977e-09
       10080.0   1.16835e-09
       10100.0   1.16050e-09
       10120.0   1.15377e-09
       10140.0   1.11822e-09
       10160.0   1.12444e-09
       10180.0   1.12107e-09
       10200.0   1.11881e-09
       10220.0   1.09554e-09
       10240.0   1.12378e-09
       10260.0   1.06295e-09
       10280.0   1.10767e-09
       10300.0   1.08684e-09
       10320.0   1.09294e-09
       10340.0   1.10726e-09
       10360.0   1.11625e-09
       10380.0   1.09977e-09
       10400.0   1.08947e-09
       10420.0   1.11464e-09
       10440.0   1.13061e-09
       10460.0   1.05184e-09
       10480.0   1.03876e-09
       10500.0   1.02882e-09
       10520.0   1.00204e-09
       10540.0   9.90352e-10
       10560.0   1.03204e-09
       10580.0   1.00062e-09
       10600.0   1.01958e-09
       10800.0   9.75775e-10
       11000.0   9.36171e-10
       11200.0   8.99636e-10
       11400.0   8.65220e-10
       11600.0   8.32229e-10
       11800.0   7.99822e-10
       12000.0   7.67599e-10
       12200.0   7.34900e-10
       12400.0   7.01434e-10
       12600.0   6.66945e-10
       12800.0   6.29606e-10
       13000.0   6.08927e-10
       13200.0   5.85180e-10
       13400.0   5.61432e-10
       13600.0   5.36113e-10
       13800.0   5.13425e-10
       14000.0   4.93367e-10
       14200.0   4.75429e-10
       14400.0   4.57490e-10
       14600.0   4.40611e-10
       14800.0   4.23732e-10
       15000.0   4.06853e-10
       15200.0   3.90449e-10
       15400.0   3.74921e-10
       15600.0   3.61634e-10
       15800.0   3.49274e-10
       16000.0   3.40827e-10
       16200.0   3.32943e-10
       16400.0   3.21339e-10
       16600.0   3.07569e-10
       16800.0   2.94402e-10
       17000.0   2.84549e-10
       17200.0   2.72799e-10
       17400.0   2.60253e-10
       17600.0   2.49968e-10
       17800.0   2.40714e-10
       18000.0   2.30776e-10
       18200.0   2.20718e-10
       18400.0   2.14033e-10
       18600.0   2.06740e-10
       18800.0   1.97369e-10
       19000.0   1.91947e-10
       19200.0   1.84278e-10
       19400.0   1.77110e-10
       19600.0   1.71396e-10
       19800.0   1.65624e-10
       20000.0   1.59975e-10
       20200.0   1.54641e-10
       20400.0   1.49358e-10
       20600.0   1.43703e-10
       20800.0   1.38573e-10
       21000.0   1.33396e-10
       21200.0   1.28318e-10
       21400.0   1.24518e-10
       21600.0   1.19458e-10
       21800.0   1.16177e-10
       22000.0   1.12944e-10
       22200.0   1.09722e-10
       22400.0   1.06130e-10
       22600.0   1.02959e-10
       22800.0   9.98390e-11
       23000.0   9.67737e-11
       23200.0   9.37084e-11
       23400.0   9.10669e-11
       23600.0   8.88493e-11
       23800.0   8.58351e-11
       24000.0   8.32448e-11
       24200.0   8.11331e-11
       24400.0   7.85428e-11
       24600.0   7.60584e-11
       24800.0   7.39430e-11
       25000.0   7.14586e-11
       25200.0   6.97671e-11
       25400.0   6.77065e-11
       25600.0   6.56459e-11
