       229.000       0.00000
       234.000       0.00000
       243.000       0.00000
       252.000       0.00000
       256.000       0.00000
       260.000       0.00000
       266.000       0.00000
       275.000       0.00000
       283.000       0.00000
       293.000       0.00000
       301.000       0.00000
       309.000       0.00000
       325.000       0.00000
       342.000       0.00000
       351.000       0.00000
       356.000       0.00000
       365.000       0.00000
       375.000       0.00000
       384.000       0.00000
       400.000       0.00000
       415.000       0.00000
       425.000       0.00000
       445.000       0.00000
       472.000       0.00000
       494.000       0.00000
       506.000       0.00000
       516.000       0.00000
       540.000       0.00000
       564.000       0.00000
       587.000       0.00000
       612.000       0.00000
       640.000       0.00000
       671.000       0.00000
       705.000       0.00000
       736.000       0.00000
       770.000       0.00000
       810.000       0.00000
       850.000       0.00000
       890.000       0.00000
       920.000   3.01520e-21
       940.000   1.01899e-20
       962.000   2.16861e-20
       987.000   4.86537e-20
       1012.00   9.90271e-20
       1037.00   1.86360e-19
       1062.00   3.60762e-19
       1087.00   6.71353e-19
       1112.00   1.09916e-17
       1120.00   1.35240e-17
       1140.00   1.95683e-17
       1160.00   3.09266e-17
       1180.00   4.46507e-17
       1200.00   6.27701e-17
       1220.00   9.27958e-17
       1240.00   1.41486e-16
       1260.00   2.03239e-16
       1280.00   2.78325e-16
       1300.00   3.85036e-16
       1320.00   5.11198e-16
       1340.00   6.59388e-16
       1360.00   8.56827e-16
       1380.00   1.13103e-15
       1400.00   1.49086e-15
       1420.00   1.94095e-15
       1440.00   2.52361e-15
       1460.00   3.28838e-15
       1480.00   4.20199e-15
       1500.00   5.44861e-15
       1520.00   4.43251e-14
       1540.00   7.96820e-14
       1560.00   8.29056e-14
       1580.00   1.06074e-13
       1600.00   1.37414e-13
       1620.00   1.68779e-13
       1640.00   1.96492e-13
       1660.00   2.14992e-13
       1680.00   2.76434e-12
       1700.00   4.21480e-12
       1720.00   5.26164e-12
       1740.00   6.93490e-12
       1760.00   6.83354e-12
       1780.00   9.46729e-12
       1800.00   8.97040e-12
       1820.00   7.28579e-12
       1840.00   7.58583e-12
       1860.00   9.75964e-12
       1880.00   1.12543e-11
       1900.00   1.31336e-11
       1920.00   1.57033e-11
       1940.00   1.39313e-11
       1960.00   1.40659e-11
       1980.00   1.98705e-11
       2000.00   2.08665e-11
       2002.50   2.20327e-11
       2005.00   2.73462e-11
       2007.50   2.92076e-11
       2010.00   3.01798e-11
       2012.50   3.04202e-11
       2015.00   3.05416e-11
       2017.50   3.00378e-11
       2020.00   2.98607e-11
       2022.50   2.99401e-11
       2025.00   2.99302e-11
       2027.50   2.99171e-11
       2030.00   3.11845e-11
       2032.50   3.31421e-11
       2035.00   3.64235e-11
       2037.50   3.85585e-11
       2040.00   3.99306e-11
       2042.50   4.08564e-11
       2045.00   4.13759e-11
       2047.50   4.21773e-11
       2050.00   4.27956e-11
       2052.50   4.29713e-11
       2055.00   4.29859e-11
       2057.50   4.25066e-11
       2060.00   4.31688e-11
       2062.50   4.45263e-11
       2065.00   4.70876e-11
       2067.50   4.96526e-11
       2070.00   5.07649e-11
       2072.50   5.22029e-11
       2075.00   5.43324e-11
       2077.50   5.71169e-11
       2080.00   6.02051e-11
       2082.50   6.41642e-11
       2085.00   6.87013e-11
       2087.50   6.83940e-11
       2090.00   6.88294e-11
       2092.50   7.03735e-11
       2095.00   7.15114e-11
       2097.50   7.17859e-11
       2100.00   7.20639e-11
       2102.50   7.09553e-11
       2105.00   7.81818e-11
       2107.50   7.55729e-11
       2110.00   7.38422e-11
       2112.50   7.96161e-11
       2115.00   8.80611e-11
       2117.50   1.00246e-10
       2120.00   9.83209e-11
       2122.50   7.79915e-11
       2125.00   7.10650e-11
       2127.50   8.16103e-11
       2130.00   8.43582e-11
       2132.50   8.18591e-11
       2135.00   8.34727e-11
       2137.50   8.76659e-11
       2140.00   9.77281e-11
       2142.50   1.12983e-10
       2145.00   1.14358e-10
       2147.50   1.04731e-10
       2150.00   1.02642e-10
       2152.50   1.05712e-10
       2155.00   1.00977e-10
       2157.50   8.75378e-11
       2160.00   8.96820e-11
       2162.50   9.90637e-11
       2165.00   8.95649e-11
       2167.50   8.02564e-11
       2170.00   8.65023e-11
       2172.50   9.06699e-11
       2175.00   8.76147e-11
       2177.50   9.90454e-11
       2180.00   1.23831e-10
       2182.50   1.30714e-10
       2185.00   1.15796e-10
       2187.50   1.04058e-10
       2190.00   1.11215e-10
       2192.50   1.25094e-10
       2195.00   1.27139e-10
       2197.50   1.25218e-10
       2200.00   1.29020e-10
       2202.50   1.39214e-10
       2205.00   1.34336e-10
       2207.50   1.06601e-10
       2210.00   9.10029e-11
       2212.50   9.86209e-11
       2215.00   1.01394e-10
       2217.50   1.03213e-10
       2220.00   1.22112e-10
       2222.50   1.33418e-10
       2225.00   1.28563e-10
       2227.50   1.27337e-10
       2230.00   1.39843e-10
       2232.50   1.68102e-10
       2235.00   1.83023e-10
       2237.50   1.68929e-10
       2240.00   1.52748e-10
       2242.50   1.41120e-10
       2245.00   1.44984e-10
       2247.50   1.55467e-10
       2250.00   1.48032e-10
       2252.50   1.37158e-10
       2255.00   1.31746e-10
       2257.50   1.28398e-10
       2260.00   1.23839e-10
       2262.50   1.13766e-10
       2265.00   9.88002e-11
       2267.50   8.71573e-11
       2270.00   8.45192e-11
       2272.50   9.00150e-11
       2275.00   9.89283e-11
       2277.50   1.10366e-10
       2280.00   1.28336e-10
       2282.50   1.41058e-10
       2285.00   1.36631e-10
       2287.50   1.24589e-10
       2290.00   1.19166e-10
       2292.50   1.23919e-10
       2295.00   1.25028e-10
       2297.50   1.11029e-10
       2300.00   1.04666e-10
       2302.50   1.19517e-10
       2305.00   1.45291e-10
       2307.50   1.49975e-10
       2310.00   1.20538e-10
       2312.50   1.08347e-10
       2315.00   1.26814e-10
       2317.50   1.31018e-10
       2320.00   1.25288e-10
       2322.50   1.37260e-10
       2325.00   1.36484e-10
       2327.50   1.25028e-10
       2330.00   1.18764e-10
       2332.50   1.13184e-10
       2335.00   1.14435e-10
       2337.50   1.06627e-10
       2340.00   1.01040e-10
       2342.50   9.40582e-11
       2345.00   8.42411e-11
       2347.50   9.43619e-11
       2350.00   1.19982e-10
       2352.50   1.37293e-10
       2355.00   1.40074e-10
       2357.50   1.30915e-10
       2360.00   1.16737e-10
       2362.50   1.15028e-10
       2365.00   1.13297e-10
       2367.50   1.16513e-10
       2370.00   1.32167e-10
       2372.50   1.29935e-10
       2375.00   1.22865e-10
       2377.50   1.19993e-10
       2380.00   9.85697e-11
       2382.50   8.69487e-11
       2385.00   1.00216e-10
       2387.50   1.10710e-10
       2390.00   1.21105e-10
       2392.50   1.21431e-10
       2395.00   1.02796e-10
       2397.50   9.71098e-11
       2400.00   1.07037e-10
       2402.50   1.09697e-10
       2405.00   9.13212e-11
       2407.50   9.72122e-11
       2410.00   9.62426e-11
       2412.50   9.79623e-11
       2415.00   1.20246e-10
       2417.50   1.46488e-10
       2420.00   1.67139e-10
       2422.50   1.70711e-10
       2425.00   1.65456e-10
       2427.50   1.73089e-10
       2430.00   1.68014e-10
       2432.50   1.57772e-10
       2435.00   1.47216e-10
       2437.50   1.49646e-10
       2440.00   1.57395e-10
       2442.50   1.62277e-10
       2445.00   1.50158e-10
       2447.50   1.33363e-10
       2450.00   1.21735e-10
       2452.50   1.16177e-10
       2455.00   1.18292e-10
       2457.50   1.22851e-10
       2460.00   1.17337e-10
       2462.50   1.09495e-10
       2465.00   1.18028e-10
       2467.50   1.29287e-10
       2470.00   1.33187e-10
       2472.50   1.32803e-10
       2475.00   1.39587e-10
       2477.50   1.32130e-10
       2480.00   1.21954e-10
       2482.50   1.08914e-10
       2485.00   1.06513e-10
       2487.50   1.02576e-10
       2490.00   8.98869e-11
       2492.50   1.16993e-10
       2495.00   1.50399e-10
       2497.50   1.56049e-10
       2500.00   1.47501e-10
       2502.50   1.44164e-10
       2505.00   1.32031e-10
       2507.50   1.28493e-10
       2510.00   1.34300e-10
       2512.50   1.16287e-10
       2515.00   9.69049e-11
       2517.50   9.66451e-11
       2520.00   1.05357e-10
       2522.50   1.00641e-10
       2525.00   1.01237e-10
       2527.50   9.93162e-11
       2530.00   1.08789e-10
       2532.50   1.27359e-10
       2535.00   1.28116e-10
       2537.50   1.28416e-10
       2540.00   1.33564e-10
       2542.50   1.40776e-10
       2545.00   1.43989e-10
       2547.50   1.35244e-10
       2550.00   1.50549e-10
       2552.50   1.89529e-10
       2555.00   1.98614e-10
       2557.50   2.01062e-10
       2560.00   2.11442e-10
       2562.50   1.93810e-10
       2565.00   2.17355e-10
       2567.50   2.70374e-10
       2570.00   3.01710e-10
       2572.50   3.04579e-10
       2575.00   2.48054e-10
       2577.50   2.59610e-10
       2580.00   3.46167e-10
       2582.50   3.26726e-10
       2585.00   2.36624e-10
       2587.50   2.67231e-10
       2590.00   3.30729e-10
       2592.50   2.74831e-10
       2595.00   2.39357e-10
       2597.50   1.89642e-10
       2600.00   1.74871e-10
       2602.50   2.37363e-10
       2605.00   2.15069e-10
       2607.50   1.88387e-10
       2610.00   1.99097e-10
       2612.50   1.74560e-10
       2615.00   2.06470e-10
       2617.50   2.40400e-10
       2620.00   2.58764e-10
       2622.50   2.73997e-10
       2625.00   2.58278e-10
       2627.50   2.23009e-10
       2630.00   1.99642e-10
       2632.50   2.34136e-10
       2635.00   3.47667e-10
       2637.50   4.79182e-10
       2640.00   5.64364e-10
       2642.50   6.07101e-10
       2645.00   6.12919e-10
       2647.50   5.07320e-10
       2650.00   4.56533e-10
       2652.50   5.34397e-10
       2655.00   6.20785e-10
       2657.50   6.14858e-10
       2660.00   5.70804e-10
       2662.50   5.25286e-10
       2665.00   5.27591e-10
       2667.50   5.36738e-10
       2670.00   5.35201e-10
       2672.50   5.39263e-10
       2675.00   5.97441e-10
       2677.50   5.47606e-10
       2680.00   5.28140e-10
       2682.50   5.42556e-10
       2685.00   5.48337e-10
       2687.50   5.23163e-10
       2690.00   4.96014e-10
       2692.50   5.22944e-10
       2695.00   4.91586e-10
       2697.50   5.13430e-10
       2700.00   5.93892e-10
       2702.50   6.23676e-10
       2705.00   6.23347e-10
       2707.50   5.75268e-10
       2710.00   5.53789e-10
       2712.50   5.49289e-10
       2715.00   4.97441e-10
       2717.50   4.07832e-10
       2720.00   3.38801e-10
       2722.50   3.84963e-10
       2725.00   4.21114e-10
       2727.50   4.98355e-10
       2730.00   5.63083e-10
       2732.50   4.91294e-10
       2735.00   4.04722e-10
       2737.50   3.40598e-10
       2740.00   2.98797e-10
       2742.50   2.78047e-10
       2745.00   2.85435e-10
       2747.50   2.73847e-10
       2750.00   3.13938e-10
       2752.50   3.85914e-10
       2755.00   3.55131e-10
       2757.50   4.54886e-10
       2760.00   5.29530e-10
       2762.50   5.15809e-10
       2765.00   5.54484e-10
       2767.50   5.25908e-10
       2770.00   5.23200e-10
       2772.50   5.56643e-10
       2775.00   5.23749e-10
       2777.50   4.32640e-10
       2780.00   3.70913e-10
       2782.50   3.60375e-10
       2785.00   3.62965e-10
       2787.50   3.23810e-10
       2790.00   2.48826e-10
       2792.50   1.95537e-10
       2795.00   1.73813e-10
       2797.50   1.62774e-10
       2800.00   1.68182e-10
       2802.50   1.78416e-10
       2805.00   2.06474e-10
       2807.50   2.83166e-10
       2810.00   3.49138e-10
       2812.50   4.10393e-10
       2815.00   4.84561e-10
       2817.50   5.31433e-10
       2820.00   5.78231e-10
       2822.50   6.15114e-10
       2825.00   6.31836e-10
       2827.50   6.33665e-10
       2830.00   6.90489e-10
       2832.50   6.99417e-10
       2835.00   6.50606e-10
       2837.50   6.51924e-10
       2840.00   6.78049e-10
       2842.50   6.07247e-10
       2845.00   5.29420e-10
       2847.50   3.94220e-10
       2850.00   2.32672e-10
       2852.50   1.97344e-10
       2855.00   3.04758e-10
       2857.50   4.68571e-10
       2860.00   6.35421e-10
       2862.50   7.12882e-10
       2865.00   7.35897e-10
       2867.50   6.96563e-10
       2870.00   7.38825e-10
       2872.50   8.20420e-10
       2875.00   7.53570e-10
       2877.50   6.62864e-10
       2880.00   4.70840e-10
       2882.50   5.03222e-10
       2885.00   7.57046e-10
       2887.50   8.35349e-10
       2890.00   8.33007e-10
       2892.50   8.61291e-10
       2895.00   9.72708e-10
       2897.50   1.10333e-09
       2900.00   1.21881e-09
       2902.50   1.27747e-09
       2905.00   1.27216e-09
       2907.50   1.18731e-09
       2910.00   1.19419e-09
       2912.50   1.24055e-09
       2915.00   1.15222e-09
       2917.50   1.12269e-09
       2920.00   1.14377e-09
       2922.50   1.05851e-09
       2925.00   9.59060e-10
       2927.50   9.80392e-10
       2930.00   1.16568e-09
       2932.50   1.25518e-09
       2935.00   1.11995e-09
       2937.50   9.48522e-10
       2940.00   1.01076e-09
       2942.50   1.10374e-09
       2945.00   1.09638e-09
       2947.50   9.37069e-10
       2950.00   1.02156e-09
       2952.50   1.14124e-09
       2955.00   1.12013e-09
       2957.50   1.17410e-09
       2960.00   1.23114e-09
       2962.50   1.22170e-09
       2965.00   9.65792e-10
       2967.50   7.97808e-10
       2970.00   8.52949e-10
       2972.50   9.33008e-10
       2975.00   1.14442e-09
       2977.50   1.32163e-09
       2980.00   1.10805e-09
       2982.50   7.89502e-10
       2985.00   7.04028e-10
       2987.50   9.25141e-10
       2990.00   1.16631e-09
       2992.50   1.06451e-09
       2995.00   9.54706e-10
       2997.50   1.01534e-09
       3000.00   7.14968e-10
       3002.50   7.45191e-10
       3005.00   8.94808e-10
       3007.50   8.38020e-10
       3010.00   9.49949e-10
       3012.50   1.05225e-09
       3015.00   1.01570e-09
       3017.50   8.00771e-10
       3020.00   6.25066e-10
       3022.50   8.46619e-10
       3025.00   1.02576e-09
       3027.50   1.20436e-09
       3030.00   1.25365e-09
       3032.50   1.33736e-09
       3035.00   1.32024e-09
       3037.50   1.10421e-09
       3040.00   1.07545e-09
       3042.50   1.16506e-09
       3045.00   1.24834e-09
       3047.50   1.12719e-09
       3050.00   1.29287e-09
       3052.50   1.34680e-09
       3055.00   1.11848e-09
       3057.50   8.78342e-10
       3060.00   1.00692e-09
       3062.50   1.15130e-09
       3065.00   1.01460e-09
       3067.50   1.08343e-09
       3070.00   1.23773e-09
       3072.50   1.18939e-09
       3075.00   1.16356e-09
       3077.50   1.19624e-09
       3080.00   1.14717e-09
       3082.50   1.14139e-09
       3085.00   1.26243e-09
       3087.50   1.14614e-09
       3090.00   9.74867e-10
       3092.50   8.48265e-10
       3095.00   9.09883e-10
       3097.50   8.74427e-10
       3100.00   8.69707e-10
       3102.50   9.58255e-10
       3105.00   1.04768e-09
       3107.50   1.13842e-09
       3110.00   1.22833e-09
       3112.50   1.30004e-09
       3115.00   1.29968e-09
       3117.50   1.27125e-09
       3120.00   1.22408e-09
       3122.50   1.20776e-09
       3125.00   1.20553e-09
       3127.50   1.22430e-09
       3130.00   1.24139e-09
       3132.50   1.25529e-09
       3135.00   1.25811e-09
       3137.50   1.26246e-09
       3140.00   1.26777e-09
       3142.50   1.24827e-09
       3145.00   1.24607e-09
       3147.50   1.26982e-09
       3150.00   1.28193e-09
       3152.50   1.28775e-09
       3155.00   1.27995e-09
       3157.50   1.22452e-09
       3160.00   1.13729e-09
       3162.50   1.11746e-09
       3165.00   1.13561e-09
       3167.50   1.21076e-09
       3170.00   1.32251e-09
       3172.50   1.42353e-09
       3175.00   1.44516e-09
       3177.50   1.40681e-09
       3180.00   1.32847e-09
       3182.50   1.26535e-09
       3185.00   1.23912e-09
       3187.50   1.26821e-09
       3190.00   1.30264e-09
       3192.50   1.33462e-09
       3195.00   1.35130e-09
       3197.50   1.35244e-09
       3200.00   1.34322e-09
       3202.50   1.33301e-09
       3205.00   1.32284e-09
       3207.50   1.31267e-09
       3210.00   1.30246e-09
       3212.50   1.29228e-09
       3215.00   1.28208e-09
       3217.50   1.27190e-09
       3220.00   1.26173e-09
       3222.50   1.29642e-09
       3225.00   1.33111e-09
       3227.50   1.36583e-09
       3230.00   1.40052e-09
       3232.50   1.43520e-09
       3235.00   1.46993e-09
       3237.50   1.50462e-09
       3240.00   1.53930e-09
       3260.00   1.58771e-09
       3270.00   1.60842e-09
       3280.00   1.57293e-09
       3290.00   1.63791e-09
       3300.00   1.74563e-09
       3310.00   1.60004e-09
       3320.00   1.57538e-09
       3330.00   1.55098e-09
       3340.00   1.59024e-09
       3350.00   1.58171e-09
       3360.00   1.48918e-09
       3370.00   1.45504e-09
       3380.00   1.56828e-09
       3390.00   1.63210e-09
       3400.00   1.69708e-09
       3410.00   1.66049e-09
       3420.00   1.66031e-09
       3430.00   1.73415e-09
       3440.00   1.49540e-09
       3450.00   1.48398e-09
       3460.00   1.67648e-09
       3470.00   1.58618e-09
       3480.00   1.59982e-09
       3490.00   1.62609e-09
       3500.00   1.77370e-09
       3510.00   1.85679e-09
       3520.00   1.60824e-09
       3530.00   1.72061e-09
       3540.00   1.97359e-09
       3550.00   1.85551e-09
       3560.00   1.68211e-09
       3570.00   1.47081e-09
       3580.00   1.25749e-09
       3590.00   1.50158e-09
       3600.00   1.82138e-09
       3610.00   1.62229e-09
       3620.00   1.76678e-09
       3630.00   1.81237e-09
       3640.00   1.72324e-09
       3650.00   1.94435e-09
       3660.00   2.13572e-09
       3670.00   2.10275e-09
       3680.00   1.96741e-09
       3690.00   2.10517e-09
       3700.00   2.10272e-09
       3710.00   1.90279e-09
       3720.00   1.97077e-09
       3730.00   1.57834e-09
       3740.00   1.35906e-09
       3750.00   1.61340e-09
       3760.00   1.82749e-09
       3770.00   2.02844e-09
       3780.00   2.23960e-09
       3790.00   1.95786e-09
       3800.00   1.97897e-09
       3810.00   1.88716e-09
       3820.00   1.33078e-09
       3830.00   1.04219e-09
       3840.00   1.34988e-09
       3850.00   1.53213e-09
       3860.00   1.44340e-09
       3870.00   1.51490e-09
       3880.00   1.51446e-09
       3890.00   1.83371e-09
       3900.00   2.04435e-09
       3910.00   2.18929e-09
       3920.00   1.92075e-09
       3930.00   1.31384e-09
       3940.00   1.52562e-09
       3950.00   2.15292e-09
       3960.00   1.76525e-09
       3970.00   1.65753e-09
       3980.00   2.66595e-09
       3990.00   3.03905e-09
       4000.00   3.11981e-09
       4010.00   3.25471e-09
       4020.00   3.37729e-09
       4030.00   3.37078e-09
       4040.00   3.26950e-09
       4050.00   3.30184e-09
       4060.00   3.23536e-09
       4070.00   3.15746e-09
       4080.00   3.39017e-09
       4090.00   3.46606e-09
       4100.00   3.27444e-09
       4110.00   3.43305e-09
       4120.00   3.51860e-09
       4130.00   3.37074e-09
       4140.00   3.35900e-09
       4150.00   3.22998e-09
       4160.00   3.32742e-09
       4170.00   3.26573e-09
       4180.00   3.23247e-09
       4190.00   3.14597e-09
       4200.00   3.31256e-09
       4210.00   3.47945e-09
       4220.00   3.19130e-09
       4230.00   3.09163e-09
       4240.00   3.26880e-09
       4250.00   3.19716e-09
       4260.00   3.23327e-09
       4270.00   3.10305e-09
       4280.00   3.06748e-09
       4290.00   2.89353e-09
       4300.00   2.38845e-09
       4310.00   2.96009e-09
       4320.00   3.46020e-09
       4330.00   3.26631e-09
       4340.00   3.45944e-09
       4350.00   3.50488e-09
       4360.00   3.58523e-09
       4370.00   3.49482e-09
       4380.00   3.18582e-09
       4390.00   3.26705e-09
       4400.00   3.48212e-09
       4410.00   3.54476e-09
       4420.00   3.77243e-09
       4430.00   3.72852e-09
       4440.00   3.75596e-09
       4450.00   3.66083e-09
       4460.00   3.65896e-09
       4470.00   3.93781e-09
       4480.00   3.98355e-09
       4490.00   4.02709e-09
       4500.00   4.10759e-09
       4510.00   4.20163e-09
       4520.00   3.93818e-09
       4530.00   3.88366e-09
       4540.00   3.88220e-09
       4550.00   4.05490e-09
       4560.00   4.12662e-09
       4570.00   4.05234e-09
       4580.00   4.02673e-09
       4590.00   3.91915e-09
       4600.00   3.98465e-09
       4610.00   4.08637e-09
       4620.00   4.12735e-09
       4630.00   4.07905e-09
       4640.00   3.98538e-09
       4650.00   3.96526e-09
       4660.00   3.92574e-09
       4670.00   3.87927e-09
       4680.00   3.92684e-09
       4690.00   3.91549e-09
       4700.00   3.83682e-09
       4710.00   3.88146e-09
       4720.00   4.01209e-09
       4730.00   4.01831e-09
       4740.00   4.09039e-09
       4750.00   4.08307e-09
       4760.00   4.01429e-09
       4770.00   4.10503e-09
       4780.00   4.13723e-09
       4790.00   4.16906e-09
       4800.00   4.19650e-09
       4810.00   4.19724e-09
       4820.00   4.21553e-09
       4830.00   4.10613e-09
       4840.00   4.12735e-09
       4850.00   3.90781e-09
       4860.00   3.64542e-09
       4870.00   3.76621e-09
       4880.00   3.87781e-09
       4890.00   3.84707e-09
       4900.00   3.96379e-09
       4910.00   3.79145e-09
       4920.00   3.83280e-09
       4930.00   3.92062e-09
       4940.00   3.96343e-09
       4950.00   3.96269e-09
       4960.00   3.92391e-09
       4970.00   3.93708e-09
       4980.00   3.88110e-09
       4990.00   3.80938e-09
       5000.00   3.78889e-09
       5010.00   3.69632e-09
       5020.00   3.70510e-09
       5030.00   3.81999e-09
       5040.00   3.76986e-09
       5050.00   3.81231e-09
       5060.00   3.83317e-09
       5070.00   3.69303e-09
       5080.00   3.63360e-09
       5090.00   3.66741e-09
       5100.00   3.58644e-09
       5110.00   3.63291e-09
       5120.00   3.63686e-09
       5130.00   3.50898e-09
       5140.00   3.51458e-09
       5150.00   3.55925e-09
       5160.00   3.27619e-09
       5170.00   3.03126e-09
       5180.00   3.02533e-09
       5190.00   3.27206e-09
       5200.00   3.46620e-09
       5210.00   3.51070e-09
       5220.00   3.54546e-09
       5230.00   3.52146e-09
       5240.00   3.65446e-09
       5250.00   3.70181e-09
       5260.00   3.41710e-09
       5270.00   3.36953e-09
       5280.00   3.65713e-09
       5290.00   3.69851e-09
       5300.00   3.76328e-09
       5310.00   3.81450e-09
       5320.00   3.61952e-09
       5330.00   3.57444e-09
       5340.00   3.65172e-09
       5350.00   3.68937e-09
       5360.00   3.72413e-09
       5370.00   3.62753e-09
       5380.00   3.68315e-09
       5390.00   3.59570e-09
       5400.00   3.50927e-09
       5410.00   3.56163e-09
       5420.00   3.73401e-09
       5430.00   3.69046e-09
       5440.00   3.74023e-09
       5450.00   3.77828e-09
       5460.00   3.74242e-09
       5470.00   3.70291e-09
       5480.00   3.64260e-09
       5490.00   3.69046e-09
       5500.00   3.68424e-09
       5510.00   3.66375e-09
       5520.00   3.69412e-09
       5530.00   3.69156e-09
       5540.00   3.66741e-09
       5550.00   3.72596e-09
       5560.00   3.67693e-09
       5570.00   3.65666e-09
       5580.00   3.61853e-09
       5590.00   3.59504e-09
       5600.00   3.59273e-09
       5610.00   3.66083e-09
       5620.00   3.68278e-09
       5630.00   3.70437e-09
       5640.00   3.71535e-09
       5650.00   3.68863e-09
       5660.00   3.68241e-09
       5670.00   3.68681e-09
       5680.00   3.74242e-09
       5690.00   3.68827e-09
       5700.00   3.70583e-09
       5710.00   3.61487e-09
       5720.00   3.70034e-09
       5730.00   3.77828e-09
       5740.00   3.80170e-09
       5760.00   3.77535e-09
       5780.00   3.72962e-09
       5800.00   3.78267e-09
       5820.00   3.82219e-09
       5840.00   3.77938e-09
       5860.00   3.71535e-09
       5880.00   3.54001e-09
       5900.00   3.55387e-09
       5920.00   3.66229e-09
       5940.00   3.65973e-09
       5960.00   3.67546e-09
       5980.00   3.66668e-09
       6000.00   3.59617e-09
       6020.00   3.57232e-09
       6040.00   3.57579e-09
       6060.00   3.63353e-09
       6080.00   3.51406e-09
       6100.00   3.41966e-09
       6120.00   3.44451e-09
       6140.00   3.51908e-09
       6160.00   3.49628e-09
       6180.00   3.50528e-09
       6200.00   3.57751e-09
       6220.00   3.54319e-09
       6240.00   3.51205e-09
       6260.00   3.48684e-09
       6280.00   3.49251e-09
       6300.00   3.44824e-09
       6320.00   3.44293e-09
       6340.00   3.44066e-09
       6360.00   3.44348e-09
       6380.00   3.38388e-09
       6400.00   3.29818e-09
       6420.00   3.34480e-09
       6440.00   3.35314e-09
       6460.00   3.33243e-09
       6480.00   3.27242e-09
       6500.00   3.28373e-09
       6520.00   3.33646e-09
       6540.00   3.26961e-09
       6560.00   3.15713e-09
       6580.00   3.24520e-09
       6600.00   3.30418e-09
       6620.00   3.30429e-09
       6640.00   3.28443e-09
       6660.00   3.27733e-09
       6680.00   3.21322e-09
       6700.00   3.24323e-09
       6720.00   3.23368e-09
       6740.00   3.17802e-09
       6760.00   3.15442e-09
       6780.00   3.18384e-09
       6800.00   3.15801e-09
       6820.00   3.22259e-09
       6840.00   3.21340e-09
       6860.00   3.06781e-09
       6880.00   2.99408e-09
       6900.00   3.10195e-09
       6920.00   3.07030e-09
       6940.00   3.10528e-09
       6960.00   3.11037e-09
       6980.00   3.10155e-09
       7000.00   3.08388e-09
       7020.00   3.05519e-09
       7040.00   3.05998e-09
       7060.00   3.08717e-09
       7080.00   3.07414e-09
       7100.00   3.02614e-09
       7120.00   3.00480e-09
       7140.00   3.00740e-09
       7160.00   3.04886e-09
       7180.00   2.98695e-09
       7200.00   2.93206e-09
       7220.00   2.91143e-09
       7240.00   2.93558e-09
       7260.00   2.91296e-09
       7280.00   2.90341e-09
       7300.00   2.91655e-09
       7320.00   2.90883e-09
       7340.00   2.90319e-09
       7360.00   2.89961e-09
       7380.00   2.85146e-09
       7400.00   2.82204e-09
       7420.00   2.82895e-09
       7440.00   2.83162e-09
       7460.00   2.82654e-09
       7480.00   2.75413e-09
       7500.00   2.74337e-09
       7520.00   2.73850e-09
       7540.00   2.73173e-09
       7560.00   2.74245e-09
       7580.00   2.72416e-09
       7600.00   2.36569e-09
       7620.00   2.42738e-09
       7640.00   2.56232e-09
       7660.00   2.64886e-09
       7680.00   2.51505e-09
       7700.00   2.57659e-09
       7720.00   2.61154e-09
       7740.00   2.62185e-09
       7760.00   2.54604e-09
       7780.00   2.65537e-09
       7800.00   2.64359e-09
       7820.00   2.60297e-09
       7840.00   2.62738e-09
       7860.00   2.63554e-09
       7880.00   2.60608e-09
       7900.00   2.56283e-09
       7920.00   2.57981e-09
       7940.00   2.54403e-09
       7960.00   2.57491e-09
       7980.00   2.58633e-09
       8000.00   2.54066e-09
       8020.00   2.57085e-09
       8040.00   2.53243e-09
       8060.00   2.52156e-09
       8080.00   2.52270e-09
       8100.00   2.47663e-09
       8120.00   2.52972e-09
       8140.00   2.50572e-09
       8160.00   2.45025e-09
       8180.00   2.41351e-09
       8200.00   2.37871e-09
       8220.00   2.34103e-09
       8240.00   2.37363e-09
       8260.00   2.44630e-09
       8280.00   2.40392e-09
       8300.00   2.37465e-09
       8320.00   2.31062e-09
       8340.00   2.32335e-09
       8360.00   2.31227e-09
       8380.00   2.35156e-09
       8400.00   2.29653e-09
       8420.00   2.30436e-09
       8440.00   2.28267e-09
       8460.00   2.26254e-09
       8480.00   2.25493e-09
       8500.00   2.20316e-09
       8520.00   2.12130e-09
       8540.00   2.08863e-09
       8560.00   2.14527e-09
       8580.00   2.23576e-09
       8600.00   2.26561e-09
       8620.00   2.18980e-09
       8640.00   2.12043e-09
       8660.00   2.04578e-09
       8680.00   2.09653e-09
       8700.00   2.17740e-09
       8720.00   2.16455e-09
       8740.00   2.14589e-09
       8760.00   2.13755e-09
       8780.00   2.08197e-09
       8800.00   2.09675e-09
       8820.00   2.07454e-09
       8840.00   2.12741e-09
       8860.00   2.12339e-09
       8880.00   2.07180e-09
       8900.00   2.04714e-09
       8920.00   2.01713e-09
       8940.00   2.07033e-09
       8960.00   2.06517e-09
       8980.00   2.01216e-09
       9000.00   1.96788e-09
       9020.00   2.04062e-09
       9040.00   2.07205e-09
       9060.00   2.00780e-09
       9080.00   1.96810e-09
       9100.00   2.01289e-09
       9120.00   2.01607e-09
       9140.00   1.94904e-09
       9160.00   1.90758e-09
       9180.00   1.89796e-09
       9200.00   1.94070e-09
       9220.00   1.91406e-09
       9240.00   1.85526e-09
       9260.00   1.80348e-09
       9280.00   1.79445e-09
       9300.00   1.71387e-09
       9320.00   1.70023e-09
       9340.00   1.78164e-09
       9360.00   1.62394e-09
       9380.00   1.74004e-09
       9400.00   1.92269e-09
       9420.00   1.67681e-09
       9440.00   1.56181e-09
       9460.00   1.71563e-09
       9480.00   1.70107e-09
       9500.00   1.71958e-09
       9520.00   1.74772e-09
       9540.00   1.69796e-09
       9560.00   1.66060e-09
       9580.00   1.70904e-09
       9600.00   1.70802e-09
       9620.00   1.73188e-09
       9640.00   1.69386e-09
       9660.00   1.78859e-09
       9680.00   1.75533e-09
       9700.00   1.78332e-09
       9720.00   1.75603e-09
       9740.00   1.69997e-09
       9760.00   1.71387e-09
       9780.00   1.69185e-09
       9800.00   1.70337e-09
       9820.00   1.69071e-09
       9840.00   1.72266e-09
       9860.00   1.69071e-09
       9880.00   1.66689e-09
       9900.00   1.63641e-09
       9920.00   1.63996e-09
       9940.00   1.63114e-09
       9960.00   1.66909e-09
       9980.00   1.65471e-09
       10000.0   1.66466e-09
       10020.0   1.67344e-09
       10040.0   1.60645e-09
       10060.0   1.64161e-09
       10080.0   1.62851e-09
       10100.0   1.66111e-09
       10120.0   1.59518e-09
       10140.0   1.59638e-09
       10160.0   1.60297e-09
       10180.0   1.56470e-09
       10200.0   1.56287e-09
       10220.0   1.55573e-09
       10240.0   1.56327e-09
       10260.0   1.57926e-09
       10280.0   1.53440e-09
       10300.0   1.52741e-09
       10320.0   1.52148e-09
       10340.0   1.54047e-09
       10360.0   1.50055e-09
       10380.0   1.56140e-09
       10400.0   1.53806e-09
       10420.0   1.50465e-09
       10440.0   1.51914e-09
       10460.0   1.48303e-09
       10480.0   1.48248e-09
       10500.0   1.54296e-09
       10520.0   1.49115e-09
       10540.0   1.48749e-09
       10560.0   1.49379e-09
       10580.0   1.43381e-09
       10600.0   1.46268e-09
       10800.0   1.39357e-09
       11000.0   1.32276e-09
       11200.0   1.25222e-09
       11400.0   1.18401e-09
       11600.0   1.11947e-09
       11800.0   1.05968e-09
       12000.0   1.00560e-09
       12200.0   9.57779e-10
       12400.0   9.16798e-10
       12600.0   8.83355e-10
       12800.0   8.52949e-10
       13000.0   8.19908e-10
       13200.0   7.92466e-10
       13400.0   7.66304e-10
       13600.0   7.39959e-10
       13800.0   7.11236e-10
       14000.0   6.83976e-10
       14200.0   6.60815e-10
       14400.0   6.38934e-10
       14600.0   6.17090e-10
       14800.0   5.93965e-10
       15000.0   5.73328e-10
       15200.0   5.54082e-10
       15400.0   5.35384e-10
       15600.0   5.17858e-10
       15800.0   5.01978e-10
       16000.0   4.88440e-10
       16200.0   4.76438e-10
       16400.0   4.60119e-10
       16600.0   4.40873e-10
       16800.0   4.25834e-10
       17000.0   4.08966e-10
       17200.0   3.91439e-10
       17400.0   3.76108e-10
       17600.0   3.61527e-10
       17800.0   3.46800e-10
       18000.0   3.33386e-10
       18200.0   3.22449e-10
       18400.0   3.11216e-10
       18600.0   2.99291e-10
       18800.0   2.88655e-10
       19000.0   2.79313e-10
       19200.0   2.68373e-10
       19400.0   2.59624e-10
       19600.0   2.50879e-10
       19800.0   2.42130e-10
       20000.0   2.33982e-10
       20200.0   2.27121e-10
       20400.0   2.18973e-10
       20600.0   2.11168e-10
       20800.0   2.03663e-10
       21000.0   1.95515e-10
       21200.0   1.88654e-10
       21400.0   1.82694e-10
       21600.0   1.75786e-10
       21800.0   1.69825e-10
       22000.0   1.65149e-10
       22200.0   1.60132e-10
       22400.0   1.55200e-10
       22600.0   1.50184e-10
       22800.0   1.45423e-10
       23000.0   1.41047e-10
       23200.0   1.36675e-10
       23400.0   1.32598e-10
       23600.0   1.28566e-10
       23800.0   1.23934e-10
       24000.0   1.20374e-10
       24200.0   1.17117e-10
       24400.0   1.13557e-10
       24600.0   1.10000e-10
       24800.0   1.07253e-10
       25000.0   1.04080e-10
       25200.0   1.01252e-10
       25400.0   9.83758e-11
       25600.0   9.56315e-11
