       229.000       0.00000
       234.000       0.00000
       243.000       0.00000
       252.000       0.00000
       256.000       0.00000
       260.000       0.00000
       266.000       0.00000
       275.000       0.00000
       283.000       0.00000
       293.000       0.00000
       301.000       0.00000
       309.000       0.00000
       325.000       0.00000
       342.000       0.00000
       351.000       0.00000
       356.000       0.00000
       365.000       0.00000
       375.000       0.00000
       384.000       0.00000
       400.000       0.00000
       415.000       0.00000
       425.000       0.00000
       445.000       0.00000
       472.000       0.00000
       494.000       0.00000
       506.000       0.00000
       516.000       0.00000
       540.000       0.00000
       564.000       0.00000
       587.000       0.00000
       612.000       0.00000
       640.000       0.00000
       671.000       0.00000
       705.000       0.00000
       736.000       0.00000
       770.000       0.00000
       810.000       0.00000
       850.000       0.00000
       890.000       0.00000
       920.000   1.02993e-19
       940.000   3.11487e-19
       962.000   6.24570e-19
       987.000   1.32599e-18
       1012.00   2.59059e-18
       1037.00   4.70688e-18
       1062.00   8.74916e-18
       1087.00   1.55669e-17
       1112.00   5.92707e-16
       1120.00   7.41814e-16
       1140.00   1.03361e-15
       1160.00   1.60605e-15
       1180.00   2.22515e-15
       1200.00   3.01939e-15
       1220.00   4.45642e-15
       1240.00   9.17934e-15
       1260.00   1.57047e-14
       1280.00   2.12172e-14
       1300.00   2.84174e-14
       1320.00   3.67844e-14
       1340.00   4.65183e-14
       1360.00   5.88734e-14
       1380.00   7.49871e-14
       1400.00   9.63906e-14
       1420.00   1.21166e-13
       1440.00   1.51684e-13
       1460.00   1.92187e-13
       1480.00   2.36671e-13
       1500.00   2.98195e-13
       1520.00   9.48084e-13
       1540.00   1.49329e-12
       1560.00   1.49128e-12
       1580.00   1.96263e-12
       1600.00   2.47090e-12
       1620.00   2.90371e-12
       1640.00   3.22876e-12
       1660.00   3.38964e-12
       1680.00   8.12284e-11
       1700.00   1.21174e-10
       1720.00   1.47448e-10
       1740.00   1.94925e-10
       1760.00   1.86365e-10
       1780.00   2.46737e-10
       1800.00   2.10915e-10
       1820.00   1.48140e-10
       1840.00   1.72285e-10
       1860.00   2.46321e-10
       1880.00   2.76667e-10
       1900.00   3.10079e-10
       1920.00   3.55376e-10
       1940.00   2.90699e-10
       1960.00   3.04709e-10
       1980.00   4.19758e-10
       2000.00   4.14399e-10
       2002.50   4.07327e-10
       2005.00   4.00254e-10
       2007.50   3.93182e-10
       2010.00   3.86109e-10
       2012.50   3.79037e-10
       2015.00   3.71964e-10
       2017.50   3.64892e-10
       2020.00   3.57834e-10
       2022.50   3.62037e-10
       2025.00   3.66240e-10
       2027.50   3.70433e-10
       2030.00   3.74662e-10
       2032.50   3.78854e-10
       2035.00   3.83047e-10
       2037.50   3.87276e-10
       2040.00   3.91468e-10
       2042.50   3.87276e-10
       2045.00   3.83120e-10
       2047.50   3.78964e-10
       2050.00   3.74771e-10
       2052.50   3.70615e-10
       2055.00   3.66423e-10
       2057.50   3.62259e-10
       2060.00   3.58085e-10
       2062.50   3.66569e-10
       2065.00   3.75063e-10
       2067.50   3.83557e-10
       2070.00   3.92052e-10
       2072.50   4.00546e-10
       2075.00   4.09040e-10
       2077.50   4.17535e-10
       2080.00   4.26029e-10
       2082.50   4.27013e-10
       2085.00   4.27997e-10
       2087.50   4.28982e-10
       2090.00   4.29966e-10
       2092.50   4.30950e-10
       2095.00   4.31935e-10
       2097.50   4.32919e-10
       2100.00   4.33903e-10
       2102.50   4.36783e-10
       2105.00   4.39700e-10
       2107.50   4.42616e-10
       2110.00   4.45533e-10
       2112.50   4.48413e-10
       2115.00   4.51330e-10
       2117.50   4.54246e-10
       2120.00   4.57163e-10
       2122.50   4.59787e-10
       2125.00   4.62449e-10
       2127.50   4.65074e-10
       2130.00   4.67735e-10
       2132.50   4.70396e-10
       2135.00   4.73021e-10
       2137.50   4.75682e-10
       2140.00   4.78307e-10
       2142.50   4.78927e-10
       2145.00   4.79547e-10
       2147.50   4.80167e-10
       2150.00   4.80823e-10
       2152.50   4.81442e-10
       2155.00   4.82026e-10
       2157.50   4.82646e-10
       2160.00   4.83302e-10
       2162.50   4.88223e-10
       2165.00   4.93145e-10
       2167.50   4.98103e-10
       2170.00   5.03025e-10
       2172.50   5.07946e-10
       2175.00   5.12904e-10
       2177.50   5.17826e-10
       2180.00   5.22748e-10
       2182.50   5.33539e-10
       2185.00   5.44330e-10
       2187.50   5.55084e-10
       2190.00   5.65875e-10
       2192.50   5.76666e-10
       2195.00   5.87458e-10
       2197.50   5.98212e-10
       2200.00   6.09003e-10
       2202.50   6.07035e-10
       2205.00   6.05102e-10
       2207.50   6.03134e-10
       2210.00   6.01165e-10
       2212.50   5.99196e-10
       2215.00   5.97228e-10
       2217.50   5.95296e-10
       2220.00   5.93327e-10
       2222.50   5.93619e-10
       2225.00   5.93910e-10
       2227.50   5.94202e-10
       2230.00   5.94494e-10
       2232.50   5.94785e-10
       2235.00   5.95077e-10
       2237.50   5.95369e-10
       2240.00   5.95697e-10
       2242.50   5.99269e-10
       2245.00   6.02879e-10
       2247.50   6.06451e-10
       2250.00   6.10060e-10
       2252.50   6.13633e-10
       2255.00   6.17242e-10
       2257.50   6.20852e-10
       2260.00   6.24424e-10
       2262.50   6.13670e-10
       2265.00   6.02915e-10
       2267.50   5.92197e-10
       2270.00   5.81442e-10
       2272.50   5.70688e-10
       2275.00   5.59933e-10
       2277.50   5.49178e-10
       2280.00   5.38424e-10
       2282.50   5.46918e-10
       2285.00   5.55376e-10
       2287.50   5.63834e-10
       2290.00   5.72292e-10
       2292.50   5.80750e-10
       2295.00   5.89207e-10
       2297.50   5.97665e-10
       2300.00   6.06123e-10
       2302.50   6.04191e-10
       2305.00   6.02295e-10
       2307.50   6.00363e-10
       2310.00   5.98431e-10
       2312.50   5.96499e-10
       2315.00   5.94567e-10
       2317.50   5.92634e-10
       2320.00   5.90702e-10
       2322.50   5.81223e-10
       2325.00   5.71781e-10
       2327.50   5.62303e-10
       2330.00   5.52824e-10
       2332.50   5.43345e-10
       2335.00   5.33867e-10
       2337.50   5.24388e-10
       2340.00   5.14909e-10
       2342.50   5.04410e-10
       2345.00   4.93947e-10
       2347.50   4.83448e-10
       2350.00   4.72948e-10
       2352.50   4.62485e-10
       2355.00   4.51986e-10
       2357.50   4.41486e-10
       2360.00   4.31023e-10
       2362.50   4.28399e-10
       2365.00   4.25774e-10
       2367.50   4.23185e-10
       2370.00   4.20560e-10
       2372.50   4.17936e-10
       2375.00   4.15347e-10
       2377.50   4.12722e-10
       2380.00   4.10097e-10
       2382.50   3.96718e-10
       2385.00   3.83302e-10
       2387.50   3.69923e-10
       2390.00   3.56518e-10
       2392.50   3.43123e-10
       2395.00   3.29726e-10
       2397.50   3.16332e-10
       2400.00   3.02938e-10
       2402.50   3.19598e-10
       2405.00   3.36262e-10
       2407.50   3.52923e-10
       2410.00   3.69594e-10
       2412.50   3.86255e-10
       2415.00   4.02916e-10
       2417.50   4.19576e-10
       2420.00   4.36237e-10
       2422.50   4.54210e-10
       2425.00   4.72183e-10
       2427.50   4.90156e-10
       2430.00   5.08128e-10
       2432.50   5.26101e-10
       2435.00   5.44038e-10
       2437.50   5.62011e-10
       2440.00   5.79984e-10
       2442.50   5.79364e-10
       2445.00   5.78744e-10
       2447.50   5.78125e-10
       2450.00   5.77505e-10
       2452.50   5.76885e-10
       2455.00   5.76265e-10
       2457.50   5.75646e-10
       2460.00   5.75026e-10
       2462.50   5.73349e-10
       2465.00   5.71708e-10
       2467.50   5.70031e-10
       2470.00   5.68354e-10
       2472.50   5.66714e-10
       2475.00   5.65037e-10
       2477.50   5.63360e-10
       2480.00   5.61683e-10
       2482.50   5.59423e-10
       2485.00   5.57126e-10
       2487.50   5.54829e-10
       2490.00   5.52532e-10
       2492.50   5.50272e-10
       2495.00   5.47975e-10
       2497.50   5.45679e-10
       2500.00   5.43418e-10
       2502.50   5.30330e-10
       2505.00   5.17279e-10
       2507.50   5.04191e-10
       2510.00   4.91140e-10
       2512.50   4.78052e-10
       2515.00   4.65001e-10
       2517.50   4.51913e-10
       2520.00   4.38861e-10
       2522.50   4.29055e-10
       2525.00   4.19248e-10
       2527.50   4.09441e-10
       2530.00   3.99634e-10
       2532.50   3.89828e-10
       2535.00   3.80057e-10
       2537.50   3.70251e-10
       2540.00   3.60440e-10
       2542.50   3.84614e-10
       2545.00   4.08785e-10
       2547.50   4.32956e-10
       2550.00   4.57163e-10
       2552.50   4.81333e-10
       2555.00   5.05504e-10
       2557.50   5.29674e-10
       2560.00   5.53845e-10
       2562.50   5.79364e-10
       2565.00   6.04884e-10
       2567.50   6.30403e-10
       2570.00   6.55923e-10
       2572.50   6.81442e-10
       2575.00   7.06961e-10
       2577.50   7.32481e-10
       2580.00   7.58000e-10
       2582.50   7.51110e-10
       2585.00   7.44220e-10
       2587.50   7.37293e-10
       2590.00   7.30403e-10
       2592.50   7.23513e-10
       2595.00   7.16622e-10
       2597.50   7.09732e-10
       2600.00   7.02842e-10
       2602.50   6.89462e-10
       2605.00   6.76046e-10
       2607.50   6.62667e-10
       2610.00   6.49251e-10
       2612.50   6.35872e-10
       2615.00   6.22456e-10
       2617.50   6.09076e-10
       2620.00   5.95697e-10
       2622.50   6.41741e-10
       2625.00   6.87822e-10
       2627.50   7.33866e-10
       2630.00   7.79947e-10
       2632.50   8.26028e-10
       2635.00   8.72072e-10
       2637.50   9.18153e-10
       2640.00   9.64234e-10
       2642.50   1.02012e-09
       2645.00   1.07601e-09
       2647.50   1.13193e-09
       2650.00   1.18782e-09
       2652.50   1.24374e-09
       2655.00   1.29963e-09
       2657.50   1.35552e-09
       2660.00   1.41144e-09
       2662.50   1.39446e-09
       2665.00   1.37747e-09
       2667.50   1.36048e-09
       2670.00   1.34349e-09
       2672.50   1.32650e-09
       2675.00   1.30951e-09
       2677.50   1.29252e-09
       2680.00   1.27553e-09
       2682.50   1.27747e-09
       2685.00   1.27944e-09
       2687.50   1.28140e-09
       2690.00   1.28337e-09
       2692.50   1.28530e-09
       2695.00   1.28727e-09
       2697.50   1.28924e-09
       2700.00   1.29121e-09
       2702.50   1.28498e-09
       2705.00   1.27878e-09
       2707.50   1.27258e-09
       2710.00   1.26638e-09
       2712.50   1.26015e-09
       2715.00   1.25395e-09
       2717.50   1.24775e-09
       2720.00   1.24156e-09
       2722.50   1.20594e-09
       2725.00   1.17032e-09
       2727.50   1.13470e-09
       2730.00   1.09909e-09
       2732.50   1.06347e-09
       2735.00   1.02785e-09
       2737.50   9.92269e-10
       2740.00   9.56651e-10
       2742.50   9.50417e-10
       2745.00   9.44219e-10
       2747.50   9.38022e-10
       2750.00   9.31824e-10
       2752.50   9.25590e-10
       2755.00   9.19393e-10
       2757.50   9.13195e-10
       2760.00   9.06961e-10
       2762.50   9.30840e-10
       2765.00   9.54682e-10
       2767.50   9.78525e-10
       2770.00   1.00237e-09
       2772.50   1.02625e-09
       2775.00   1.05009e-09
       2777.50   1.07393e-09
       2780.00   1.09777e-09
       2782.50   1.00926e-09
       2785.00   9.20705e-10
       2787.50   8.32153e-10
       2790.00   7.43636e-10
       2792.50   6.55084e-10
       2795.00   5.66532e-10
       2797.50   4.77979e-10
       2800.00   3.89463e-10
       2802.50   4.74042e-10
       2805.00   5.58621e-10
       2807.50   6.43236e-10
       2810.00   7.27814e-10
       2812.50   8.12393e-10
       2815.00   8.96972e-10
       2817.50   9.81551e-10
       2820.00   1.06617e-09
       2822.50   1.10178e-09
       2825.00   1.13736e-09
       2827.50   1.17298e-09
       2830.00   1.20860e-09
       2832.50   1.24422e-09
       2835.00   1.27984e-09
       2837.50   1.31545e-09
       2840.00   1.35107e-09
       2842.50   1.33868e-09
       2845.00   1.32628e-09
       2847.50   1.31392e-09
       2850.00   1.30153e-09
       2852.50   1.28913e-09
       2855.00   1.27677e-09
       2857.50   1.26438e-09
       2860.00   1.25198e-09
       2862.50   1.26799e-09
       2865.00   1.28403e-09
       2867.50   1.30003e-09
       2870.00   1.31604e-09
       2872.50   1.33204e-09
       2875.00   1.34805e-09
       2877.50   1.36405e-09
       2880.00   1.38005e-09
       2882.50   1.43197e-09
       2885.00   1.48388e-09
       2887.50   1.53583e-09
       2890.00   1.58775e-09
       2892.50   1.63966e-09
       2895.00   1.69157e-09
       2897.50   1.74349e-09
       2900.00   1.79540e-09
       2902.50   1.79442e-09
       2905.00   1.79343e-09
       2907.50   1.79245e-09
       2910.00   1.79146e-09
       2912.50   1.79052e-09
       2915.00   1.78953e-09
       2917.50   1.78855e-09
       2920.00   1.78756e-09
       2922.50   1.78596e-09
       2925.00   1.78436e-09
       2927.50   1.78275e-09
       2930.00   1.78115e-09
       2932.50   1.77954e-09
       2935.00   1.77794e-09
       2937.50   1.77634e-09
       2940.00   1.77473e-09
       2942.50   1.76817e-09
       2945.00   1.76161e-09
       2947.50   1.75504e-09
       2950.00   1.74848e-09
       2952.50   1.74192e-09
       2955.00   1.73536e-09
       2957.50   1.72880e-09
       2960.00   1.72220e-09
       2962.50   1.72679e-09
       2965.00   1.73135e-09
       2967.50   1.73594e-09
       2970.00   1.74050e-09
       2972.50   1.74509e-09
       2975.00   1.74965e-09
       2977.50   1.75424e-09
       2980.00   1.75880e-09
       2982.50   1.76471e-09
       2985.00   1.77065e-09
       2987.50   1.77655e-09
       2990.00   1.78246e-09
       2992.50   1.78837e-09
       2995.00   1.79427e-09
       2997.50   1.80021e-09
       3000.00   1.80612e-09
       3002.50   1.80871e-09
       3005.00   1.81130e-09
       3007.50   1.81385e-09
       3010.00   1.81644e-09
       3012.50   1.81903e-09
       3015.00   1.82161e-09
       3017.50   1.82417e-09
       3020.00   1.82675e-09
       3022.50   1.84640e-09
       3025.00   1.86605e-09
       3027.50   1.88567e-09
       3030.00   1.90532e-09
       3032.50   1.92493e-09
       3035.00   1.94458e-09
       3037.50   1.96423e-09
       3040.00   1.98384e-09
       3042.50   1.98122e-09
       3045.00   1.97856e-09
       3047.50   1.97590e-09
       3050.00   1.97327e-09
       3052.50   1.97061e-09
       3055.00   1.96799e-09
       3057.50   1.96533e-09
       3060.00   1.96266e-09
       3062.50   1.96565e-09
       3065.00   1.96861e-09
       3067.50   1.97160e-09
       3070.00   1.97458e-09
       3072.50   1.97754e-09
       3075.00   1.98053e-09
       3077.50   1.98348e-09
       3080.00   1.98647e-09
       3082.50   1.98873e-09
       3085.00   1.99095e-09
       3087.50   1.99321e-09
       3090.00   1.99547e-09
       3092.50   1.99773e-09
       3095.00   2.00000e-09
       3097.50   2.00226e-09
       3100.00   2.00452e-09
       3102.50   2.01301e-09
       3105.00   2.02150e-09
       3107.50   2.03000e-09
       3110.00   2.03849e-09
       3112.50   2.04699e-09
       3115.00   2.05548e-09
       3117.50   2.06398e-09
       3120.00   2.07247e-09
       3122.50   2.07411e-09
       3125.00   2.07579e-09
       3127.50   2.07746e-09
       3130.00   2.07914e-09
       3132.50   2.08078e-09
       3135.00   2.08246e-09
       3137.50   2.08414e-09
       3140.00   2.08578e-09
       3142.50   2.09070e-09
       3145.00   2.09558e-09
       3147.50   2.10051e-09
       3150.00   2.10539e-09
       3152.50   2.11031e-09
       3155.00   2.11520e-09
       3157.50   2.12008e-09
       3160.00   2.12500e-09
       3162.50   2.11618e-09
       3165.00   2.10736e-09
       3167.50   2.09854e-09
       3170.00   2.08971e-09
       3172.50   2.08089e-09
       3175.00   2.07207e-09
       3177.50   2.06325e-09
       3180.00   2.05442e-09
       3182.50   2.07367e-09
       3185.00   2.09292e-09
       3187.50   2.11217e-09
       3190.00   2.13138e-09
       3192.50   2.15063e-09
       3195.00   2.16988e-09
       3197.50   2.18913e-09
       3200.00   2.20838e-09
       3202.50   2.20612e-09
       3205.00   2.20386e-09
       3207.50   2.20160e-09
       3210.00   2.19934e-09
       3212.50   2.19711e-09
       3215.00   2.19485e-09
       3217.50   2.19259e-09
       3220.00   2.19033e-09
       3222.50   2.19493e-09
       3225.00   2.19948e-09
       3227.50   2.20408e-09
       3230.00   2.20863e-09
       3232.50   2.21319e-09
       3235.00   2.21779e-09
       3237.50   2.22234e-09
       3240.00   2.22694e-09
       3260.00   2.58271e-09
       3270.00   2.34819e-09
       3280.00   2.49055e-09
       3290.00   2.61698e-09
       3300.00   2.54553e-09
       3310.00   2.52307e-09
       3320.00   2.51286e-09
       3330.00   2.47302e-09
       3340.00   2.47699e-09
       3350.00   2.39835e-09
       3360.00   2.34217e-09
       3370.00   2.37586e-09
       3380.00   2.48618e-09
       3390.00   2.56747e-09
       3400.00   2.52759e-09
       3410.00   2.52314e-09
       3420.00   2.50656e-09
       3430.00   2.40678e-09
       3440.00   2.44115e-09
       3450.00   2.53995e-09
       3460.00   2.53543e-09
       3470.00   2.49522e-09
       3480.00   2.49824e-09
       3490.00   2.56890e-09
       3500.00   2.62708e-09
       3510.00   2.59875e-09
       3520.00   2.63827e-09
       3530.00   2.79310e-09
       3540.00   2.86707e-09
       3550.00   2.71191e-09
       3560.00   2.48457e-09
       3570.00   2.40065e-09
       3580.00   2.49638e-09
       3590.00   2.65180e-09
       3600.00   2.60984e-09
       3610.00   2.54385e-09
       3620.00   2.63156e-09
       3630.00   2.67065e-09
       3640.00   2.72664e-09
       3650.00   2.89033e-09
       3660.00   2.93131e-09
       3670.00   2.86299e-09
       3680.00   2.87021e-09
       3690.00   2.90327e-09
       3700.00   2.79740e-09
       3710.00   2.70393e-09
       3720.00   2.63528e-09
       3730.00   2.52376e-09
       3740.00   2.56941e-09
       3750.00   2.76642e-09
       3760.00   2.97225e-09
       3770.00   3.15034e-09
       3780.00   3.07812e-09
       3790.00   3.01213e-09
       3800.00   3.12595e-09
       3810.00   2.81964e-09
       3820.00   2.38209e-09
       3830.00   2.51166e-09
       3840.00   2.94465e-09
       3850.00   3.17094e-09
       3860.00   3.13678e-09
       3870.00   2.96605e-09
       3880.00   2.85716e-09
       3890.00   3.10240e-09
       3900.00   3.31035e-09
       3910.00   2.96915e-09
       3920.00   2.40626e-09
       3930.00   2.56809e-09
       3940.00   3.10440e-09
       3950.00   2.92340e-09
       3960.00   2.59606e-09
       3970.00   3.25333e-09
       3980.00   3.89864e-09
       3990.00   4.00509e-09
       4000.00   4.11228e-09
       4010.00   4.17680e-09
       4020.00   4.15274e-09
       4030.00   4.13196e-09
       4040.00   4.09077e-09
       4050.00   4.13707e-09
       4060.00   4.25045e-09
       4070.00   4.39591e-09
       4080.00   4.27159e-09
       4090.00   3.97885e-09
       4100.00   4.07072e-09
       4110.00   4.22201e-09
       4120.00   4.20779e-09
       4130.00   4.26831e-09
       4140.00   4.32482e-09
       4150.00   4.31607e-09
       4160.00   4.23258e-09
       4170.00   4.17607e-09
       4180.00   4.17753e-09
       4190.00   4.18081e-09
       4200.00   4.22164e-09
       4210.00   4.19540e-09
       4220.00   4.11556e-09
       4230.00   4.10535e-09
       4240.00   4.09077e-09
       4250.00   4.04046e-09
       4260.00   3.99525e-09
       4270.00   3.94713e-09
       4280.00   3.71818e-09
       4290.00   3.34108e-09
       4300.00   3.48165e-09
       4310.00   3.94932e-09
       4320.00   3.95879e-09
       4330.00   3.68756e-09
       4340.00   3.82318e-09
       4350.00   4.09915e-09
       4360.00   4.04994e-09
       4370.00   3.94057e-09
       4380.00   3.91541e-09
       4390.00   3.96791e-09
       4400.00   4.11337e-09
       4410.00   4.21144e-09
       4420.00   4.20670e-09
       4430.00   4.22894e-09
       4440.00   4.20123e-09
       4450.00   4.17790e-09
       4460.00   4.27414e-09
       4470.00   4.31133e-09
       4480.00   4.34122e-09
       4490.00   4.44293e-09
       4500.00   4.47720e-09
       4510.00   4.31971e-09
       4520.00   4.18956e-09
       4530.00   4.22493e-09
       4540.00   4.27633e-09
       4550.00   4.37622e-09
       4560.00   4.41268e-09
       4570.00   4.32992e-09
       4580.00   4.30841e-09
       4590.00   4.34049e-09
       4600.00   4.37731e-09
       4610.00   4.39190e-09
       4620.00   4.39481e-09
       4630.00   4.35617e-09
       4640.00   4.33247e-09
       4650.00   4.31534e-09
       4660.00   4.26430e-09
       4670.00   4.29966e-09
       4680.00   4.31534e-09
       4690.00   4.26065e-09
       4700.00   4.27925e-09
       4710.00   4.36856e-09
       4720.00   4.38351e-09
       4730.00   4.37039e-09
       4740.00   4.36455e-09
       4750.00   4.35398e-09
       4760.00   4.37476e-09
       4770.00   4.39627e-09
       4780.00   4.40393e-09
       4790.00   4.41377e-09
       4800.00   4.45351e-09
       4810.00   4.47283e-09
       4820.00   4.44111e-09
       4830.00   4.41814e-09
       4840.00   4.13451e-09
       4850.00   3.74881e-09
       4860.00   3.81990e-09
       4870.00   4.03535e-09
       4880.00   4.10535e-09
       4890.00   4.16805e-09
       4900.00   4.11920e-09
       4910.00   4.03936e-09
       4920.00   4.07400e-09
       4930.00   4.13634e-09
       4940.00   4.14181e-09
       4950.00   4.11264e-09
       4960.00   4.07728e-09
       4970.00   4.04957e-09
       4980.00   4.03462e-09
       4990.00   4.02332e-09
       5000.00   3.96135e-09
       5010.00   3.98905e-09
       5020.00   4.03317e-09
       5030.00   4.00218e-09
       5040.00   3.99088e-09
       5050.00   3.95187e-09
       5060.00   3.86219e-09
       5070.00   3.86911e-09
       5080.00   3.94057e-09
       5090.00   3.87604e-09
       5100.00   3.84323e-09
       5110.00   3.83302e-09
       5120.00   3.75974e-09
       5130.00   3.72511e-09
       5140.00   3.76193e-09
       5150.00   3.67589e-09
       5160.00   3.50196e-09
       5170.00   3.53131e-09
       5180.00   3.64746e-09
       5190.00   3.71636e-09
       5200.00   3.76849e-09
       5210.00   3.76084e-09
       5220.00   3.72329e-09
       5230.00   3.77104e-09
       5240.00   3.79219e-09
       5250.00   3.67188e-09
       5260.00   3.60779e-09
       5270.00   3.70761e-09
       5280.00   3.81734e-09
       5290.00   3.82427e-09
       5300.00   3.79438e-09
       5310.00   3.73714e-09
       5320.00   3.68574e-09
       5330.00   3.72110e-09
       5340.00   3.77214e-09
       5350.00   3.76193e-09
       5360.00   3.73021e-09
       5370.00   3.74079e-09
       5380.00   3.74552e-09
       5390.00   3.70360e-09
       5400.00   3.67261e-09
       5410.00   3.72219e-09
       5420.00   3.77651e-09
       5430.00   3.80021e-09
       5440.00   3.79729e-09
       5450.00   3.78709e-09
       5460.00   3.76229e-09
       5470.00   3.73021e-09
       5480.00   3.73860e-09
       5490.00   3.72839e-09
       5500.00   3.71855e-09
       5510.00   3.73058e-09
       5520.00   3.71344e-09
       5530.00   3.70032e-09
       5540.00   3.71162e-09
       5550.00   3.70178e-09
       5560.00   3.67443e-09
       5570.00   3.65767e-09
       5580.00   3.64465e-09
       5590.00   3.64928e-09
       5600.00   3.68865e-09
       5610.00   3.59536e-09
       5620.00   3.67662e-09
       5630.00   3.55570e-09
       5640.00   3.67480e-09
       5650.00   3.48946e-09
       5660.00   3.63863e-09
       5670.00   3.50232e-09
       5680.00   3.65074e-09
       5690.00   3.49157e-09
       5700.00   3.58774e-09
       5710.00   3.54465e-09
       5720.00   3.66350e-09
       5730.00   3.51330e-09
       5740.00   3.50437e-09
       5760.00   3.51009e-09
       5780.00   3.51563e-09
       5800.00   3.49791e-09
       5820.00   3.49653e-09
       5840.00   3.46940e-09
       5860.00   3.37856e-09
       5880.00   3.33000e-09
       5900.00   3.37094e-09
       5920.00   3.39219e-09
       5940.00   3.36627e-09
       5960.00   3.35606e-09
       5980.00   3.34283e-09
       6000.00   3.32362e-09
       6020.00   3.32901e-09
       6040.00   3.33401e-09
       6060.00   3.33911e-09
       6080.00   3.36481e-09
       6100.00   3.34574e-09
       6120.00   3.25938e-09
       6140.00   3.20305e-09
       6160.00   3.19095e-09
       6180.00   3.20211e-09
       6200.00   3.21877e-09
       6220.00   3.18960e-09
       6240.00   3.14924e-09
       6260.00   3.14312e-09
       6280.00   3.15668e-09
       6300.00   3.15074e-09
       6320.00   3.15548e-09
       6340.00   3.17965e-09
       6360.00   3.16510e-09
       6380.00   3.15067e-09
       6400.00   3.13904e-09
       6420.00   3.12744e-09
       6440.00   3.10805e-09
       6460.00   3.07575e-09
       6480.00   3.06722e-09
       6500.00   3.06933e-09
       6520.00   2.94943e-09
       6540.00   2.77695e-09
       6560.00   2.78545e-09
       6580.00   2.87542e-09
       6600.00   2.92380e-09
       6620.00   2.94133e-09
       6640.00   2.94126e-09
       6660.00   2.93102e-09
       6680.00   2.93824e-09
       6700.00   2.94265e-09
       6720.00   2.93025e-09
       6740.00   2.92012e-09
       6760.00   2.91005e-09
       6780.00   2.93357e-09
       6800.00   2.95205e-09
       6820.00   2.97757e-09
       6840.00   2.96018e-09
       6860.00   2.86324e-09
       6880.00   2.87458e-09
       6900.00   2.91811e-09
       6920.00   2.84600e-09
       6940.00   2.81144e-09
       6960.00   2.80437e-09
       6980.00   2.76113e-09
       7000.00   2.74093e-09
       7020.00   2.73864e-09
       7040.00   2.72774e-09
       7060.00   2.71888e-09
       7080.00   2.69241e-09
       7100.00   2.67509e-09
       7120.00   2.65362e-09
       7140.00   2.53729e-09
       7160.00   2.38556e-09
       7180.00   2.42573e-09
       7200.00   2.55468e-09
       7220.00   2.52147e-09
       7240.00   2.45497e-09
       7260.00   2.48129e-09
       7280.00   2.50502e-09
       7300.00   2.54717e-09
       7320.00   2.57225e-09
       7340.00   2.53572e-09
       7360.00   2.48942e-09
       7380.00   2.45989e-09
       7400.00   2.43842e-09
       7420.00   2.44538e-09
       7440.00   2.44429e-09
       7460.00   2.39937e-09
       7480.00   2.36700e-09
       7500.00   2.38570e-09
       7520.00   2.41983e-09
       7540.00   2.42624e-09
       7560.00   2.12621e-09
       7580.00   1.65198e-09
       7600.00   1.69023e-09
       7620.00   2.15370e-09
       7640.00   2.39536e-09
       7660.00   2.40918e-09
       7680.00   2.33302e-09
       7700.00   2.28016e-09
       7720.00   2.27571e-09
       7740.00   2.21614e-09
       7760.00   2.17550e-09
       7780.00   2.18239e-09
       7800.00   2.18578e-09
       7820.00   2.16281e-09
       7840.00   2.16084e-09
       7860.00   2.16419e-09
       7880.00   2.13193e-09
       7900.00   2.13164e-09
       7920.00   2.10328e-09
       7940.00   2.11024e-09
       7960.00   2.11378e-09
       7980.00   2.13634e-09
       8000.00   2.11527e-09
       8020.00   2.09945e-09
       8040.00   2.11662e-09
       8060.00   2.11286e-09
       8080.00   2.10925e-09
       8100.00   2.09037e-09
       8120.00   2.11888e-09
       8140.00   2.10667e-09
       8160.00   2.07502e-09
       8180.00   2.09281e-09
       8200.00   2.05971e-09
       8220.00   2.07415e-09
       8240.00   2.10627e-09
       8260.00   2.05730e-09
       8280.00   2.03605e-09
       8300.00   2.02307e-09
       8320.00   1.96248e-09
       8340.00   1.93718e-09
       8360.00   1.94218e-09
       8380.00   1.94072e-09
       8400.00   1.90185e-09
       8420.00   1.90054e-09
       8440.00   1.92719e-09
       8460.00   1.91808e-09
       8480.00   1.87830e-09
       8500.00   1.84815e-09
       8520.00   1.81822e-09
       8540.00   1.81286e-09
       8560.00   1.82234e-09
       8580.00   1.80047e-09
       8600.00   1.79212e-09
       8620.00   1.78231e-09
       8640.00   1.75195e-09
       8660.00   1.76445e-09
       8680.00   1.78986e-09
       8700.00   1.77006e-09
       8720.00   1.74600e-09
       8740.00   1.75103e-09
       8760.00   1.74006e-09
       8780.00   1.73357e-09
       8800.00   1.74575e-09
       8820.00   1.71790e-09
       8840.00   1.69332e-09
       8860.00   1.72358e-09
       8880.00   1.72971e-09
       8900.00   1.72621e-09
       8920.00   1.71848e-09
       8940.00   1.62938e-09
       8960.00   1.53846e-09
       8980.00   1.50557e-09
       9000.00   1.57790e-09
       9020.00   1.72253e-09
       9040.00   1.70273e-09
       9060.00   1.57984e-09
       9080.00   1.62501e-09
       9100.00   1.68035e-09
       9120.00   1.62934e-09
       9140.00   1.57995e-09
       9160.00   1.61513e-09
       9180.00   1.67470e-09
       9200.00   1.68304e-09
       9220.00   1.71604e-09
       9240.00   1.71629e-09
       9260.00   1.68578e-09
       9280.00   1.62482e-09
       9300.00   1.37189e-09
       9320.00   1.18264e-09
       9340.00   1.29460e-09
       9360.00   1.54812e-09
       9380.00   1.69427e-09
       9400.00   1.59857e-09
       9420.00   1.47247e-09
       9440.00   1.52934e-09
       9460.00   1.58326e-09
       9480.00   1.51279e-09
       9500.00   1.46369e-09
       9520.00   1.45027e-09
       9540.00   1.47207e-09
       9560.00   1.50328e-09
       9580.00   1.48020e-09
       9600.00   1.44651e-09
       9620.00   1.39890e-09
       9640.00   1.40251e-09
       9660.00   1.52424e-09
       9680.00   1.57677e-09
       9700.00   1.51053e-09
       9720.00   1.44954e-09
       9740.00   1.43080e-09
       9760.00   1.42727e-09
       9780.00   1.41914e-09
       9800.00   1.38808e-09
       9820.00   1.37787e-09
       9840.00   1.37342e-09
       9860.00   1.35650e-09
       9880.00   1.36121e-09
       9900.00   1.35793e-09
       9920.00   1.34236e-09
       9940.00   1.35822e-09
       9960.00   1.37714e-09
       9980.00   1.36722e-09
       10000.0   1.35847e-09
       10020.0   1.34980e-09
       10040.0   1.33237e-09
       10060.0   1.33248e-09
       10080.0   1.33806e-09
       10100.0   1.31874e-09
       10120.0   1.28983e-09
       10140.0   1.29121e-09
       10160.0   1.28297e-09
       10180.0   1.25979e-09
       10200.0   1.25917e-09
       10220.0   1.25840e-09
       10240.0   1.24611e-09
       10260.0   1.25486e-09
       10280.0   1.24586e-09
       10300.0   1.21925e-09
       10320.0   1.21968e-09
       10340.0   1.19952e-09
       10360.0   1.17123e-09
       10380.0   1.17597e-09
       10400.0   1.17852e-09
       10420.0   1.17400e-09
       10440.0   1.17663e-09
       10460.0   1.18924e-09
       10480.0   1.20175e-09
       10500.0   1.21017e-09
       10520.0   1.23649e-09
       10540.0   1.24371e-09
       10560.0   1.19252e-09
       10580.0   1.14670e-09
       10600.0   1.15501e-09
       10800.0   1.09949e-09
       11000.0   1.04743e-09
       11200.0   9.98321e-10
       11400.0   9.51875e-10
       11600.0   9.07799e-10
       11800.0   8.65838e-10
       12000.0   8.25663e-10
       12200.0   7.87202e-10
       12400.0   7.50126e-10
       12600.0   7.13888e-10
       12800.0   6.78234e-10
       13000.0   6.53225e-10
       13200.0   6.28617e-10
       13400.0   6.04009e-10
       13600.0   5.77177e-10
       13800.0   5.53225e-10
       14000.0   5.32153e-10
       14200.0   5.13633e-10
       14400.0   4.95077e-10
       14600.0   4.77214e-10
       14800.0   4.59350e-10
       15000.0   4.41450e-10
       15200.0   4.23914e-10
       15400.0   4.07400e-10
       15600.0   3.93255e-10
       15800.0   3.79912e-10
       16000.0   3.70980e-10
       16200.0   3.63572e-10
       16400.0   3.51432e-10
       16600.0   3.35577e-10
       16800.0   3.22431e-10
       17000.0   3.10958e-10
       17200.0   2.97805e-10
       17400.0   2.84822e-10
       17600.0   2.72847e-10
       17800.0   2.62457e-10
       18000.0   2.51629e-10
       18200.0   2.41651e-10
       18400.0   2.33623e-10
       18600.0   2.25665e-10
       18800.0   2.16361e-10
       19000.0   2.09609e-10
       19200.0   2.01177e-10
       19400.0   1.93762e-10
       19600.0   1.87284e-10
       19800.0   1.80772e-10
       20000.0   1.74805e-10
       20200.0   1.69041e-10
       20400.0   1.63306e-10
       20600.0   1.57101e-10
       20800.0   1.51469e-10
       21000.0   1.45800e-10
       21200.0   1.40200e-10
       21400.0   1.36121e-10
       21600.0   1.30995e-10
       21800.0   1.27251e-10
       22000.0   1.23543e-10
       22200.0   1.20069e-10
       22400.0   1.16121e-10
       22600.0   1.12683e-10
       22800.0   1.09274e-10
       23000.0   1.05902e-10
       23200.0   1.02530e-10
       23400.0   9.96644e-11
       23600.0   9.73020e-11
       23800.0   9.39626e-11
       24000.0   9.11299e-11
       24200.0   8.88368e-11
       24400.0   8.60042e-11
       24600.0   8.32371e-11
       24800.0   8.09440e-11
       25000.0   7.81806e-11
       25200.0   7.63906e-11
       25400.0   7.41303e-11
       25600.0   7.18737e-11
