       229.000       0.00000
       234.000       0.00000
       243.000       0.00000
       252.000       0.00000
       256.000       0.00000
       260.000       0.00000
       266.000       0.00000
       275.000       0.00000
       283.000       0.00000
       293.000       0.00000
       301.000       0.00000
       309.000       0.00000
       325.000       0.00000
       342.000       0.00000
       351.000       0.00000
       356.000       0.00000
       365.000       0.00000
       375.000       0.00000
       384.000       0.00000
       400.000       0.00000
       415.000       0.00000
       425.000       0.00000
       445.000       0.00000
       472.000       0.00000
       494.000       0.00000
       506.000       0.00000
       516.000       0.00000
       540.000       0.00000
       564.000       0.00000
       587.000       0.00000
       612.000       0.00000
       640.000       0.00000
       671.000       0.00000
       705.000       0.00000
       736.000       0.00000
       770.000       0.00000
       810.000       0.00000
       850.000       0.00000
       890.000       0.00000
       920.000       0.00000
       940.000       0.00000
       962.000       0.00000
       987.000       0.00000
       1012.00       0.00000
       1037.00       0.00000
       1062.00       0.00000
       1087.00       0.00000
       1112.00       0.00000
       1120.00       0.00000
       1140.00       0.00000
       1160.00       0.00000
       1180.00       0.00000
       1200.00       0.00000
       1220.00       0.00000
       1240.00       0.00000
       1260.00       0.00000
       1280.00       0.00000
       1300.00       0.00000
       1320.00       0.00000
       1340.00       0.00000
       1360.00       0.00000
       1380.00       0.00000
       1400.00       0.00000
       1420.00       0.00000
       1440.00       0.00000
       1460.00       0.00000
       1480.00       0.00000
       1500.00       0.00000
       1520.00       0.00000
       1540.00       0.00000
       1560.00       0.00000
       1580.00       0.00000
       1600.00       0.00000
       1620.00       0.00000
       1640.00       0.00000
       1660.00       0.00000
       1680.00       0.00000
       1700.00       0.00000
       1720.00       0.00000
       1740.00       0.00000
       1760.00       0.00000
       1780.00       0.00000
       1800.00       0.00000
       1820.00       0.00000
       1840.00       0.00000
       1860.00       0.00000
       1880.00       0.00000
       1900.00       0.00000
       1920.00       0.00000
       1940.00       0.00000
       1960.00       0.00000
       1980.00       0.00000
       2000.00   2.81914e-13
       2002.50   2.60236e-13
       2005.00   3.72708e-13
       2007.50   3.71584e-13
       2010.00   4.69077e-13
       2012.50   4.96714e-13
       2015.00   4.70673e-13
       2017.50   3.68900e-13
       2020.00   3.00582e-13
       2022.50   2.21188e-13
       2025.00   1.70453e-13
       2027.50   2.19958e-13
       2030.00   2.98312e-13
       2032.50   3.57816e-13
       2035.00   3.79672e-13
       2037.50   4.37921e-13
       2040.00   3.97299e-13
       2042.50   3.73071e-13
       2045.00   4.13983e-13
       2047.50   4.55693e-13
       2050.00   5.29756e-13
       2052.50   5.32803e-13
       2055.00   5.00958e-13
       2057.50   4.84492e-13
       2060.00   4.62149e-13
       2062.50   5.78612e-13
       2065.00   6.86804e-13
       2067.50   7.38380e-13
       2070.00   7.72328e-13
       2072.50   6.80131e-13
       2075.00   7.15421e-13
       2077.50   7.85567e-13
       2080.00   9.06382e-13
       2082.50   9.99123e-13
       2085.00   9.87445e-13
       2087.50   9.57848e-13
       2090.00   8.76386e-13
       2092.50   8.28111e-13
       2095.00   7.84696e-13
       2097.50   7.17779e-13
       2100.00   6.53835e-13
       2102.50   5.54238e-13
       2105.00   4.43797e-13
       2107.50   3.10339e-13
       2110.00   2.77061e-13
       2112.50   2.30353e-13
       2115.00   3.07876e-13
       2117.50   4.30631e-13
       2120.00   5.31026e-13
       2122.50   6.26560e-13
       2125.00   7.64458e-13
       2127.50   8.69930e-13
       2130.00   9.58973e-13
       2132.50   1.01312e-12
       2135.00   1.04428e-12
       2137.50   9.95170e-13
       2140.00   8.87340e-13
       2142.50   6.64136e-13
       2145.00   4.66067e-13
       2147.50   3.02446e-13
       2150.00   2.44121e-13
       2152.50   2.56246e-13
       2155.00   2.26976e-13
       2157.50   1.99085e-13
       2160.00   2.13538e-13
       2162.50   2.09585e-13
       2165.00   3.29286e-13
       2167.50   3.67993e-13
       2170.00   3.53623e-13
       2172.50   3.11325e-13
       2175.00   2.73971e-13
       2177.50   2.42674e-13
       2180.00   2.03281e-13
       2182.50   1.24514e-13
       2185.00   9.26475e-14
       2187.50   2.03912e-14
       2190.00   4.21165e-14
       2192.50   1.25577e-13
       2195.00   2.24006e-13
       2197.50   3.10738e-13
       2200.00   3.74522e-13
       2202.50   4.27475e-13
       2205.00   4.28128e-13
       2207.50   4.00563e-13
       2210.00   3.49329e-13
       2212.50   3.13168e-13
       2215.00   2.23157e-13
       2217.50   1.83409e-13
       2220.00   1.29487e-13
       2222.50   5.07233e-14
       2225.00   4.39989e-14
       2227.50   3.72781e-14
       2230.00   3.05537e-14
       2232.50   2.38307e-14
       2235.00   1.71074e-14
       2237.50   8.25174e-14
       2240.00   1.78182e-13
       2242.50   2.75792e-13
       2245.00   4.29615e-13
       2247.50   5.26456e-13
       2250.00   6.03964e-13
       2252.50   7.26230e-13
       2255.00   8.07220e-13
       2257.50   8.71490e-13
       2260.00   8.75661e-13
       2262.50   8.06712e-13
       2265.00   7.75847e-13
       2267.50   7.71059e-13
       2270.00   8.10448e-13
       2272.50   8.59557e-13
       2275.00   8.69169e-13
       2277.50   8.61443e-13
       2280.00   7.78712e-13
       2282.50   6.67944e-13
       2285.00   5.38062e-13
       2287.50   4.31719e-13
       2290.00   3.30693e-13
       2292.50   2.65585e-13
       2295.00   2.29015e-13
       2297.50   1.85291e-13
       2300.00   1.75455e-13
       2302.50   2.00053e-13
       2305.00   2.14492e-13
       2307.50   2.45920e-13
       2310.00   2.65306e-13
       2312.50   2.91359e-13
       2315.00   3.66470e-13
       2317.50   4.83984e-13
       2320.00   6.62975e-13
       2322.50   8.40443e-13
       2325.00   1.05418e-12
       2327.50   1.18740e-12
       2330.00   1.29146e-12
       2332.50   1.31554e-12
       2335.00   1.30876e-12
       2337.50   1.21946e-12
       2340.00   1.09295e-12
       2342.50   9.30428e-13
       2345.00   7.58111e-13
       2347.50   5.59389e-13
       2350.00   4.77782e-13
       2352.50   4.55766e-13
       2355.00   5.70487e-13
       2357.50   6.52566e-13
       2360.00   7.94961e-13
       2362.50   9.15993e-13
       2365.00   9.93356e-13
       2367.50   1.06920e-12
       2370.00   1.18167e-12
       2372.50   1.24917e-12
       2375.00   1.25914e-12
       2377.50   1.33219e-12
       2380.00   1.27735e-12
       2382.50   1.18816e-12
       2385.00   1.14250e-12
       2387.50   1.11236e-12
       2390.00   1.11649e-12
       2392.50   1.07119e-12
       2395.00   9.28760e-13
       2397.50   8.36997e-13
       2400.00   6.47053e-13
       2402.50   5.11549e-13
       2405.00   3.86853e-13
       2407.50   3.08518e-13
       2410.00   1.68469e-13
       2412.50   2.92516e-13
       2415.00   4.52610e-13
       2417.50   6.71716e-13
       2420.00   8.32101e-13
       2422.50   1.02487e-12
       2425.00   1.08559e-12
       2427.50   1.10558e-12
       2430.00   1.00786e-12
       2432.50   9.32024e-13
       2435.00   7.38670e-13
       2437.50   6.26161e-13
       2440.00   5.70814e-13
       2442.50   6.14773e-13
       2445.00   6.66638e-13
       2447.50   6.96887e-13
       2450.00   9.31408e-13
       2452.50   1.24637e-12
       2455.00   1.36432e-12
       2457.50   1.49994e-12
       2460.00   1.72887e-12
       2462.50   1.77185e-12
       2465.00   1.40534e-12
       2467.50   1.36940e-12
       2470.00   1.36030e-12
       2472.50   1.24238e-12
       2475.00   1.19364e-12
       2477.50   1.55409e-12
       2480.00   1.59420e-12
       2482.50   1.32871e-12
       2485.00   1.25178e-12
       2487.50   1.25305e-12
       2490.00   1.00699e-12
       2492.50   9.70253e-13
       2495.00   1.20738e-12
       2497.50   1.38152e-12
       2500.00   1.39156e-12
       2502.50   1.48177e-12
       2505.00   1.50559e-12
       2507.50   1.39294e-12
       2510.00   1.27916e-12
       2512.50   1.09230e-12
       2515.00   8.78635e-13
       2517.50   8.01163e-13
       2520.00   7.78712e-13
       2522.50   9.22340e-13
       2525.00   1.07699e-12
       2527.50   1.38355e-12
       2530.00   1.53073e-12
       2532.50   1.63613e-12
       2535.00   1.58586e-12
       2537.50   1.52163e-12
       2540.00   1.48623e-12
       2542.50   1.45376e-12
       2545.00   1.52275e-12
       2547.50   1.59449e-12
       2550.00   1.63199e-12
       2552.50   1.69474e-12
       2555.00   1.76267e-12
       2557.50   1.91515e-12
       2560.00   2.03894e-12
       2562.50   2.18732e-12
       2565.00   2.31764e-12
       2567.50   2.43537e-12
       2570.00   1.81091e-12
       2572.50   1.20452e-12
       2575.00   8.06821e-13
       2577.50   4.18444e-13
       2580.00   2.21191e-13
       2582.50   5.15611e-13
       2585.00   1.16270e-12
       2587.50   1.58354e-12
       2590.00   2.08903e-12
       2592.50   2.22312e-12
       2595.00   2.24887e-12
       2597.50   2.61465e-12
       2600.00   2.87768e-12
       2602.50   2.99113e-12
       2605.00   3.23349e-12
       2607.50   3.56176e-12
       2610.00   3.52368e-12
       2612.50   3.38767e-12
       2615.00   3.50518e-12
       2617.50   3.57638e-12
       2620.00   3.50225e-12
       2622.50   3.66760e-12
       2625.00   4.14201e-12
       2627.50   4.19895e-12
       2630.00   4.03828e-12
       2632.50   4.28273e-12
       2635.00   4.43652e-12
       2637.50   4.05786e-12
       2640.00   3.81050e-12
       2642.50   3.88304e-12
       2645.00   3.70314e-12
       2647.50   3.42492e-12
       2650.00   3.27084e-12
       2652.50   3.17654e-12
       2655.00   3.39409e-12
       2657.50   3.80796e-12
       2660.00   4.51704e-12
       2662.50   5.04549e-12
       2665.00   5.51808e-12
       2667.50   5.71829e-12
       2670.00   5.76218e-12
       2672.50   5.44119e-12
       2675.00   5.24279e-12
       2677.50   4.96569e-12
       2680.00   4.71326e-12
       2682.50   4.49201e-12
       2685.00   4.53154e-12
       2687.50   4.62657e-12
       2690.00   4.75932e-12
       2692.50   4.93777e-12
       2695.00   5.34036e-12
       2697.50   5.44627e-12
       2700.00   5.23083e-12
       2702.50   5.30228e-12
       2705.00   5.72047e-12
       2707.50   5.84161e-12
       2710.00   5.88695e-12
       2712.50   5.92684e-12
       2715.00   5.99612e-12
       2717.50   5.53513e-12
       2720.00   5.35559e-12
       2722.50   5.43575e-12
       2725.00   5.87316e-12
       2727.50   6.28084e-12
       2730.00   6.59566e-12
       2732.50   6.87276e-12
       2735.00   6.98737e-12
       2737.50   7.14261e-12
       2740.00   7.31598e-12
       2742.50   7.33955e-12
       2745.00   7.32577e-12
       2747.50   7.48463e-12
       2750.00   7.57277e-12
       2752.50   7.41789e-12
       2755.00   7.38126e-12
       2757.50   7.57530e-12
       2760.00   7.47266e-12
       2762.50   7.17235e-12
       2765.00   7.30546e-12
       2767.50   7.40556e-12
       2770.00   7.46795e-12
       2772.50   7.54447e-12
       2775.00   7.64748e-12
       2777.50   7.79981e-12
       2780.00   7.77950e-12
       2782.50   9.50594e-12
       2785.00   1.15802e-11
       2787.50   1.82742e-11
       2790.00   2.46232e-11
       2792.50   3.25467e-11
       2795.00   3.85656e-11
       2797.50   4.25843e-11
       2800.00   4.03138e-11
       2802.50   3.52013e-11
       2805.00   2.92178e-11
       2807.50   2.17212e-11
       2810.00   1.51996e-11
       2812.50   1.08976e-11
       2815.00   9.92522e-12
       2817.50   9.26439e-12
       2820.00   9.52771e-12
       2822.50   9.38625e-12
       2825.00   9.04314e-12
       2827.50   8.42003e-12
       2830.00   8.00111e-12
       2832.50   7.92494e-12
       2835.00   8.08054e-12
       2837.50   8.64708e-12
       2840.00   8.74936e-12
       2842.50   8.65360e-12
       2845.00   7.96085e-12
       2847.50   7.12919e-12
       2850.00   6.46472e-12
       2852.50   6.26234e-12
       2855.00   6.56048e-12
       2857.50   7.43458e-12
       2860.00   8.80013e-12
       2862.50   1.01225e-11
       2865.00   1.12447e-11
       2867.50   1.16129e-11
       2870.00   1.18385e-11
       2872.50   1.16096e-11
       2875.00   1.12781e-11
       2877.50   1.08552e-11
       2880.00   1.12716e-11
       2882.50   1.18479e-11
       2885.00   1.27521e-11
       2887.50   1.38065e-11
       2890.00   1.51060e-11
       2892.50   2.53272e-10
       2895.00   1.61005e-11
       2897.50   1.60331e-11
       2900.00   1.57581e-11
       2902.50   1.57766e-11
       2905.00   1.60773e-11
       2907.50   1.70007e-11
       2910.00   1.78117e-11
       2912.50   1.87714e-11
       2915.00   1.94297e-11
       2917.50   1.98835e-11
       2920.00   1.94631e-11
       2922.50   1.90605e-11
       2925.00   1.89071e-11
       2927.50   1.87885e-11
       2930.00   1.87449e-11
       2932.50   1.87526e-11
       2935.00   1.87881e-11
       2937.50   1.85973e-11
       2940.00   1.82426e-11
       2942.50   1.82274e-11
       2945.00   1.84102e-11
       2947.50   1.89209e-11
       2950.00   1.94776e-11
       2952.50   2.02349e-11
       2955.00   2.01975e-11
       2957.50   1.97681e-11
       2960.00   1.90387e-11
       2962.50   1.84105e-11
       2965.00   1.75506e-11
       2967.50   1.73025e-11
       2970.00   1.80605e-11
       2972.50   1.87098e-11
       2975.00   1.93111e-11
       2977.50   1.97884e-11
       2980.00   2.02146e-11
       2982.50   2.06146e-11
       2985.00   2.09922e-11
       2987.50   2.12193e-11
       2990.00   2.15812e-11
       2992.50   2.23592e-11
       2995.00   2.20876e-11
       2997.50   2.15432e-11
       3000.00   2.16654e-11
       3002.50   2.20745e-11
       3005.00   2.26646e-11
       3007.50   2.30763e-11
       3010.00   2.31749e-11
       3012.50   2.28010e-11
       3015.00   2.17833e-11
       3017.50   2.11533e-11
       3020.00   2.08812e-11
       3022.50   2.24506e-11
       3025.00   2.42093e-11
       3027.50   2.73420e-11
       3030.00   2.95337e-11
       3032.50   3.05268e-11
       3035.00   3.04619e-11
       3037.50   3.00738e-11
       3040.00   2.89716e-11
       3042.50   2.80710e-11
       3045.00   2.87746e-11
       3047.50   2.94445e-11
       3050.00   3.00869e-11
       3052.50   3.02617e-11
       3055.00   2.96650e-11
       3057.50   2.84830e-11
       3060.00   2.73830e-11
       3062.50   2.69865e-11
       3065.00   2.69281e-11
       3067.50   2.84906e-11
       3070.00   3.05362e-11
       3072.50   3.30276e-11
       3075.00   3.43906e-11
       3077.50   3.55038e-11
       3080.00   3.59647e-11
       3082.50   3.62092e-11
       3085.00   3.59655e-11
       3087.50   3.54058e-11
       3090.00   3.46841e-11
       3092.50   3.47969e-11
       3095.00   3.52673e-11
       3097.50   3.72527e-11
       3100.00   3.99765e-11
       3102.50   4.40533e-11
       3105.00   4.78906e-11
       3107.50   5.15865e-11
       3110.00   5.31497e-11
       3112.50   5.35160e-11
       3115.00   5.21777e-11
       3117.50   5.09880e-11
       3120.00   4.95155e-11
       3122.50   4.89170e-11
       3125.00   5.02626e-11
       3127.50   5.18476e-11
       3130.00   5.34616e-11
       3132.50   5.60803e-11
       3135.00   5.94570e-11
       3137.50   6.07845e-11
       3140.00   6.18980e-11
       3142.50   6.27358e-11
       3145.00   6.33270e-11
       3147.50   6.34104e-11
       3150.00   6.39581e-11
       3152.50   6.49991e-11
       3155.00   6.70773e-11
       3157.50   6.92317e-11
       3160.00   7.19084e-11
       3162.50   7.53432e-11
       3165.00   7.99132e-11
       3167.50   8.52775e-11
       3170.00   9.04532e-11
       3172.50   9.30791e-11
       3175.00   9.49724e-11
       3177.50   9.43232e-11
       3180.00   9.33729e-11
       3182.50   9.21433e-11
       3185.00   9.01159e-11
       3187.50   8.68697e-11
       3190.00   8.45847e-11
       3192.50   8.24629e-11
       3195.00   8.05624e-11
       3197.50   7.95106e-11
       3200.00   8.09940e-11
       3202.50   8.11101e-11
       3205.00   8.12262e-11
       3207.50   8.13422e-11
       3210.00   8.14583e-11
       3212.50   5.09844e-12
       3215.00   8.16940e-11
       3217.50   8.18101e-11
       3220.00   8.19262e-11
       3222.50   8.23142e-11
       3225.00   8.27023e-11
       3227.50   8.30904e-11
       3230.00   8.34785e-11
       3232.50   8.38666e-11
       3235.00   8.42511e-11
       3237.50   8.46391e-11
       3240.00   8.50272e-11
       3260.00   9.36776e-11
       3270.00   1.18232e-10
       3280.00   1.05244e-10
       3290.00   1.69416e-10
       3300.00   1.39824e-10
       3310.00   1.53280e-10
       3320.00   1.52250e-10
       3330.00   1.41554e-10
       3340.00   1.72397e-10
       3350.00   1.51629e-10
       3360.00   1.07224e-10
       3370.00   1.28163e-10
       3380.00   9.73843e-11
       3390.00   1.54114e-10
       3400.00   1.80108e-10
       3410.00   1.64531e-10
       3420.00   2.06038e-10
       3430.00   1.92669e-10
       3440.00   1.40306e-10
       3450.00   1.42591e-10
       3460.00   1.74479e-10
       3470.00   1.62884e-10
       3480.00   1.50955e-10
       3490.00   1.52297e-10
       3500.00   2.00840e-10
       3510.00   1.70544e-10
       3520.00   1.82038e-10
       3530.00   2.20067e-10
       3540.00   2.61857e-10
       3550.00   2.41829e-10
       3560.00   2.20698e-10
       3570.00   1.35098e-10
       3580.00   1.42373e-10
       3590.00   1.88726e-10
       3600.00   9.36630e-11
       3610.00   1.71186e-10
       3620.00   2.33331e-10
       3630.00   2.46653e-10
       3640.00   2.28409e-10
       3650.00   2.69488e-10
       3660.00   3.31995e-10
       3670.00   3.10999e-10
       3680.00   2.98402e-10
       3690.00   2.91119e-10
       3700.00   2.88160e-10
       3710.00   2.39221e-10
       3720.00   2.42057e-10
       3730.00   1.70475e-10
       3740.00   1.71005e-10
       3750.00   1.77577e-10
       3760.00   2.19603e-10
       3770.00   2.85824e-10
       3780.00   3.47033e-10
       3790.00   2.71831e-10
       3800.00   2.59401e-10
       3810.00   2.57577e-10
       3820.00   1.75879e-10
       3830.00   1.78552e-10
       3840.00   2.32551e-10
       3850.00   2.35420e-10
       3860.00   2.39159e-10
       3870.00   2.44647e-10
       3880.00   2.33436e-10
       3890.00   2.98921e-10
       3900.00   3.54914e-10
       3910.00   3.37733e-10
       3920.00   2.87155e-10
       3930.00   1.78346e-10
       3940.00   1.93224e-10
       3950.00   3.19025e-10
       3960.00   2.65549e-10
       3970.00   2.51150e-10
       3980.00   4.70600e-10
       3990.00   5.90472e-10
       4000.00   6.74509e-10
       4010.00   7.59779e-10
       4020.00   8.16251e-10
       4030.00   7.57059e-10
       4040.00   7.39649e-10
       4050.00   7.87816e-10
       4060.00   8.16541e-10
       4070.00   7.73997e-10
       4080.00   9.25496e-10
       4090.00   9.87843e-10
       4100.00   8.39282e-10
       4110.00   8.66303e-10
       4120.00   8.60101e-10
       4130.00   8.44868e-10
       4140.00   7.57893e-10
       4150.00   8.32826e-10
       4160.00   8.72759e-10
       4170.00   8.77620e-10
       4180.00   8.70837e-10
       4190.00   8.74319e-10
       4200.00   8.73993e-10
       4210.00   9.68294e-10
       4220.00   8.17956e-10
       4230.00   8.29091e-10
       4240.00   1.15008e-09
       4250.00   1.06789e-09
       4260.00   1.06898e-09
       4270.00   1.08733e-09
       4280.00   1.02730e-09
       4290.00   9.98797e-10
       4300.00   8.68298e-10
       4310.00   1.21123e-09
       4320.00   1.46338e-09
       4330.00   1.42022e-09
       4340.00   1.63464e-09
       4350.00   1.64607e-09
       4360.00   1.70794e-09
       4370.00   1.66968e-09
       4380.00   1.46265e-09
       4390.00   1.49138e-09
       4400.00   1.55746e-09
       4410.00   1.59525e-09
       4420.00   1.71114e-09
       4430.00   1.70341e-09
       4440.00   1.86550e-09
       4450.00   1.78875e-09
       4460.00   1.75596e-09
       4470.00   2.05497e-09
       4480.00   2.19294e-09
       4490.00   2.19044e-09
       4500.00   2.34092e-09
       4510.00   2.47741e-09
       4520.00   2.14775e-09
       4530.00   2.03143e-09
       4540.00   2.20216e-09
       4550.00   2.42380e-09
       4560.00   2.52724e-09
       4570.00   2.49420e-09
       4580.00   2.45989e-09
       4590.00   2.44277e-09
       4600.00   2.52786e-09
       4610.00   2.79386e-09
       4620.00   2.81950e-09
       4630.00   2.64349e-09
       4640.00   2.44607e-09
       4650.00   2.57468e-09
       4660.00   2.61980e-09
       4670.00   2.53783e-09
       4680.00   2.56072e-09
       4690.00   2.63779e-09
       4700.00   2.62811e-09
       4710.00   2.69662e-09
       4720.00   2.71686e-09
       4730.00   2.68890e-09
       4740.00   2.75621e-09
       4750.00   2.80064e-09
       4760.00   2.61164e-09
       4770.00   2.57417e-09
       4780.00   2.54284e-09
       4790.00   2.66242e-09
       4800.00   2.79557e-09
       4810.00   2.84145e-09
       4820.00   2.81863e-09
       4830.00   2.77772e-09
       4840.00   2.77293e-09
       4850.00   2.75962e-09
       4860.00   2.68715e-09
       4870.00   2.73982e-09
       4880.00   2.74693e-09
       4890.00   2.88544e-09
       4900.00   3.04282e-09
       4910.00   2.96962e-09
       4920.00   2.98301e-09
       4930.00   3.02523e-09
       4940.00   3.14230e-09
       4950.00   3.13734e-09
       4960.00   2.88776e-09
       4970.00   2.89476e-09
       4980.00   2.89081e-09
       4990.00   2.78171e-09
       5000.00   2.75313e-09
       5010.00   2.56699e-09
       5020.00   2.64204e-09
       5030.00   2.76198e-09
       5040.00   2.79640e-09
       5050.00   2.90292e-09
       5060.00   2.84772e-09
       5070.00   2.75904e-09
       5080.00   2.67363e-09
       5090.00   2.69767e-09
       5100.00   2.64240e-09
       5110.00   2.68389e-09
       5120.00   2.62220e-09
       5130.00   2.61454e-09
       5140.00   2.67043e-09
       5150.00   2.59554e-09
       5160.00   2.46954e-09
       5170.00   2.13390e-09
       5180.00   2.16193e-09
       5190.00   2.54407e-09
       5200.00   2.54048e-09
       5210.00   2.68734e-09
       5220.00   3.02733e-09
       5230.00   3.13273e-09
       5240.00   3.21738e-09
       5250.00   3.20106e-09
       5260.00   2.96650e-09
       5270.00   3.01688e-09
       5280.00   3.42884e-09
       5290.00   3.52227e-09
       5300.00   3.63967e-09
       5310.00   3.77024e-09
       5320.00   3.55973e-09
       5330.00   3.44987e-09
       5340.00   3.53268e-09
       5350.00   3.76154e-09
       5360.00   3.95667e-09
       5370.00   3.79019e-09
       5380.00   3.73470e-09
       5390.00   3.64910e-09
       5400.00   3.39093e-09
       5410.00   3.61465e-09
       5420.00   3.84641e-09
       5430.00   3.75537e-09
       5440.00   3.76154e-09
       5450.00   3.70133e-09
       5460.00   3.55436e-09
       5470.00   3.57580e-09
       5480.00   3.54711e-09
       5490.00   3.58247e-09
       5500.00   3.68320e-09
       5510.00   3.58860e-09
       5520.00   3.66180e-09
       5530.00   3.81957e-09
       5540.00   3.81667e-09
       5550.00   4.03175e-09
       5560.00   3.94833e-09
       5570.00   3.90190e-09
       5580.00   3.89864e-09
       5590.00   3.79164e-09
       5600.00   3.70314e-09
       5610.00   3.82537e-09
       5620.00   3.76553e-09
       5630.00   3.72019e-09
       5640.00   3.76698e-09
       5650.00   3.88340e-09
       5660.00   3.82066e-09
       5670.00   3.86636e-09
       5680.00   3.95667e-09
       5690.00   4.04299e-09
       5700.00   3.90480e-09
       5710.00   3.77822e-09
       5720.00   3.98714e-09
       5730.00   4.10610e-09
       5740.00   4.22108e-09
       5760.00   4.12097e-09
       5780.00   4.22289e-09
       5800.00   4.38030e-09
       5820.00   4.51196e-09
       5840.00   4.37268e-09
       5860.00   4.18662e-09
       5880.00   3.84750e-09
       5900.00   3.81522e-09
       5920.00   4.13439e-09
       5940.00   4.23304e-09
       5960.00   4.28056e-09
       5980.00   4.43035e-09
       6000.00   4.44413e-09
       6020.00   4.62476e-09
       6040.00   4.77492e-09
       6060.00   4.77709e-09
       6080.00   4.80321e-09
       6100.00   4.80756e-09
       6120.00   4.80611e-09
       6140.00   4.56709e-09
       6160.00   4.35201e-09
       6180.00   4.18299e-09
       6200.00   3.99620e-09
       6220.00   3.85185e-09
       6240.00   3.81848e-09
       6260.00   3.93962e-09
       6280.00   4.20729e-09
       6300.00   4.37740e-09
       6320.00   4.50144e-09
       6340.00   4.61497e-09
       6360.00   4.68025e-09
       6380.00   4.86523e-09
       6400.00   4.82932e-09
       6420.00   4.91310e-09
       6440.00   4.92072e-09
       6460.00   4.89533e-09
       6480.00   4.81989e-09
       6500.00   4.86450e-09
       6520.00   5.08212e-09
       6540.00   4.92036e-09
       6560.00   4.86958e-09
       6580.00   5.01829e-09
       6600.00   5.01611e-09
       6620.00   5.02409e-09
       6640.00   4.92797e-09
       6660.00   4.86051e-09
       6680.00   4.78906e-09
       6700.00   4.72051e-09
       6720.00   4.63056e-09
       6740.00   4.67191e-09
       6760.00   4.73502e-09
       6780.00   4.79450e-09
       6800.00   4.89243e-09
       6820.00   5.07559e-09
       6840.00   5.30409e-09
       6860.00   4.98782e-09
       6880.00   4.96606e-09
       6900.00   5.26637e-09
       6920.00   5.27072e-09
       6940.00   5.21958e-09
       6960.00   5.28886e-09
       6980.00   5.24243e-09
       7000.00   5.19202e-09
       7020.00   5.31461e-09
       7040.00   5.19891e-09
       7060.00   4.97658e-09
       7080.00   4.79196e-09
       7100.00   4.66067e-09
       7120.00   4.48875e-09
       7140.00   4.42636e-09
       7160.00   4.61569e-09
       7180.00   4.65740e-09
       7200.00   4.77818e-09
       7220.00   4.94502e-09
       7240.00   4.90911e-09
       7260.00   5.00740e-09
       7280.00   5.04331e-09
       7300.00   5.16699e-09
       7320.00   5.20761e-09
       7340.00   5.20616e-09
       7360.00   5.29756e-09
       7380.00   5.41471e-09
       7400.00   5.30808e-09
       7420.00   5.38098e-09
       7440.00   5.41072e-09
       7460.00   5.45606e-09
       7480.00   5.45497e-09
       7500.00   5.49741e-09
       7520.00   5.75710e-09
       7540.00   5.98451e-09
       7560.00   6.16260e-09
       7580.00   5.79482e-09
       7600.00   4.81916e-09
       7620.00   5.76109e-09
       7640.00   5.44736e-09
       7660.00   5.42306e-09
       7680.00   4.94321e-09
       7700.00   5.15720e-09
       7720.00   5.30699e-09
       7740.00   5.35995e-09
       7760.00   5.33782e-09
       7780.00   5.43974e-09
       7800.00   5.45062e-09
       7820.00   5.44300e-09
       7840.00   5.40057e-09
       7860.00   5.38570e-09
       7880.00   5.29357e-09
       7900.00   5.23808e-09
       7920.00   5.17425e-09
       7940.00   5.19419e-09
       7960.00   5.27072e-09
       7980.00   5.29357e-09
       8000.00   5.29357e-09
       8020.00   5.34181e-09
       8040.00   5.41544e-09
       8060.00   5.38860e-09
       8080.00   5.33492e-09
       8100.00   5.16010e-09
       8120.00   5.26855e-09
       8140.00   5.31715e-09
       8160.00   5.15140e-09
       8180.00   5.24497e-09
       8200.00   5.50067e-09
       8220.00   5.50394e-09
       8240.00   5.52679e-09
       8260.00   5.51301e-09
       8280.00   5.62689e-09
       8300.00   5.52352e-09
       8320.00   5.25912e-09
       8340.00   5.14886e-09
       8360.00   5.25368e-09
       8380.00   5.17134e-09
       8400.00   5.27544e-09
       8420.00   5.23917e-09
       8440.00   5.31352e-09
       8460.00   5.33347e-09
       8480.00   5.15756e-09
       8500.00   5.22792e-09
       8520.00   4.91492e-09
       8540.00   4.92906e-09
       8560.00   5.30300e-09
       8580.00   5.42559e-09
       8600.00   5.45026e-09
       8620.00   5.53658e-09
       8640.00   5.23953e-09
       8660.00   4.98274e-09
       8680.00   5.34145e-09
       8700.00   5.61710e-09
       8720.00   5.52788e-09
       8740.00   5.47057e-09
       8760.00   5.47746e-09
       8780.00   5.49632e-09
       8800.00   5.39477e-09
       8820.00   5.44337e-09
       8840.00   5.47057e-09
       8860.00   5.36466e-09
       8880.00   5.39440e-09
       8900.00   5.31642e-09
       8920.00   5.34181e-09
       8940.00   5.22140e-09
       8960.00   5.13544e-09
       8980.00   5.25259e-09
       9000.00   5.02626e-09
       9020.00   5.38497e-09
       9040.00   5.65954e-09
       9060.00   5.32513e-09
       9080.00   5.08321e-09
       9100.00   5.20544e-09
       9120.00   5.15720e-09
       9140.00   4.92834e-09
       9160.00   4.82170e-09
       9180.00   5.03715e-09
       9200.00   5.13399e-09
       9220.00   5.22502e-09
       9240.00   5.21015e-09
       9260.00   5.14197e-09
       9280.00   5.37445e-09
       9300.00   5.30119e-09
       9320.00   4.73865e-09
       9340.00   5.30445e-09
       9360.00   4.79160e-09
       9380.00   5.21741e-09
       9400.00   5.59534e-09
       9420.00   4.49237e-09
       9440.00   4.47714e-09
       9460.00   5.01321e-09
       9480.00   5.02082e-09
       9500.00   4.94647e-09
       9520.00   5.36249e-09
       9540.00   5.31171e-09
       9560.00   5.28958e-09
       9580.00   5.20181e-09
       9600.00   4.97512e-09
       9620.00   5.01466e-09
       9640.00   4.71833e-09
       9660.00   4.87973e-09
       9680.00   4.92398e-09
       9700.00   4.80502e-09
       9720.00   4.73429e-09
       9740.00   4.75605e-09
       9760.00   4.90585e-09
       9780.00   4.93632e-09
       9800.00   4.96968e-09
       9820.00   5.01430e-09
       9840.00   5.00305e-09
       9860.00   5.01756e-09
       9880.00   4.98347e-09
       9900.00   4.95663e-09
       9920.00   4.85797e-09
       9940.00   4.91564e-09
       9960.00   4.94103e-09
       9980.00   4.89968e-09
       10000.0   4.87030e-09
       10020.0   5.01792e-09
       10040.0   4.81372e-09
       10060.0   4.92507e-09
       10080.0   4.95735e-09
       10100.0   4.85435e-09
       10120.0   4.88518e-09
       10140.0   4.84745e-09
       10160.0   4.81227e-09
       10180.0   4.73067e-09
       10200.0   4.70129e-09
       10220.0   4.85761e-09
       10240.0   4.77673e-09
       10260.0   4.88264e-09
       10280.0   4.65595e-09
       10300.0   4.85942e-09
       10320.0   4.65160e-09
       10340.0   4.64942e-09
       10360.0   4.74916e-09
       10380.0   4.77963e-09
       10400.0   4.67554e-09
       10420.0   4.78326e-09
       10440.0   4.73719e-09
       10460.0   4.80393e-09
       10480.0   4.71326e-09
       10500.0   4.73901e-09
       10520.0   4.54932e-09
       10540.0   4.75569e-09
       10560.0   4.65921e-09
       10580.0   4.70564e-09
       10600.0   4.63999e-09
       10800.0   4.48911e-09
       11000.0   4.31465e-09
       11200.0   4.12750e-09
       11400.0   3.93781e-09
       11600.0   3.75392e-09
       11800.0   3.58247e-09
       12000.0   3.42952e-09
       12200.0   3.29964e-09
       12400.0   3.19678e-09
       12600.0   3.11906e-09
       12800.0   3.06179e-09
       13000.0   3.02359e-09
       13200.0   2.98544e-09
       13400.0   2.94402e-09
       13600.0   2.91438e-09
       13800.0   2.85186e-09
       14000.0   2.75117e-09
       14200.0   2.63990e-09
       14400.0   2.59445e-09
       14600.0   2.54773e-09
       14800.0   2.52336e-09
       15000.0   2.50958e-09
       15200.0   2.49902e-09
       15400.0   2.49373e-09
       15600.0   2.46609e-09
       15800.0   2.43849e-09
       16000.0   2.43649e-09
       16200.0   2.43976e-09
       16400.0   2.40683e-09
       16600.0   2.34103e-09
       16800.0   2.27528e-09
       17000.0   2.19889e-09
       17200.0   2.13310e-09
       17400.0   2.05878e-09
       17600.0   1.98769e-09
       17800.0   1.92194e-09
       18000.0   1.86136e-09
       18200.0   1.80413e-09
       18400.0   1.73834e-09
       18600.0   1.68636e-09
       18800.0   1.62583e-09
       19000.0   1.57385e-09
       19200.0   1.51760e-09
       19400.0   1.47088e-09
       19600.0   1.42417e-09
       19800.0   1.37219e-09
       20000.0   1.32189e-09
       20200.0   1.27775e-09
       20400.0   1.23444e-09
       20600.0   1.19288e-09
       20800.0   1.15657e-09
       21000.0   1.11667e-09
       21200.0   1.07772e-09
       21400.0   1.04312e-09
       21600.0   1.01022e-09
       21800.0   9.79030e-10
       22000.0   9.47874e-10
       22200.0   9.16646e-10
       22400.0   8.88936e-10
       22600.0   8.58614e-10
       22800.0   8.09360e-10
       23000.0   7.54012e-10
       23200.0   7.03053e-10
       23400.0   6.63229e-10
       23600.0   6.27793e-10
       23800.0   6.00918e-10
       24000.0   5.86265e-10
       24200.0   5.65083e-10
       24400.0   5.51373e-10
       24600.0   5.36321e-10
       24800.0   5.23699e-10
       25000.0   5.12746e-10
       25200.0   5.01502e-10
       25400.0   4.91093e-10
       25600.0   4.86305e-10
