       229.000       0.00000
       234.000       0.00000
       243.000       0.00000
       252.000       0.00000
       256.000       0.00000
       260.000       0.00000
       266.000       0.00000
       275.000       0.00000
       283.000       0.00000
       293.000       0.00000
       301.000       0.00000
       309.000       0.00000
       325.000       0.00000
       342.000       0.00000
       351.000       0.00000
       356.000       0.00000
       365.000       0.00000
       375.000       0.00000
       384.000       0.00000
       400.000       0.00000
       415.000       0.00000
       425.000       0.00000
       445.000       0.00000
       472.000       0.00000
       494.000       0.00000
       506.000       0.00000
       516.000       0.00000
       540.000       0.00000
       564.000       0.00000
       587.000       0.00000
       612.000       0.00000
       640.000       0.00000
       671.000       0.00000
       705.000       0.00000
       736.000       0.00000
       770.000       0.00000
       810.000       0.00000
       850.000       0.00000
       890.000       0.00000
       920.000       0.00000
       940.000       0.00000
       962.000       0.00000
       987.000       0.00000
       1012.00       0.00000
       1037.00       0.00000
       1062.00       0.00000
       1087.00       0.00000
       1112.00       0.00000
       1120.00       0.00000
       1140.00       0.00000
       1160.00       0.00000
       1180.00       0.00000
       1200.00       0.00000
       1220.00       0.00000
       1240.00       0.00000
       1260.00       0.00000
       1280.00       0.00000
       1300.00       0.00000
       1320.00       0.00000
       1340.00       0.00000
       1360.00       0.00000
       1380.00       0.00000
       1400.00       0.00000
       1420.00       0.00000
       1440.00       0.00000
       1460.00       0.00000
       1480.00       0.00000
       1500.00       0.00000
       1520.00       0.00000
       1540.00       0.00000
       1560.00       0.00000
       1580.00       0.00000
       1600.00       0.00000
       1620.00       0.00000
       1640.00       0.00000
       1660.00       0.00000
       1680.00       0.00000
       1700.00       0.00000
       1720.00       0.00000
       1740.00       0.00000
       1760.00       0.00000
       1780.00       0.00000
       1800.00       0.00000
       1820.00       0.00000
       1840.00       0.00000
       1860.00       0.00000
       1880.00       0.00000
       1900.00       0.00000
       1920.00       0.00000
       1940.00       0.00000
       1960.00       0.00000
       1980.00       0.00000
       2000.00   4.24332e-12
       2002.50   4.24332e-12
       2005.00   5.10948e-12
       2007.50   4.23160e-12
       2010.00   7.54469e-12
       2012.50   8.66931e-12
       2015.00   8.07442e-12
       2017.50   7.64500e-12
       2020.00   7.39496e-12
       2022.50   3.89004e-12
       2025.00   1.48478e-12
       2027.50   3.04797e-12
       2030.00   4.27407e-12
       2032.50   4.15106e-12
       2035.00   5.64324e-12
       2037.50   8.21207e-12
       2040.00   7.08708e-12
       2042.50   5.96173e-12
       2045.00   5.87826e-12
       2047.50   6.45192e-12
       2050.00   8.23037e-12
       2052.50   9.14852e-12
       2055.00   9.73243e-12
       2057.50   8.63417e-12
       2060.00   6.58994e-12
       2062.50   7.43926e-12
       2065.00   9.33340e-12
       2067.50   1.28705e-11
       2070.00   1.46589e-11
       2072.50   1.19509e-11
       2075.00   1.09006e-11
       2077.50   1.08794e-11
       2080.00   1.37191e-11
       2082.50   1.65585e-11
       2085.00   1.75469e-11
       2087.50   1.74107e-11
       2090.00   1.55873e-11
       2092.50   1.45688e-11
       2095.00   1.37513e-11
       2097.50   1.31729e-11
       2100.00   1.25140e-11
       2102.50   1.05869e-11
       2105.00   8.88604e-12
       2107.50   7.47367e-12
       2110.00   5.32145e-12
       2112.50   1.85409e-12
       2115.00   3.40139e-12
       2117.50   6.18834e-12
       2120.00   7.16762e-12
       2122.50   8.28163e-12
       2125.00   1.09471e-11
       2127.50   1.32377e-11
       2130.00   1.51216e-11
       2132.50   1.62199e-11
       2135.00   1.72112e-11
       2137.50   1.78775e-11
       2140.00   1.77702e-11
       2142.50   1.48917e-11
       2145.00   1.07154e-11
       2147.50   5.67399e-12
       2150.00   3.40311e-12
       2152.50   3.68979e-12
       2155.00   4.45052e-12
       2157.50   4.57536e-12
       2160.00   2.40014e-12
       2162.50   1.14091e-12
       2165.00   4.69177e-12
       2167.50   6.26485e-12
       2170.00   6.28389e-12
       2172.50   5.73073e-12
       2175.00   5.15341e-12
       2177.50   4.23050e-12
       2180.00   3.53725e-12
       2182.50   3.55712e-12
       2185.00   2.94115e-12
       2187.50   2.21834e-12
       2190.00   1.49554e-12
       2192.50   7.72737e-13
       2195.00   2.23361e-12
       2197.50   3.69455e-12
       2200.00   5.68094e-12
       2202.50   7.19801e-12
       2205.00   7.08379e-12
       2207.50   7.16653e-12
       2210.00   7.36019e-12
       2212.50   6.15137e-12
       2215.00   3.84099e-12
       2217.50   4.02952e-12
       2220.00   3.55149e-12
       2222.50   1.70187e-12
       2225.00   1.87810e-13
       2227.50   2.81682e-13
       2230.00   3.75569e-13
       2232.50   4.69434e-13
       2235.00   5.63299e-13
       2237.50   6.57163e-13
       2240.00   7.22620e-13
       2242.50   2.26465e-12
       2245.00   6.02140e-12
       2247.50   7.85587e-12
       2250.00   8.94205e-12
       2252.50   1.03482e-11
       2255.00   1.19905e-11
       2257.50   1.49957e-11
       2260.00   1.60255e-11
       2262.50   1.45406e-11
       2265.00   1.33212e-11
       2267.50   1.25736e-11
       2270.00   1.29939e-11
       2272.50   1.38194e-11
       2275.00   1.48328e-11
       2277.50   1.56865e-11
       2280.00   1.47006e-11
       2282.50   1.32363e-11
       2285.00   1.12539e-11
       2287.50   8.79269e-12
       2290.00   6.26632e-12
       2292.50   5.32913e-12
       2295.00   4.69141e-12
       2297.50   3.33784e-12
       2300.00   2.72168e-12
       2302.50   2.78633e-12
       2305.00   3.21040e-12
       2307.50   4.09212e-12
       2310.00   4.07931e-12
       2312.50   4.12690e-12
       2315.00   4.90520e-12
       2317.50   5.86984e-12
       2320.00   7.81230e-12
       2322.50   1.12015e-11
       2325.00   1.57278e-11
       2327.50   1.82370e-11
       2330.00   2.06623e-11
       2332.50   2.25916e-11
       2335.00   2.34677e-11
       2337.50   2.18107e-11
       2340.00   2.03431e-11
       2342.50   1.90014e-11
       2345.00   1.59134e-11
       2347.50   1.12133e-11
       2350.00   8.48810e-12
       2352.50   6.88793e-12
       2355.00   7.31259e-12
       2357.50   8.60305e-12
       2360.00   1.26355e-11
       2362.50   1.41877e-11
       2365.00   1.44487e-11
       2367.50   1.72112e-11
       2370.00   1.99734e-11
       2372.50   1.92862e-11
       2375.00   2.00682e-11
       2377.50   2.37181e-11
       2380.00   2.30734e-11
       2382.50   2.10716e-11
       2385.00   1.97585e-11
       2387.50   1.89044e-11
       2390.00   1.88634e-11
       2392.50   1.88224e-11
       2395.00   1.90534e-11
       2397.50   1.73035e-11
       2400.00   1.12945e-11
       2402.50   9.99528e-12
       2405.00   1.05276e-11
       2407.50   6.86414e-12
       2410.00   1.15413e-12
       2412.50   2.98076e-12
       2415.00   5.10472e-12
       2417.50   7.60766e-12
       2420.00   1.11518e-11
       2422.50   1.65471e-11
       2425.00   1.81762e-11
       2427.50   1.85987e-11
       2430.00   1.88249e-11
       2432.50   1.90512e-11
       2435.00   1.48284e-11
       2437.50   1.14820e-11
       2440.00   9.45018e-12
       2442.50   1.04291e-11
       2445.00   1.21611e-11
       2447.50   1.45106e-11
       2450.00   1.68766e-11
       2452.50   1.76029e-11
       2455.00   1.88945e-11
       2457.50   2.07077e-11
       2460.00   2.24232e-11
       2462.50   2.40142e-11
       2465.00   2.54420e-11
       2467.50   2.57506e-11
       2470.00   2.26139e-11
       2472.50   2.01864e-11
       2475.00   2.14846e-11
       2477.50   2.20655e-11
       2480.00   2.18693e-11
       2482.50   2.37082e-11
       2485.00   2.58242e-11
       2487.50   2.08216e-11
       2490.00   1.59391e-11
       2492.50   1.86558e-11
       2495.00   1.85756e-11
       2497.50   1.66313e-11
       2500.00   1.69480e-11
       2502.50   1.93517e-11
       2505.00   1.93631e-11
       2507.50   1.96596e-11
       2510.00   2.10043e-11
       2512.50   2.20542e-11
       2515.00   2.21721e-11
       2517.50   1.99616e-11
       2520.00   1.64421e-11
       2522.50   1.51271e-11
       2525.00   1.39036e-11
       2527.50   1.68755e-11
       2530.00   2.06956e-11
       2532.50   2.52260e-11
       2535.00   2.79607e-11
       2537.50   2.98504e-11
       2540.00   3.03237e-11
       2542.50   2.98522e-11
       2545.00   3.12653e-11
       2547.50   3.19257e-11
       2550.00   3.14571e-11
       2552.50   3.07418e-11
       2555.00   2.95015e-11
       2557.50   2.90454e-11
       2560.00   2.91193e-11
       2562.50   3.08418e-11
       2565.00   3.25693e-11
       2567.50   3.44210e-11
       2570.00   3.50924e-11
       2572.50   3.36658e-11
       2575.00   2.89773e-11
       2577.50   2.32586e-11
       2580.00   1.90563e-11
       2582.50   1.58098e-11
       2585.00   1.53511e-11
       2587.50   1.75667e-11
       2590.00   2.26795e-11
       2592.50   2.60801e-11
       2595.00   2.69133e-11
       2597.50   2.63931e-11
       2600.00   2.55346e-11
       2602.50   2.26139e-11
       2605.00   1.66006e-11
       2607.50   1.78900e-11
       2610.00   2.10050e-11
       2612.50   2.53995e-11
       2615.00   3.09175e-11
       2617.50   4.10274e-11
       2620.00   4.59586e-11
       2622.50   4.61160e-11
       2625.00   4.16754e-11
       2627.50   3.13755e-11
       2630.00   3.30742e-11
       2632.50   3.82964e-11
       2635.00   4.74339e-11
       2637.50   5.85593e-11
       2640.00   8.01329e-11
       2642.50   8.36802e-11
       2645.00   7.30600e-11
       2647.50   6.96152e-11
       2650.00   6.71514e-11
       2652.50   6.08437e-11
       2655.00   5.74537e-11
       2657.50   6.95566e-11
       2660.00   7.39057e-11
       2662.50   7.30820e-11
       2665.00   7.31699e-11
       2667.50   7.40924e-11
       2670.00   7.24743e-11
       2672.50   7.06365e-11
       2675.00   7.37629e-11
       2677.50   7.47660e-11
       2680.00   6.60202e-11
       2682.50   6.72026e-11
       2685.00   7.39789e-11
       2687.50   7.35762e-11
       2690.00   6.75321e-11
       2692.50   7.99754e-11
       2695.00   8.69311e-11
       2697.50   7.78082e-11
       2700.00   6.91832e-11
       2702.50   6.25680e-11
       2705.00   6.20481e-11
       2707.50   6.55992e-11
       2710.00   6.87695e-11
       2712.50   7.19398e-11
       2715.00   7.82878e-11
       2717.50   7.59814e-11
       2720.00   5.47117e-11
       2722.50   4.94438e-11
       2725.00   5.03956e-11
       2727.50   5.20503e-11
       2730.00   5.45214e-11
       2732.50   6.72795e-11
       2735.00   7.30674e-11
       2737.50   6.99812e-11
       2740.00   6.83448e-11
       2742.50   6.92893e-11
       2745.00   6.87073e-11
       2747.50   6.77664e-11
       2750.00   7.09550e-11
       2752.50   7.41473e-11
       2755.00   8.55509e-11
       2757.50   9.33083e-11
       2760.00   9.55964e-11
       2762.50   9.61821e-11
       2765.00   9.63432e-11
       2767.50   9.84116e-11
       2770.00   1.01205e-10
       2772.50   1.03896e-10
       2775.00   1.08054e-10
       2777.50   1.13568e-10
       2780.00   1.10222e-10
       2782.50   9.55927e-11
       2785.00   9.69436e-11
       2787.50   1.09574e-10
       2790.00   1.65428e-10
       2792.50   2.23668e-10
       2795.00   3.09366e-10
       2797.50   3.94532e-10
       2800.00   4.79135e-10
       2802.50   4.47359e-10
       2805.00   3.99694e-10
       2807.50   3.19514e-10
       2810.00   2.31872e-10
       2812.50   1.47006e-10
       2815.00   1.03390e-10
       2817.50   8.72825e-11
       2820.00   8.58951e-11
       2822.50   9.81004e-11
       2825.00   9.87338e-11
       2827.50   9.97258e-11
       2830.00   1.03621e-10
       2832.50   1.05591e-10
       2835.00   1.01446e-10
       2837.50   1.02526e-10
       2840.00   1.07707e-10
       2842.50   1.16251e-10
       2845.00   1.24938e-10
       2847.50   1.28614e-10
       2850.00   1.33018e-10
       2852.50   1.41050e-10
       2855.00   1.39179e-10
       2857.50   1.32641e-10
       2860.00   1.30415e-10
       2862.50   1.31067e-10
       2865.00   1.31579e-10
       2867.50   1.32831e-10
       2870.00   1.35196e-10
       2872.50   1.41899e-10
       2875.00   1.57824e-10
       2877.50   1.53654e-10
       2880.00   1.41668e-10
       2882.50   1.38106e-10
       2885.00   1.39285e-10
       2887.50   1.31100e-10
       2890.00   1.27556e-10
       2892.50   1.32963e-10
       2895.00   1.39186e-10
       2897.50   1.47522e-10
       2900.00   1.44615e-10
       2902.50   1.37418e-10
       2905.00   1.41698e-10
       2907.50   1.45981e-10
       2910.00   1.58322e-10
       2912.50   1.72178e-10
       2915.00   1.88312e-10
       2917.50   1.95341e-10
       2920.00   2.00089e-10
       2922.50   1.92507e-10
       2925.00   1.82959e-10
       2927.50   1.94187e-10
       2930.00   2.03233e-10
       2932.50   2.09493e-10
       2935.00   2.18532e-10
       2937.50   2.32502e-10
       2940.00   2.11108e-10
       2942.50   1.80719e-10
       2945.00   1.61770e-10
       2947.50   1.43100e-10
       2950.00   1.27658e-10
       2952.50   1.34735e-10
       2955.00   1.66207e-10
       2957.50   1.71995e-10
       2960.00   1.74283e-10
       2962.50   1.69963e-10
       2965.00   1.59435e-10
       2967.50   1.30679e-10
       2970.00   1.23778e-10
       2972.50   1.31451e-10
       2975.00   1.35489e-10
       2977.50   1.36174e-10
       2980.00   1.50136e-10
       2982.50   1.65226e-10
       2985.00   1.75898e-10
       2987.50   1.86961e-10
       2990.00   2.00059e-10
       2992.50   2.06316e-10
       2995.00   2.07191e-10
       2997.50   1.99840e-10
       3000.00   1.92148e-10
       3002.50   1.87828e-10
       3005.00   1.86199e-10
       3007.50   1.90303e-10
       3010.00   1.91116e-10
       3012.50   1.90380e-10
       3015.00   1.81740e-10
       3017.50   1.67829e-10
       3020.00   1.59669e-10
       3022.50   1.56594e-10
       3025.00   1.64326e-10
       3027.50   1.78339e-10
       3030.00   2.12254e-10
       3032.50   2.39981e-10
       3035.00   2.63180e-10
       3037.50   2.61108e-10
       3040.00   2.59036e-10
       3042.50   2.41255e-10
       3045.00   2.28065e-10
       3047.50   2.24203e-10
       3050.00   2.24433e-10
       3052.50   2.25960e-10
       3055.00   2.16819e-10
       3057.50   2.01388e-10
       3060.00   1.71365e-10
       3062.50   1.54804e-10
       3065.00   1.52823e-10
       3067.50   1.59490e-10
       3070.00   1.79130e-10
       3072.50   1.98818e-10
       3075.00   2.16610e-10
       3077.50   2.20333e-10
       3080.00   2.24778e-10
       3082.50   2.46465e-10
       3085.00   2.58362e-10
       3087.50   2.57795e-10
       3090.00   2.57045e-10
       3092.50   2.55968e-10
       3095.00   2.49452e-10
       3097.50   2.46007e-10
       3100.00   2.67701e-10
       3102.50   2.89645e-10
       3105.00   3.14476e-10
       3107.50   3.43873e-10
       3110.00   3.78241e-10
       3112.50   3.81280e-10
       3115.00   3.80108e-10
       3117.50   3.59527e-10
       3120.00   3.31569e-10
       3122.50   3.04724e-10
       3125.00   2.88151e-10
       3127.50   2.81067e-10
       3130.00   2.71893e-10
       3132.50   2.60065e-10
       3135.00   2.32414e-10
       3137.50   2.04698e-10
       3140.00   1.86320e-10
       3142.50   1.77596e-10
       3145.00   2.19557e-10
       3147.50   2.69356e-10
       3150.00   3.25316e-10
       3152.50   3.47289e-10
       3155.00   3.67845e-10
       3157.50   3.56489e-10
       3160.00   3.31067e-10
       3162.50   2.80650e-10
       3165.00   2.50001e-10
       3167.50   2.32535e-10
       3170.00   2.14297e-10
       3172.50   1.95337e-10
       3175.00   2.55987e-10
       3177.50   3.00111e-10
       3180.00   2.94415e-10
       3182.50   3.03248e-10
       3185.00   3.58107e-10
       3187.50   3.55302e-10
       3190.00   3.23054e-10
       3192.50   3.62946e-10
       3195.00   4.02842e-10
       3197.50   4.11226e-10
       3200.00   4.29823e-10
       3202.50   4.24808e-10
       3205.00   4.19829e-10
       3207.50   4.14814e-10
       3210.00   4.09798e-10
       3212.50   4.04819e-10
       3215.00   3.99804e-10
       3217.50   3.94789e-10
       3220.00   3.89810e-10
       3222.50   4.03794e-10
       3225.00   4.17779e-10
       3227.50   4.31727e-10
       3230.00   4.45748e-10
       3232.50   4.59732e-10
       3235.00   4.73680e-10
       3237.50   4.87702e-10
       3240.00   5.01649e-10
       3260.00   4.49811e-10
       3270.00   2.06067e-09
       3280.00   1.80803e-10
       3290.00   9.64018e-10
       3300.00   1.33292e-09
       3310.00   4.36925e-10
       3320.00   7.25256e-10
       3330.00   1.00667e-09
       3340.00   4.35680e-10
       3350.00   4.26089e-10
       3360.00   7.28770e-10
       3370.00   5.09703e-10
       3380.00   3.99182e-10
       3390.00   4.89386e-10
       3400.00   9.58233e-10
       3410.00   3.80438e-10
       3420.00   4.74705e-10
       3430.00   5.66740e-10
       3440.00   1.88308e-10
       3450.00   7.52163e-10
       3460.00   1.02226e-09
       3470.00   3.62701e-10
       3480.00   1.08988e-09
       3490.00   4.15509e-10
       3500.00   4.78110e-10
       3510.00   8.40170e-10
       3520.00   1.20556e-10
       3530.00   1.44227e-09
       3540.00   4.79391e-10
       3550.00   4.77744e-10
       3560.00   2.14392e-09
       3570.00   8.33617e-10
       3580.00   8.35960e-10
       3590.00   4.78952e-10
       3600.00   1.08021e-09
       3610.00   7.23901e-10
       3620.00   3.98999e-10
       3630.00   2.83674e-10
       3640.00   3.70517e-10
       3650.00   7.11637e-10
       3660.00   3.56111e-10
       3670.00   5.26470e-10
       3680.00   6.93076e-10
       3690.00   5.61651e-10
       3700.00   6.55809e-10
       3710.00   1.06722e-10
       3720.00   3.13795e-10
       3730.00   5.16439e-10
       3740.00   1.33307e-09
       3750.00   6.10634e-10
       3760.00   7.06988e-10
       3770.00   1.19641e-09
       3780.00   6.12391e-10
       3790.00   7.79583e-10
       3800.00   6.84656e-10
       3810.00   5.03407e-10
       3820.00   1.29489e-09
       3830.00   1.70179e-09
       3840.00   8.64113e-10
       3850.00   7.02888e-10
       3860.00   2.74240e-10
       3870.00   6.03349e-10
       3880.00   7.19691e-10
       3890.00   6.40140e-10
       3900.00   3.76740e-10
       3910.00   3.68906e-10
       3920.00   1.38505e-09
       3930.00   1.70249e-09
       3940.00   1.55993e-09
       3950.00   9.02112e-10
       3960.00   1.25960e-09
       3970.00   1.74946e-09
       3980.00   1.95465e-09
       3990.00   1.58999e-09
       4000.00   1.14069e-09
       4010.00   7.99791e-10
       4020.00   1.24924e-09
       4030.00   5.09813e-10
       4040.00   6.84730e-10
       4050.00   6.94065e-10
       4060.00   9.23858e-10
       4070.00   8.14508e-10
       4080.00   1.01813e-09
       4090.00   8.57377e-10
       4100.00   1.25663e-09
       4110.00   1.23954e-09
       4120.00   9.23858e-10
       4130.00   6.40543e-10
       4140.00   1.06989e-09
       4150.00   7.48026e-10
       4160.00   7.53481e-10
       4170.00   7.25805e-10
       4180.00   6.99227e-10
       4190.00   7.43194e-10
       4200.00   5.53268e-10
       4210.00   8.18864e-10
       4220.00   6.10597e-10
       4230.00   3.84575e-10
       4240.00   6.02287e-10
       4250.00   5.91121e-10
       4260.00   6.07595e-10
       4270.00   6.86816e-10
       4280.00   7.05487e-10
       4290.00   7.27672e-10
       4300.00   6.31501e-10
       4310.00   8.42550e-10
       4320.00   9.18879e-10
       4330.00   1.23430e-09
       4340.00   1.29628e-09
       4350.00   1.49481e-09
       4360.00   9.85507e-10
       4370.00   1.02504e-09
       4380.00   1.10624e-09
       4390.00   8.50860e-10
       4400.00   9.71486e-10
       4410.00   1.43162e-09
       4420.00   1.53874e-09
       4430.00   1.02471e-09
       4440.00   1.53621e-09
       4450.00   1.58794e-09
       4460.00   1.56063e-09
       4470.00   1.78145e-09
       4480.00   1.84054e-09
       4490.00   2.15043e-09
       4500.00   1.93419e-09
       4510.00   2.21157e-09
       4520.00   2.18375e-09
       4530.00   2.35409e-09
       4540.00   2.40205e-09
       4550.00   2.46121e-09
       4560.00   2.70857e-09
       4570.00   3.07411e-09
       4580.00   2.63792e-09
       4590.00   2.58531e-09
       4600.00   2.55049e-09
       4610.00   2.90190e-09
       4620.00   2.76718e-09
       4630.00   2.65497e-09
       4640.00   2.39103e-09
       4650.00   2.69572e-09
       4660.00   2.84929e-09
       4670.00   2.60021e-09
       4680.00   2.36675e-09
       4690.00   2.71395e-09
       4700.00   2.83963e-09
       4710.00   2.80851e-09
       4720.00   2.87433e-09
       4730.00   3.00887e-09
       4740.00   2.99800e-09
       4750.00   3.08055e-09
       4760.00   2.36306e-09
       4770.00   1.97120e-09
       4780.00   2.30584e-09
       4790.00   2.62419e-09
       4800.00   2.12902e-09
       4810.00   2.06404e-09
       4820.00   2.23668e-09
       4830.00   2.49880e-09
       4840.00   2.38839e-09
       4850.00   2.48672e-09
       4860.00   3.15567e-09
       4870.00   2.78182e-09
       4880.00   3.16731e-09
       4890.00   2.93203e-09
       4900.00   3.24112e-09
       4910.00   3.07506e-09
       4920.00   3.82488e-09
       4930.00   4.20195e-09
       4940.00   4.05368e-09
       4950.00   3.64173e-09
       4960.00   2.56466e-09
       4970.00   2.53043e-09
       4980.00   2.88151e-09
       4990.00   2.90102e-09
       5000.00   2.63407e-09
       5010.00   2.56027e-09
       5020.00   2.49013e-09
       5030.00   2.89063e-09
       5040.00   3.35138e-09
       5050.00   3.26140e-09
       5060.00   3.07418e-09
       5070.00   3.11727e-09
       5080.00   3.29189e-09
       5090.00   3.31261e-09
       5100.00   3.26261e-09
       5110.00   3.47234e-09
       5120.00   3.36449e-09
       5130.00   3.62097e-09
       5140.00   3.53820e-09
       5150.00   3.58528e-09
       5160.00   3.53066e-09
       5170.00   2.52977e-09
       5180.00   2.02772e-09
       5190.00   2.44605e-09
       5200.00   2.76766e-09
       5210.00   2.97966e-09
       5220.00   3.58194e-09
       5230.00   4.07675e-09
       5240.00   3.90981e-09
       5250.00   3.84392e-09
       5260.00   3.83476e-09
       5270.00   3.88712e-09
       5280.00   4.13166e-09
       5290.00   3.98340e-09
       5300.00   4.35754e-09
       5310.00   4.32312e-09
       5320.00   4.15985e-09
       5330.00   4.27151e-09
       5340.00   4.42636e-09
       5350.00   4.59696e-09
       5360.00   4.82357e-09
       5370.00   4.73314e-09
       5380.00   5.12083e-09
       5390.00   5.27202e-09
       5400.00   5.26617e-09
       5410.00   5.31595e-09
       5420.00   5.55062e-09
       5430.00   5.51803e-09
       5440.00   5.45360e-09
       5450.00   4.26894e-09
       5460.00   3.50803e-09
       5470.00   3.67442e-09
       5480.00   3.79523e-09
       5490.00   3.97351e-09
       5500.00   3.22197e-09
       5510.00   2.75012e-09
       5520.00   2.26820e-09
       5530.00   2.13228e-09
       5540.00   2.03402e-09
       5550.00   1.88077e-09
       5560.00   2.39172e-09
       5570.00   2.89820e-09
       5580.00   3.29281e-09
       5590.00   3.65417e-09
       5600.00   3.44510e-09
       5610.00   3.35892e-09
       5620.00   3.27172e-09
       5630.00   3.08893e-09
       5640.00   3.22556e-09
       5650.00   3.24060e-09
       5660.00   3.65622e-09
       5670.00   3.38184e-09
       5680.00   3.65165e-09
       5690.00   3.90066e-09
       5700.00   4.12031e-09
       5710.00   4.04563e-09
       5720.00   4.01415e-09
       5730.00   4.16314e-09
       5740.00   4.28469e-09
       5760.00   4.30738e-09
       5780.00   4.27627e-09
       5800.00   4.68079e-09
       5820.00   4.66176e-09
       5840.00   3.83147e-09
       5860.00   3.16720e-09
       5880.00   2.47684e-09
       5900.00   2.05214e-09
       5920.00   2.18620e-09
       5940.00   2.49844e-09
       5960.00   2.86368e-09
       5980.00   2.68196e-09
       6000.00   2.86039e-09
       6020.00   3.09746e-09
       6040.00   3.47918e-09
       6060.00   3.80401e-09
       6080.00   3.65253e-09
       6100.00   3.92592e-09
       6120.00   3.62251e-09
       6140.00   3.03322e-09
       6160.00   2.65655e-09
       6180.00   2.29108e-09
       6200.00   2.16347e-09
       6220.00   1.99133e-09
       6240.00   2.06276e-09
       6260.00   2.21801e-09
       6280.00   2.62437e-09
       6300.00   3.10025e-09
       6320.00   3.67442e-09
       6340.00   4.52667e-09
       6360.00   4.63320e-09
       6380.00   4.53106e-09
       6400.00   5.01503e-09
       6420.00   5.50632e-09
       6440.00   5.80175e-09
       6460.00   6.11073e-09
       6480.00   6.49622e-09
       6500.00   6.84473e-09
       6520.00   8.17253e-09
       6540.00   8.62721e-09
       6560.00   8.97609e-09
       6580.00   7.85074e-09
       6600.00   6.53978e-09
       6620.00   6.16454e-09
       6640.00   5.60663e-09
       6660.00   5.15671e-09
       6680.00   4.63540e-09
       6700.00   4.44210e-09
       6720.00   4.15143e-09
       6740.00   4.13788e-09
       6760.00   4.29677e-09
       6780.00   4.28249e-09
       6800.00   4.22721e-09
       6820.00   4.59989e-09
       6840.00   4.73204e-09
       6860.00   4.82283e-09
       6880.00   4.80563e-09
       6900.00   5.25079e-09
       6920.00   5.95770e-09
       6940.00   6.75138e-09
       6960.00   7.34554e-09
       6980.00   7.77057e-09
       7000.00   8.37022e-09
       7020.00   9.36158e-09
       7040.00   1.04723e-08
       7060.00   8.86078e-09
       7080.00   6.46217e-09
       7100.00   5.89401e-09
       7120.00   5.60223e-09
       7140.00   5.28337e-09
       7160.00   5.53634e-09
       7180.00   6.12391e-09
       7200.00   6.47865e-09
       7220.00   6.87219e-09
       7240.00   8.17217e-09
       7260.00   9.45823e-09
       7280.00   1.07373e-08
       7300.00   1.21252e-08
       7320.00   1.36854e-08
       7340.00   1.47207e-08
       7360.00   1.61466e-08
       7380.00   1.71424e-08
       7400.00   1.75250e-08
       7420.00   1.80928e-08
       7440.00   1.81480e-08
       7460.00   1.86602e-08
       7480.00   1.94704e-08
       7500.00   2.00751e-08
       7520.00   2.05474e-08
       7540.00   2.06722e-08
       7560.00   2.08263e-08
       7580.00   2.16914e-08
       7600.00   2.04650e-08
       7620.00   1.92002e-08
       7640.00   1.53328e-08
       7660.00   1.10902e-08
       7680.00   8.48664e-09
       7700.00   9.13644e-09
       7720.00   1.04071e-08
       7740.00   1.14995e-08
       7760.00   1.14102e-08
       7780.00   1.17100e-08
       7800.00   1.24345e-08
       7820.00   1.33102e-08
       7840.00   1.35972e-08
       7860.00   1.41233e-08
       7880.00   1.48899e-08
       7900.00   1.48375e-08
       7920.00   1.51648e-08
       7940.00   1.54928e-08
       7960.00   1.61503e-08
       7980.00   1.71530e-08
       8000.00   1.79910e-08
       8020.00   1.88352e-08
       8040.00   2.00363e-08
       8060.00   2.12927e-08
       8080.00   2.23130e-08
       8100.00   2.32707e-08
       8120.00   2.42240e-08
       8140.00   2.49587e-08
       8160.00   2.37217e-08
       8180.00   2.18463e-08
       8200.00   2.12268e-08
       8220.00   2.40172e-08
       8240.00   2.44554e-08
       8260.00   2.52403e-08
       8280.00   2.36829e-08
       8300.00   2.20798e-08
       8320.00   2.20136e-08
       8340.00   2.17533e-08
       8360.00   2.19008e-08
       8380.00   2.20593e-08
       8400.00   2.23511e-08
       8420.00   2.14150e-08
       8440.00   1.90779e-08
       8460.00   1.69055e-08
       8480.00   1.64655e-08
       8500.00   1.76406e-08
       8520.00   1.67910e-08
       8540.00   1.84094e-08
       8560.00   1.89095e-08
       8580.00   1.94257e-08
       8600.00   2.00199e-08
       8620.00   2.04756e-08
       8640.00   2.04485e-08
       8660.00   2.09398e-08
       8680.00   2.00927e-08
       8700.00   1.95813e-08
       8720.00   1.94323e-08
       8740.00   2.10098e-08
       8760.00   2.14736e-08
       8780.00   2.15995e-08
       8800.00   2.28515e-08
       8820.00   2.22427e-08
       8840.00   2.19286e-08
       8860.00   2.16925e-08
       8880.00   1.97940e-08
       8900.00   2.03307e-08
       8920.00   2.13491e-08
       8940.00   2.15010e-08
       8960.00   2.14930e-08
       8980.00   2.25521e-08
       9000.00   2.25103e-08
       9020.00   2.31828e-08
       9040.00   2.38920e-08
       9060.00   2.31202e-08
       9080.00   2.25495e-08
       9100.00   2.31616e-08
       9120.00   2.38231e-08
       9140.00   2.32616e-08
       9160.00   2.37543e-08
       9180.00   2.43887e-08
       9200.00   2.48654e-08
       9220.00   2.47848e-08
       9240.00   2.31133e-08
       9260.00   2.25565e-08
       9280.00   2.40889e-08
       9300.00   2.34929e-08
       9320.00   2.37056e-08
       9340.00   2.51502e-08
       9360.00   2.29054e-08
       9380.00   2.23925e-08
       9400.00   2.32206e-08
       9420.00   2.22347e-08
       9440.00   2.28504e-08
       9460.00   2.24975e-08
       9480.00   2.32886e-08
       9500.00   2.24920e-08
       9520.00   2.32799e-08
       9540.00   2.35709e-08
       9560.00   2.37777e-08
       9580.00   2.33161e-08
       9600.00   2.30701e-08
       9620.00   2.29229e-08
       9640.00   2.32275e-08
       9660.00   2.31433e-08
       9680.00   2.37122e-08
       9700.00   2.26853e-08
       9720.00   2.38455e-08
       9740.00   2.33029e-08
       9760.00   2.31580e-08
       9780.00   2.32011e-08
       9800.00   2.32070e-08
       9820.00   2.37799e-08
       9840.00   2.34021e-08
       9860.00   2.26183e-08
       9880.00   2.23624e-08
       9900.00   1.96680e-08
       9920.00   1.74884e-08
       9940.00   1.95092e-08
       9960.00   2.01260e-08
       9980.00   2.04160e-08
       10000.0   2.07670e-08
       10020.0   2.11459e-08
       10040.0   2.09746e-08
       10060.0   2.16453e-08
       10080.0   2.20860e-08
       10100.0   2.18953e-08
       10120.0   2.18345e-08
       10140.0   2.18734e-08
       10160.0   2.14674e-08
       10180.0   2.12503e-08
       10200.0   2.02732e-08
       10220.0   2.06239e-08
       10240.0   2.04438e-08
       10260.0   1.99031e-08
       10280.0   1.99005e-08
       10300.0   2.03731e-08
       10320.0   2.03156e-08
       10340.0   2.04233e-08
       10360.0   2.10076e-08
       10380.0   2.10043e-08
       10400.0   2.11317e-08
       10420.0   2.14783e-08
       10440.0   2.15666e-08
       10460.0   2.23493e-08
       10480.0   2.07063e-08
       10500.0   2.14055e-08
       10520.0   2.16456e-08
       10540.0   2.14113e-08
       10560.0   2.10987e-08
       10580.0   2.09124e-08
       10600.0   2.03808e-08
       10800.0   1.96347e-08
       11000.0       0.00000
       11200.0       0.00000
       11400.0       0.00000
       11600.0       0.00000
       11800.0       0.00000
       12000.0       0.00000
       12200.0       0.00000
       12400.0       0.00000
       12600.0       0.00000
       12800.0       0.00000
       13000.0       0.00000
       13200.0       0.00000
       13400.0       0.00000
       13600.0       0.00000
       13800.0       0.00000
       14000.0       0.00000
       14200.0       0.00000
       14400.0       0.00000
       14600.0       0.00000
       14800.0       0.00000
       15000.0       0.00000
       15200.0       0.00000
       15400.0       0.00000
       15600.0       0.00000
       15800.0       0.00000
       16000.0       0.00000
       16200.0       0.00000
       16400.0       0.00000
       16600.0       0.00000
       16800.0       0.00000
       17000.0       0.00000
       17200.0       0.00000
       17400.0       0.00000
       17600.0       0.00000
       17800.0       0.00000
       18000.0       0.00000
       18200.0       0.00000
       18400.0       0.00000
       18600.0       0.00000
       18800.0       0.00000
       19000.0       0.00000
       19200.0       0.00000
       19400.0       0.00000
       19600.0       0.00000
       19800.0       0.00000
       20000.0       0.00000
       20200.0       0.00000
       20400.0       0.00000
       20600.0       0.00000
       20800.0       0.00000
       21000.0       0.00000
       21200.0       0.00000
       21400.0       0.00000
       21600.0       0.00000
       21800.0       0.00000
       22000.0       0.00000
       22200.0       0.00000
       22400.0       0.00000
       22600.0       0.00000
       22800.0       0.00000
       23000.0       0.00000
       23200.0       0.00000
       23400.0       0.00000
       23600.0       0.00000
       23800.0       0.00000
       24000.0       0.00000
       24200.0       0.00000
       24400.0       0.00000
       24600.0       0.00000
       24800.0       0.00000
       25000.0       0.00000
       25200.0       0.00000
       25400.0       0.00000
       25600.0       0.00000
