       229.000       0.00000
       234.000       0.00000
       243.000       0.00000
       252.000       0.00000
       256.000       0.00000
       260.000       0.00000
       266.000       0.00000
       275.000       0.00000
       283.000       0.00000
       293.000       0.00000
       301.000       0.00000
       309.000       0.00000
       325.000       0.00000
       342.000       0.00000
       351.000       0.00000
       356.000       0.00000
       365.000       0.00000
       375.000       0.00000
       384.000       0.00000
       400.000       0.00000
       415.000       0.00000
       425.000       0.00000
       445.000       0.00000
       472.000       0.00000
       494.000       0.00000
       506.000       0.00000
       516.000       0.00000
       540.000       0.00000
       564.000       0.00000
       587.000       0.00000
       612.000       0.00000
       640.000       0.00000
       671.000       0.00000
       705.000       0.00000
       736.000       0.00000
       770.000       0.00000
       810.000       0.00000
       850.000       0.00000
       890.000       0.00000
       920.000       0.00000
       940.000       0.00000
       962.000       0.00000
       987.000       0.00000
       1012.00       0.00000
       1037.00       0.00000
       1062.00       0.00000
       1087.00       0.00000
       1112.00       0.00000
       1120.00       0.00000
       1140.00       0.00000
       1160.00       0.00000
       1180.00       0.00000
       1200.00       0.00000
       1220.00       0.00000
       1240.00       0.00000
       1260.00       0.00000
       1280.00       0.00000
       1300.00       0.00000
       1320.00       0.00000
       1340.00       0.00000
       1360.00       0.00000
       1380.00       0.00000
       1400.00       0.00000
       1420.00       0.00000
       1440.00       0.00000
       1460.00       0.00000
       1480.00       0.00000
       1500.00       0.00000
       1520.00       0.00000
       1540.00       0.00000
       1560.00       0.00000
       1580.00       0.00000
       1600.00       0.00000
       1620.00       0.00000
       1640.00       0.00000
       1660.00       0.00000
       1680.00       0.00000
       1700.00       0.00000
       1720.00       0.00000
       1740.00       0.00000
       1760.00       0.00000
       1780.00       0.00000
       1800.00       0.00000
       1820.00       0.00000
       1840.00       0.00000
       1860.00       0.00000
       1880.00       0.00000
       1900.00       0.00000
       1920.00       0.00000
       1940.00       0.00000
       1960.00       0.00000
       1980.00       0.00000
       2000.00   5.36218e-13
       2002.50   5.36218e-13
       2005.00   6.45716e-13
       2007.50   5.34777e-13
       2010.00   9.53464e-13
       2012.50   1.09556e-12
       2015.00   1.02039e-12
       2017.50   9.66107e-13
       2020.00   9.34518e-13
       2022.50   4.91626e-13
       2025.00   1.87635e-13
       2027.50   3.85189e-13
       2030.00   5.40108e-13
       2032.50   5.24583e-13
       2035.00   7.13144e-13
       2037.50   1.03778e-12
       2040.00   8.95581e-13
       2042.50   7.53413e-13
       2045.00   7.42824e-13
       2047.50   8.15330e-13
       2050.00   1.04009e-12
       2052.50   1.15614e-12
       2055.00   1.22991e-12
       2057.50   1.09117e-12
       2060.00   8.32799e-13
       2062.50   9.40137e-13
       2065.00   1.17948e-12
       2067.50   1.62648e-12
       2070.00   1.85250e-12
       2072.50   1.51025e-12
       2075.00   1.37755e-12
       2077.50   1.37489e-12
       2080.00   1.73371e-12
       2082.50   2.09253e-12
       2085.00   2.21745e-12
       2087.50   2.20023e-12
       2090.00   1.96982e-12
       2092.50   1.84112e-12
       2095.00   1.73782e-12
       2097.50   1.66470e-12
       2100.00   1.58146e-12
       2102.50   1.33790e-12
       2105.00   1.12297e-12
       2107.50   9.44495e-13
       2110.00   6.72514e-13
       2112.50   2.34305e-13
       2115.00   4.29853e-13
       2117.50   7.82048e-13
       2120.00   9.05810e-13
       2122.50   1.04657e-12
       2125.00   1.38342e-12
       2127.50   1.67287e-12
       2130.00   1.91096e-12
       2132.50   2.04978e-12
       2135.00   2.17505e-12
       2137.50   2.25927e-12
       2140.00   2.24565e-12
       2142.50   1.88189e-12
       2145.00   1.35411e-12
       2147.50   7.17034e-13
       2150.00   4.30069e-13
       2152.50   4.66268e-13
       2155.00   5.62403e-13
       2157.50   5.78180e-13
       2160.00   3.03314e-13
       2162.50   1.44181e-13
       2165.00   5.92912e-13
       2167.50   7.91702e-13
       2170.00   7.94115e-13
       2172.50   7.24202e-13
       2175.00   6.51263e-13
       2177.50   5.34597e-13
       2180.00   4.46998e-13
       2182.50   4.49519e-13
       2185.00   3.71682e-13
       2187.50   2.80341e-13
       2190.00   1.88996e-13
       2192.50   9.76552e-14
       2195.00   2.82268e-13
       2197.50   4.66881e-13
       2200.00   7.17898e-13
       2202.50   9.09628e-13
       2205.00   8.95221e-13
       2207.50   9.05666e-13
       2210.00   9.30123e-13
       2212.50   7.77366e-13
       2215.00   4.85394e-13
       2217.50   5.09239e-13
       2220.00   4.48799e-13
       2222.50   2.15071e-13
       2225.00   2.37341e-14
       2227.50   3.55974e-14
       2230.00   4.74589e-14
       2232.50   5.93236e-14
       2235.00   7.11847e-14
       2237.50   8.30494e-14
       2240.00   9.13194e-14
       2242.50   2.86190e-13
       2245.00   7.60977e-13
       2247.50   9.92761e-13
       2250.00   1.13007e-12
       2252.50   1.30771e-12
       2255.00   1.51529e-12
       2257.50   1.89504e-12
       2260.00   2.02518e-12
       2262.50   1.83755e-12
       2265.00   1.68343e-12
       2267.50   1.58895e-12
       2270.00   1.64208e-12
       2272.50   1.74639e-12
       2275.00   1.87447e-12
       2277.50   1.98235e-12
       2280.00   1.85773e-12
       2282.50   1.67269e-12
       2285.00   1.42218e-12
       2287.50   1.11116e-12
       2290.00   7.91882e-13
       2292.50   6.73451e-13
       2295.00   5.92876e-13
       2297.50   4.21821e-13
       2300.00   3.43947e-13
       2302.50   3.52116e-13
       2305.00   4.05720e-13
       2307.50   5.17127e-13
       2310.00   5.15543e-13
       2312.50   5.21522e-13
       2315.00   6.19890e-13
       2317.50   7.41779e-13
       2320.00   9.87286e-13
       2322.50   1.41559e-12
       2325.00   1.98754e-12
       2327.50   2.30469e-12
       2330.00   2.61117e-12
       2332.50   2.85495e-12
       2335.00   2.96568e-12
       2337.50   2.75630e-12
       2340.00   2.57080e-12
       2342.50   2.40129e-12
       2345.00   2.01102e-12
       2347.50   1.41707e-12
       2350.00   1.07269e-12
       2352.50   8.70440e-13
       2355.00   9.24108e-13
       2357.50   1.08717e-12
       2360.00   1.59677e-12
       2362.50   1.79293e-12
       2365.00   1.82592e-12
       2367.50   2.17502e-12
       2370.00   2.52412e-12
       2372.50   2.43727e-12
       2375.00   2.53607e-12
       2377.50   2.99734e-12
       2380.00   2.91582e-12
       2382.50   2.66290e-12
       2385.00   2.49696e-12
       2387.50   2.38901e-12
       2390.00   2.38382e-12
       2392.50   2.37863e-12
       2395.00   2.40781e-12
       2397.50   2.18669e-12
       2400.00   1.42730e-12
       2402.50   1.26312e-12
       2405.00   1.33037e-12
       2407.50   8.67450e-13
       2410.00   1.45849e-13
       2412.50   3.76689e-13
       2415.00   6.45104e-13
       2417.50   9.61424e-13
       2420.00   1.40929e-12
       2422.50   2.09109e-12
       2425.00   2.29698e-12
       2427.50   2.35036e-12
       2430.00   2.37896e-12
       2432.50   2.40756e-12
       2435.00   1.87390e-12
       2437.50   1.45100e-12
       2440.00   1.19422e-12
       2442.50   1.31798e-12
       2445.00   1.53683e-12
       2447.50   1.83374e-12
       2450.00   2.13277e-12
       2452.50   2.22454e-12
       2455.00   2.38775e-12
       2457.50   2.61690e-12
       2460.00   2.83367e-12
       2462.50   3.03476e-12
       2465.00   3.21518e-12
       2467.50   3.25419e-12
       2470.00   2.85776e-12
       2472.50   2.55102e-12
       2475.00   2.71509e-12
       2477.50   2.78850e-12
       2480.00   2.76372e-12
       2482.50   2.99608e-12
       2485.00   3.26348e-12
       2487.50   2.63131e-12
       2490.00   2.01430e-12
       2492.50   2.35756e-12
       2495.00   2.34748e-12
       2497.50   2.10176e-12
       2500.00   2.14177e-12
       2502.50   2.44556e-12
       2505.00   2.44696e-12
       2507.50   2.48442e-12
       2510.00   2.65436e-12
       2512.50   2.78709e-12
       2515.00   2.80193e-12
       2517.50   2.52264e-12
       2520.00   2.07784e-12
       2522.50   1.91165e-12
       2525.00   1.75705e-12
       2527.50   2.13259e-12
       2530.00   2.61535e-12
       2532.50   3.18788e-12
       2535.00   3.53348e-12
       2537.50   3.77229e-12
       2540.00   3.83208e-12
       2542.50   3.77265e-12
       2545.00   3.95094e-12
       2547.50   4.03451e-12
       2550.00   3.97544e-12
       2552.50   3.88503e-12
       2555.00   3.72799e-12
       2557.50   3.67071e-12
       2560.00   3.67972e-12
       2562.50   3.89764e-12
       2565.00   4.11591e-12
       2567.50   4.34968e-12
       2570.00   4.43468e-12
       2572.50   4.25459e-12
       2575.00   3.66207e-12
       2577.50   2.93927e-12
       2580.00   2.40821e-12
       2582.50   1.99791e-12
       2585.00   1.93999e-12
       2587.50   2.21997e-12
       2590.00   2.86605e-12
       2592.50   3.29583e-12
       2595.00   3.40111e-12
       2597.50   3.33534e-12
       2600.00   3.22685e-12
       2602.50   2.85780e-12
       2605.00   2.09787e-12
       2607.50   2.26082e-12
       2610.00   2.65447e-12
       2612.50   3.20981e-12
       2615.00   3.90700e-12
       2617.50   5.18460e-12
       2620.00   5.80809e-12
       2622.50   5.82790e-12
       2625.00   5.26636e-12
       2627.50   3.96499e-12
       2630.00   4.17967e-12
       2632.50   4.83954e-12
       2635.00   5.99431e-12
       2637.50   7.40050e-12
       2640.00   1.01268e-11
       2642.50   1.05749e-11
       2645.00   9.23280e-12
       2647.50   8.79769e-12
       2650.00   8.48612e-12
       2652.50   7.68902e-12
       2655.00   7.26039e-12
       2657.50   8.79012e-12
       2660.00   9.33977e-12
       2662.50   9.23568e-12
       2665.00   9.24648e-12
       2667.50   9.36319e-12
       2670.00   9.15860e-12
       2672.50   8.92627e-12
       2675.00   9.32176e-12
       2677.50   9.44819e-12
       2680.00   8.34312e-12
       2682.50   8.49296e-12
       2685.00   9.34878e-12
       2687.50   9.29799e-12
       2690.00   8.53439e-12
       2692.50   1.01066e-11
       2695.00   1.09859e-11
       2697.50   9.83252e-12
       2700.00   8.74294e-12
       2702.50   7.90693e-12
       2705.00   7.84138e-12
       2707.50   8.28982e-12
       2710.00   8.69035e-12
       2712.50   9.09124e-12
       2715.00   9.89303e-12
       2717.50   9.60199e-12
       2720.00   6.91424e-12
       2722.50   6.24825e-12
       2725.00   6.36891e-12
       2727.50   6.57746e-12
       2730.00   6.89011e-12
       2732.50   8.50233e-12
       2735.00   9.23352e-12
       2737.50   8.84343e-12
       2740.00   8.63704e-12
       2742.50   8.75626e-12
       2745.00   8.68278e-12
       2747.50   8.56356e-12
       2750.00   8.96698e-12
       2752.50   9.37003e-12
       2755.00   1.08112e-11
       2757.50   1.17916e-11
       2760.00   1.20808e-11
       2762.50   1.21547e-11
       2765.00   1.21752e-11
       2767.50   1.24367e-11
       2770.00   1.27897e-11
       2772.50   1.31294e-11
       2775.00   1.36549e-11
       2777.50   1.43518e-11
       2780.00   1.39290e-11
       2782.50   1.20801e-11
       2785.00   1.22508e-11
       2787.50   1.38469e-11
       2790.00   2.09055e-11
       2792.50   2.82657e-11
       2795.00   3.90952e-11
       2797.50   4.98578e-11
       2800.00   6.05518e-11
       2802.50   5.65357e-11
       2805.00   5.05133e-11
       2807.50   4.03775e-11
       2810.00   2.93023e-11
       2812.50   1.85773e-11
       2815.00   1.30660e-11
       2817.50   1.10302e-11
       2820.00   1.08547e-11
       2822.50   1.23971e-11
       2825.00   1.24770e-11
       2827.50   1.26028e-11
       2830.00   1.30951e-11
       2832.50   1.33437e-11
       2835.00   1.28199e-11
       2837.50   1.29565e-11
       2840.00   1.36113e-11
       2842.50   1.46911e-11
       2845.00   1.57886e-11
       2847.50   1.62533e-11
       2850.00   1.68098e-11
       2852.50   1.78252e-11
       2855.00   1.75882e-11
       2857.50   1.67622e-11
       2860.00   1.64809e-11
       2862.50   1.65631e-11
       2865.00   1.66283e-11
       2867.50   1.67864e-11
       2870.00   1.70850e-11
       2872.50   1.79321e-11
       2875.00   1.99449e-11
       2877.50   1.94176e-11
       2880.00   1.79030e-11
       2882.50   1.74531e-11
       2885.00   1.76019e-11
       2887.50   1.65674e-11
       2890.00   1.61193e-11
       2892.50   1.68026e-11
       2895.00   1.75896e-11
       2897.50   1.86428e-11
       2900.00   1.82754e-11
       2902.50   1.73656e-11
       2905.00   1.79069e-11
       2907.50   1.84479e-11
       2910.00   2.00076e-11
       2912.50   2.17588e-11
       2915.00   2.37975e-11
       2917.50   2.46857e-11
       2920.00   2.52858e-11
       2922.50   2.43277e-11
       2925.00   2.31214e-11
       2927.50   2.45402e-11
       2930.00   2.56831e-11
       2932.50   2.64745e-11
       2935.00   2.76163e-11
       2937.50   2.93819e-11
       2940.00   2.66780e-11
       2942.50   2.28380e-11
       2945.00   2.04434e-11
       2947.50   1.80842e-11
       2950.00   1.61326e-11
       2952.50   1.70270e-11
       2955.00   2.10042e-11
       2957.50   2.17358e-11
       2960.00   2.20246e-11
       2962.50   2.14790e-11
       2965.00   2.01484e-11
       2967.50   1.65141e-11
       2970.00   1.56421e-11
       2972.50   1.66117e-11
       2975.00   1.71221e-11
       2977.50   1.72089e-11
       2980.00   1.89731e-11
       2982.50   2.08803e-11
       2985.00   2.22289e-11
       2987.50   2.36268e-11
       2990.00   2.52822e-11
       2992.50   2.60728e-11
       2995.00   2.61834e-11
       2997.50   2.52545e-11
       3000.00   2.42820e-11
       3002.50   2.37363e-11
       3005.00   2.35303e-11
       3007.50   2.40489e-11
       3010.00   2.41519e-11
       3012.50   2.40590e-11
       3015.00   2.29669e-11
       3017.50   2.12092e-11
       3020.00   2.01779e-11
       3022.50   1.97893e-11
       3025.00   2.07665e-11
       3027.50   2.25372e-11
       3030.00   2.68231e-11
       3032.50   3.03274e-11
       3035.00   3.32587e-11
       3037.50   3.29968e-11
       3040.00   3.27350e-11
       3042.50   3.04881e-11
       3045.00   2.88215e-11
       3047.50   2.83330e-11
       3050.00   2.83622e-11
       3052.50   2.85549e-11
       3055.00   2.73998e-11
       3057.50   2.54501e-11
       3060.00   2.16558e-11
       3062.50   1.95627e-11
       3065.00   1.93128e-11
       3067.50   2.01553e-11
       3070.00   2.26373e-11
       3072.50   2.51255e-11
       3075.00   2.73735e-11
       3077.50   2.78443e-11
       3080.00   2.84058e-11
       3082.50   3.11465e-11
       3085.00   3.26499e-11
       3087.50   3.25783e-11
       3090.00   3.24835e-11
       3092.50   3.23474e-11
       3095.00   3.15240e-11
       3097.50   3.10885e-11
       3100.00   3.38299e-11
       3102.50   3.66027e-11
       3105.00   3.97400e-11
       3107.50   4.34571e-11
       3110.00   4.77975e-11
       3112.50   4.81865e-11
       3115.00   4.80352e-11
       3117.50   4.54346e-11
       3120.00   4.19011e-11
       3122.50   3.85081e-11
       3125.00   3.64154e-11
       3127.50   3.55192e-11
       3130.00   3.43601e-11
       3132.50   3.28653e-11
       3135.00   2.93711e-11
       3137.50   2.58683e-11
       3140.00   2.35461e-11
       3142.50   2.24436e-11
       3145.00   2.77459e-11
       3147.50   3.40396e-11
       3150.00   4.11123e-11
       3152.50   4.38894e-11
       3155.00   4.64864e-11
       3157.50   4.50492e-11
       3160.00   4.18363e-11
       3162.50   3.54663e-11
       3165.00   3.15935e-11
       3167.50   2.93863e-11
       3170.00   2.70810e-11
       3172.50   2.46854e-11
       3175.00   3.23499e-11
       3177.50   3.79246e-11
       3180.00   3.72078e-11
       3182.50   3.83208e-11
       3185.00   4.52545e-11
       3187.50   4.49015e-11
       3190.00   4.08241e-11
       3192.50   4.58668e-11
       3195.00   5.09059e-11
       3197.50   5.19685e-11
       3200.00   5.43169e-11
       3202.50   5.43962e-11
       3205.00   5.44754e-11
       3207.50   5.45511e-11
       3210.00   5.46303e-11
       3212.50   5.47095e-11
       3215.00   5.47852e-11
       3217.50   5.48644e-11
       3220.00   5.49437e-11
       3222.50   5.52030e-11
       3225.00   5.54623e-11
       3227.50   5.57217e-11
       3230.00   5.59846e-11
       3232.50   5.62440e-11
       3235.00   5.65033e-11
       3237.50   5.67626e-11
       3240.00   5.70220e-11
       3260.00   5.83439e-11
       3270.00   1.58992e-10
       3280.00   1.40839e-10
       3290.00   8.58445e-11
       3300.00   7.16386e-11
       3310.00   1.47398e-10
       3320.00   1.69697e-10
       3330.00   1.07737e-10
       3340.00   1.87257e-10
       3350.00   1.21435e-10
       3360.00   1.13270e-10
       3370.00   9.25441e-11
       3380.00   1.23603e-10
       3390.00   1.03861e-10
       3400.00   1.83428e-10
       3410.00   1.22692e-10
       3420.00   1.11436e-10
       3430.00   1.51464e-10
       3440.00   1.00108e-10
       3450.00   1.09977e-10
       3460.00   1.79649e-10
       3470.00   1.14952e-10
       3480.00   1.66945e-10
       3490.00   1.43634e-10
       3500.00   1.58726e-10
       3510.00   2.02676e-10
       3520.00   1.41011e-10
       3530.00   1.54245e-10
       3540.00   1.65541e-10
       3550.00   2.35836e-10
       3560.00   1.82869e-10
       3570.00   1.11940e-10
       3580.00   1.15423e-10
       3590.00   1.09131e-10
       3600.00   1.57724e-10
       3610.00   1.76123e-10
       3620.00   1.61380e-10
       3630.00   1.73079e-10
       3640.00   1.75597e-10
       3650.00   2.07024e-10
       3660.00   2.16767e-10
       3670.00   2.84984e-10
       3680.00   2.38170e-10
       3690.00   2.53182e-10
       3700.00   2.19800e-10
       3710.00   2.30591e-10
       3720.00   2.20124e-10
       3730.00   1.86392e-10
       3740.00   2.08234e-10
       3750.00   1.87599e-10
       3760.00   1.95325e-10
       3770.00   2.51774e-10
       3780.00   2.98210e-10
       3790.00   2.52635e-10
       3800.00   2.51846e-10
       3810.00   2.66434e-10
       3820.00   1.86702e-10
       3830.00   1.89169e-10
       3840.00   2.04146e-10
       3850.00   2.28488e-10
       3860.00   2.54609e-10
       3870.00   2.25988e-10
       3880.00   2.33973e-10
       3890.00   2.55290e-10
       3900.00   2.70853e-10
       3910.00   3.04513e-10
       3920.00   2.95887e-10
       3930.00   1.64932e-10
       3940.00   1.50092e-10
       3950.00   2.45010e-10
       3960.00   2.48990e-10
       3970.00   1.82390e-10
       3980.00   3.48374e-10
       3990.00   4.67781e-10
       4000.00   5.00451e-10
       4010.00   5.72201e-10
       4020.00   6.27382e-10
       4030.00   6.00908e-10
       4040.00   5.82610e-10
       4050.00   6.59511e-10
       4060.00   6.84653e-10
       4070.00   6.44779e-10
       4080.00   7.39222e-10
       4090.00   8.06614e-10
       4100.00   7.80716e-10
       4110.00   7.35152e-10
       4120.00   7.70450e-10
       4130.00   7.70738e-10
       4140.00   7.53269e-10
       4150.00   7.94583e-10
       4160.00   8.54195e-10
       4170.00   8.52034e-10
       4180.00   8.42201e-10
       4190.00   9.49898e-10
       4200.00   8.67810e-10
       4210.00   8.59922e-10
       4220.00   8.36978e-10
       4230.00   7.19015e-10
       4240.00   9.59443e-10
       4250.00   9.79686e-10
       4260.00   1.00166e-09
       4270.00   9.96363e-10
       4280.00   9.66647e-10
       4290.00   9.42082e-10
       4300.00   9.81271e-10
       4310.00   1.05702e-09
       4320.00   1.20765e-09
       4330.00   1.26305e-09
       4340.00   1.37265e-09
       4350.00   1.42614e-09
       4360.00   1.40727e-09
       4370.00   1.52408e-09
       4380.00   1.35936e-09
       4390.00   1.40846e-09
       4400.00   1.39744e-09
       4410.00   1.44812e-09
       4420.00   1.50755e-09
       4430.00   1.48874e-09
       4440.00   1.58726e-09
       4450.00   1.58690e-09
       4460.00   1.49699e-09
       4470.00   1.67878e-09
       4480.00   1.86893e-09
       4490.00   1.86453e-09
       4500.00   2.03001e-09
       4510.00   2.11361e-09
       4520.00   1.91993e-09
       4530.00   1.82412e-09
       4540.00   1.89980e-09
       4550.00   2.05875e-09
       4560.00   2.23240e-09
       4570.00   2.28704e-09
       4580.00   2.17876e-09
       4590.00   2.10118e-09
       4600.00   2.15085e-09
       4610.00   2.43526e-09
       4620.00   2.42683e-09
       4630.00   2.14764e-09
       4640.00   2.03429e-09
       4650.00   2.20023e-09
       4660.00   2.25585e-09
       4670.00   2.25080e-09
       4680.00   2.16699e-09
       4690.00   2.29176e-09
       4700.00   2.42506e-09
       4710.00   2.45824e-09
       4720.00   2.49058e-09
       4730.00   2.49861e-09
       4740.00   2.61326e-09
       4750.00   2.68274e-09
       4760.00   2.22735e-09
       4770.00   1.92937e-09
       4780.00   2.04830e-09
       4790.00   2.18435e-09
       4800.00   2.24291e-09
       4810.00   2.14973e-09
       4820.00   2.22768e-09
       4830.00   2.44138e-09
       4840.00   2.44657e-09
       4850.00   2.39175e-09
       4860.00   2.32641e-09
       4870.00   2.41703e-09
       4880.00   2.59306e-09
       4890.00   2.76987e-09
       4900.00   3.02093e-09
       4910.00   3.04722e-09
       4920.00   3.11771e-09
       4930.00   3.23049e-09
       4940.00   3.42867e-09
       4950.00   2.99496e-09
       4960.00   2.18889e-09
       4970.00   2.20005e-09
       4980.00   2.37514e-09
       4990.00   2.43313e-09
       5000.00   2.28848e-09
       5010.00   2.12935e-09
       5020.00   2.28275e-09
       5030.00   2.52484e-09
       5040.00   2.71203e-09
       5050.00   2.85380e-09
       5060.00   2.86925e-09
       5070.00   2.84530e-09
       5080.00   2.83410e-09
       5090.00   2.95141e-09
       5100.00   2.89205e-09
       5110.00   2.93484e-09
       5120.00   3.00202e-09
       5130.00   3.05295e-09
       5140.00   3.07456e-09
       5150.00   3.07240e-09
       5160.00   2.95354e-09
       5170.00   2.23398e-09
       5180.00   1.91543e-09
       5190.00   2.32327e-09
       5200.00   2.41509e-09
       5210.00   2.61434e-09
       5220.00   2.95310e-09
       5230.00   3.21017e-09
       5240.00   3.21550e-09
       5250.00   3.13497e-09
       5260.00   3.05216e-09
       5270.00   3.22620e-09
       5280.00   3.62677e-09
       5290.00   3.70277e-09
       5300.00   3.82704e-09
       5310.00   3.99453e-09
       5320.00   3.76833e-09
       5330.00   3.68260e-09
       5340.00   3.73447e-09
       5350.00   4.07197e-09
       5360.00   4.11915e-09
       5370.00   3.94842e-09
       5380.00   4.10799e-09
       5390.00   3.98084e-09
       5400.00   3.78706e-09
       5410.00   4.03991e-09
       5420.00   4.33383e-09
       5430.00   4.15805e-09
       5440.00   4.19227e-09
       5450.00   3.55506e-09
       5460.00   3.00519e-09
       5470.00   3.19872e-09
       5480.00   3.35501e-09
       5490.00   3.59522e-09
       5500.00   3.48107e-09
       5510.00   3.30562e-09
       5520.00   3.58142e-09
       5530.00   3.82200e-09
       5540.00   3.88899e-09
       5550.00   4.04243e-09
       5560.00   3.96967e-09
       5570.00   3.89764e-09
       5580.00   3.95202e-09
       5590.00   3.85189e-09
       5600.00   3.51601e-09
       5610.00   3.44959e-09
       5620.00   3.40072e-09
       5630.00   3.36387e-09
       5640.00   3.39034e-09
       5650.00   3.57051e-09
       5660.00   3.64874e-09
       5670.00   3.59410e-09
       5680.00   3.74455e-09
       5690.00   3.91168e-09
       5700.00   3.93221e-09
       5710.00   3.93221e-09
       5720.00   4.06260e-09
       5730.00   4.06873e-09
       5740.00   4.26539e-09
       5760.00   4.23225e-09
       5780.00   4.51861e-09
       5800.00   4.52761e-09
       5820.00   4.47322e-09
       5840.00   4.09106e-09
       5860.00   3.59324e-09
       5880.00   3.28038e-09
       5900.00   3.19951e-09
       5920.00   3.35767e-09
       5940.00   3.56388e-09
       5960.00   3.69449e-09
       5980.00   4.04279e-09
       6000.00   4.31762e-09
       6020.00   4.65404e-09
       6040.00   4.87520e-09
       6060.00   5.05998e-09
       6080.00   5.31463e-09
       6100.00   5.48140e-09
       6120.00   5.49076e-09
       6140.00   4.85142e-09
       6160.00   3.86918e-09
       6180.00   3.42431e-09
       6200.00   3.17790e-09
       6220.00   3.05025e-09
       6240.00   3.20337e-09
       6260.00   3.56042e-09
       6280.00   3.88179e-09
       6300.00   4.45845e-09
       6320.00   4.92995e-09
       6340.00   5.11905e-09
       6360.00   5.31139e-09
       6380.00   5.62512e-09
       6400.00   5.71841e-09
       6420.00   5.81061e-09
       6440.00   5.96118e-09
       6460.00   5.89454e-09
       6480.00   5.63412e-09
       6500.00   5.77712e-09
       6520.00   6.18485e-09
       6540.00   5.97126e-09
       6560.00   5.79441e-09
       6580.00   5.84483e-09
       6600.00   5.81458e-09
       6620.00   5.62079e-09
       6640.00   5.15759e-09
       6660.00   4.89177e-09
       6680.00   4.81216e-09
       6700.00   4.53121e-09
       6720.00   4.37021e-09
       6740.00   4.52221e-09
       6760.00   4.67925e-09
       6780.00   4.87123e-09
       6800.00   5.07042e-09
       6820.00   5.50085e-09
       6840.00   5.53579e-09
       6860.00   5.56785e-09
       6880.00   6.05627e-09
       6900.00   6.50146e-09
       6920.00   6.73343e-09
       6940.00   6.85949e-09
       6960.00   7.26435e-09
       6980.00   7.17934e-09
       7000.00   7.29352e-09
       7020.00   7.58204e-09
       7040.00   6.76116e-09
       7060.00   5.58946e-09
       7080.00   5.16479e-09
       7100.00   4.80424e-09
       7120.00   4.52761e-09
       7140.00   4.38137e-09
       7160.00   4.81360e-09
       7180.00   5.13922e-09
       7200.00   5.56244e-09
       7220.00   5.99395e-09
       7240.00   6.34550e-09
       7260.00   6.85517e-09
       7280.00   7.24238e-09
       7300.00   7.69694e-09
       7320.00   7.99194e-09
       7340.00   8.02543e-09
       7360.00   8.28369e-09
       7380.00   8.60931e-09
       7400.00   8.58337e-09
       7420.00   8.66549e-09
       7440.00   8.78076e-09
       7460.00   8.88881e-09
       7480.00   8.87765e-09
       7500.00   9.05342e-09
       7520.00   9.52851e-09
       7540.00   9.84656e-09
       7560.00   9.85341e-09
       7580.00   7.63247e-09
       7600.00   6.08472e-09
       7620.00   9.91320e-09
       7640.00   8.98571e-09
       7660.00   8.26460e-09
       7680.00   7.04931e-09
       7700.00   7.31874e-09
       7720.00   7.66848e-09
       7740.00   7.63066e-09
       7760.00   7.66956e-09
       7780.00   7.92818e-09
       7800.00   8.13277e-09
       7820.00   8.12233e-09
       7840.00   8.11908e-09
       7860.00   8.39895e-09
       7880.00   8.50089e-09
       7900.00   8.38419e-09
       7920.00   8.37950e-09
       7940.00   8.54879e-09
       7960.00   8.79228e-09
       7980.00   8.87333e-09
       8000.00   8.77139e-09
       8020.00   8.91583e-09
       8040.00   9.08836e-09
       8060.00   9.09989e-09
       8080.00   9.01056e-09
       8100.00   8.82074e-09
       8120.00   8.79444e-09
       8140.00   8.82722e-09
       8160.00   8.68495e-09
       8180.00   8.78328e-09
       8200.00   8.89854e-09
       8220.00   9.11429e-09
       8240.00   9.59983e-09
       8260.00   9.40893e-09
       8280.00   9.15103e-09
       8300.00   9.18669e-09
       8320.00   8.95293e-09
       8340.00   8.97634e-09
       8360.00   8.81137e-09
       8380.00   8.82362e-09
       8400.00   9.04082e-09
       8420.00   8.80957e-09
       8440.00   8.62335e-09
       8460.00   8.84703e-09
       8480.00   8.61075e-09
       8500.00   8.37770e-09
       8520.00   8.08847e-09
       8540.00   8.15798e-09
       8560.00   8.79588e-09
       8580.00   8.94681e-09
       8600.00   9.37363e-09
       8620.00   9.42226e-09
       8640.00   8.66405e-09
       8660.00   8.58805e-09
       8680.00   9.07972e-09
       8700.00   9.51014e-09
       8720.00   9.60235e-09
       8740.00   9.25765e-09
       8760.00   9.57606e-09
       8780.00   9.58182e-09
       8800.00   9.28503e-09
       8820.00   9.43198e-09
       8840.00   9.23856e-09
       8860.00   9.19426e-09
       8880.00   9.07611e-09
       8900.00   9.02389e-09
       8920.00   9.05126e-09
       8940.00   8.92952e-09
       8960.00   8.80849e-09
       8980.00   9.11249e-09
       9000.00   9.23136e-09
       9020.00   9.76480e-09
       9040.00   9.74643e-09
       9060.00   9.13699e-09
       9080.00   9.00155e-09
       9100.00   9.12438e-09
       9120.00   9.06531e-09
       9140.00   8.80993e-09
       9160.00   8.88233e-09
       9180.00   9.20398e-09
       9200.00   9.32285e-09
       9220.00   9.30628e-09
       9240.00   9.24504e-09
       9260.00   8.69935e-09
       9280.00   8.62659e-09
       9300.00   7.97933e-09
       9320.00   7.62130e-09
       9340.00   8.16807e-09
       9360.00   8.80597e-09
       9380.00   9.17481e-09
       9400.00   9.09412e-09
       9420.00   7.87199e-09
       9440.00   7.91414e-09
       9460.00   9.08188e-09
       9480.00   9.19678e-09
       9500.00   8.46415e-09
       9520.00   8.66477e-09
       9540.00   9.27350e-09
       9560.00   8.82290e-09
       9580.00   8.82254e-09
       9600.00   9.02785e-09
       9620.00   8.49044e-09
       9640.00   8.39355e-09
       9660.00   8.69863e-09
       9680.00   9.04442e-09
       9700.00   8.44866e-09
       9720.00   8.41012e-09
       9740.00   8.78904e-09
       9760.00   8.60390e-09
       9780.00   8.80057e-09
       9800.00   8.91979e-09
       9820.00   9.04766e-09
       9840.00   9.04658e-09
       9860.00   8.92591e-09
       9880.00   8.84271e-09
       9900.00   8.78760e-09
       9920.00   8.87621e-09
       9940.00   8.87225e-09
       9960.00   8.93384e-09
       9980.00   8.85424e-09
       10000.0   8.90286e-09
       10020.0   9.07287e-09
       10040.0   8.87441e-09
       10060.0   8.80813e-09
       10080.0   9.03469e-09
       10100.0   8.71664e-09
       10120.0   8.66225e-09
       10140.0   8.72745e-09
       10160.0   8.65613e-09
       10180.0   8.59202e-09
       10200.0   8.71988e-09
       10220.0   8.64821e-09
       10240.0   8.58553e-09
       10260.0   8.67558e-09
       10280.0   8.75878e-09
       10300.0   8.65289e-09
       10320.0   8.41840e-09
       10340.0   8.54843e-09
       10360.0   8.45046e-09
       10380.0   8.63956e-09
       10400.0   8.73789e-09
       10420.0   8.91907e-09
       10440.0   8.81101e-09
       10460.0   8.67270e-09
       10480.0   8.66838e-09
       10500.0   8.68026e-09
       10520.0   8.56896e-09
       10540.0   8.64172e-09
       10560.0   8.64785e-09
       10580.0   8.60246e-09
       10600.0   8.56428e-09
       10800.0   8.36978e-09
       11000.0   8.13205e-09
       11200.0   7.86659e-09
       11400.0   7.58672e-09
       11600.0   7.30433e-09
       11800.0   7.03094e-09
       12000.0   6.77521e-09
       12200.0   6.54469e-09
       12400.0   6.34694e-09
       12600.0   6.20142e-09
       12800.0   6.04870e-09
       13000.0   5.90823e-09
       13200.0   5.84879e-09
       13400.0   5.78036e-09
       13600.0   5.68527e-09
       13800.0   5.53291e-09
       14000.0   5.33336e-09
       14200.0   5.20477e-09
       14400.0   5.15867e-09
       14600.0   4.97605e-09
       14800.0   5.02936e-09
       15000.0   5.05169e-09
       15200.0   5.02720e-09
       15400.0   5.03332e-09
       15600.0   4.98686e-09
       15800.0   4.90005e-09
       16000.0   4.87448e-09
       16200.0   4.89573e-09
       16400.0   4.85070e-09
       16600.0   4.76750e-09
       16800.0   4.67493e-09
       17000.0   4.59605e-09
       17200.0   4.51825e-09
       17400.0   4.39974e-09
       17600.0   4.28304e-09
       17800.0   4.18075e-09
       18000.0   4.05108e-09
       18200.0   3.95851e-09
       18400.0   3.83928e-09
       18600.0   3.73843e-09
       18800.0   3.62317e-09
       19000.0   3.51320e-09
       19200.0   3.40025e-09
       19400.0   3.29233e-09
       19600.0   3.16076e-09
       19800.0   3.04513e-09
       20000.0   2.95512e-09
       20200.0   2.85131e-09
       20400.0   2.76609e-09
       20600.0   2.67014e-09
       20800.0   2.58056e-09
       21000.0   2.52502e-09
       21200.0   2.45766e-09
       21400.0   2.38433e-09
       21600.0   2.31405e-09
       21800.0   2.25307e-09
       22000.0   2.17754e-09
       22200.0   2.11162e-09
       22400.0   2.06033e-09
       22600.0   1.98574e-09
       22800.0   1.86561e-09
       23000.0   1.69063e-09
       23200.0   1.57188e-09
       23400.0   1.46079e-09
       23600.0   1.34236e-09
       23800.0   1.30411e-09
       24000.0   1.27119e-09
       24200.0   1.20527e-09
       24400.0   1.16706e-09
       24600.0   1.13687e-09
       24800.0   1.10673e-09
       25000.0   1.07661e-09
       25200.0   1.04654e-09
       25400.0   1.02619e-09
       25600.0   1.03274e-09
