       229.000       0.00000
       234.000       0.00000
       243.000       0.00000
       252.000       0.00000
       256.000       0.00000
       260.000       0.00000
       266.000       0.00000
       275.000       0.00000
       283.000       0.00000
       293.000       0.00000
       301.000       0.00000
       309.000       0.00000
       325.000       0.00000
       342.000       0.00000
       351.000       0.00000
       356.000       0.00000
       365.000       0.00000
       375.000       0.00000
       384.000       0.00000
       400.000       0.00000
       415.000       0.00000
       425.000       0.00000
       445.000       0.00000
       472.000       0.00000
       494.000       0.00000
       506.000       0.00000
       516.000       0.00000
       540.000       0.00000
       564.000       0.00000
       587.000       0.00000
       612.000       0.00000
       640.000       0.00000
       671.000       0.00000
       705.000       0.00000
       736.000       0.00000
       770.000       0.00000
       810.000       0.00000
       850.000       0.00000
       890.000       0.00000
       920.000       0.00000
       940.000       0.00000
       962.000       0.00000
       987.000       0.00000
       1012.00       0.00000
       1037.00       0.00000
       1062.00       0.00000
       1087.00       0.00000
       1112.00       0.00000
       1120.00       0.00000
       1140.00       0.00000
       1160.00       0.00000
       1180.00       0.00000
       1200.00       0.00000
       1220.00       0.00000
       1240.00       0.00000
       1260.00       0.00000
       1280.00       0.00000
       1300.00       0.00000
       1320.00       0.00000
       1340.00       0.00000
       1360.00       0.00000
       1380.00       0.00000
       1400.00       0.00000
       1420.00       0.00000
       1440.00       0.00000
       1460.00       0.00000
       1480.00       0.00000
       1500.00       0.00000
       1520.00       0.00000
       1540.00       0.00000
       1560.00       0.00000
       1580.00       0.00000
       1600.00       0.00000
       1620.00       0.00000
       1640.00       0.00000
       1660.00       0.00000
       1680.00       0.00000
       1700.00       0.00000
       1720.00       0.00000
       1740.00       0.00000
       1760.00       0.00000
       1780.00       0.00000
       1800.00       0.00000
       1820.00       0.00000
       1840.00       0.00000
       1860.00       0.00000
       1880.00       0.00000
       1900.00       0.00000
       1920.00       0.00000
       1940.00       0.00000
       1960.00       0.00000
       1980.00       0.00000
       2000.00   1.88075e-12
       2002.50   1.88075e-12
       2005.00   2.26472e-12
       2007.50   1.87561e-12
       2010.00   3.34411e-12
       2012.50   3.84261e-12
       2015.00   3.57882e-12
       2017.50   3.38847e-12
       2020.00   3.27766e-12
       2022.50   1.72425e-12
       2025.00   6.58082e-13
       2027.50   1.35096e-12
       2030.00   1.89437e-12
       2032.50   1.83987e-12
       2035.00   2.50125e-12
       2037.50   3.63984e-12
       2040.00   3.14119e-12
       2042.50   2.64247e-12
       2045.00   2.60539e-12
       2047.50   2.85969e-12
       2050.00   3.64816e-12
       2052.50   4.05517e-12
       2055.00   4.31371e-12
       2057.50   3.82704e-12
       2060.00   2.92089e-12
       2062.50   3.29736e-12
       2065.00   4.13700e-12
       2067.50   5.70453e-12
       2070.00   6.49754e-12
       2072.50   5.29717e-12
       2075.00   4.83151e-12
       2077.50   4.82210e-12
       2080.00   6.08076e-12
       2082.50   7.33942e-12
       2085.00   7.77756e-12
       2087.50   7.71709e-12
       2090.00   6.90888e-12
       2092.50   6.45734e-12
       2095.00   6.09524e-12
       2097.50   5.83851e-12
       2100.00   5.54666e-12
       2102.50   4.69246e-12
       2105.00   3.93857e-12
       2107.50   3.31261e-12
       2110.00   2.35872e-12
       2112.50   8.21788e-13
       2115.00   1.50761e-12
       2117.50   2.74295e-12
       2120.00   3.17696e-12
       2122.50   3.67062e-12
       2125.00   4.85215e-12
       2127.50   5.86748e-12
       2130.00   6.70248e-12
       2132.50   7.18915e-12
       2135.00   7.62874e-12
       2137.50   7.92385e-12
       2140.00   7.87641e-12
       2142.50   6.60037e-12
       2145.00   4.74931e-12
       2147.50   2.51486e-12
       2150.00   1.50840e-12
       2152.50   1.63539e-12
       2155.00   1.97258e-12
       2157.50   2.02795e-12
       2160.00   1.06385e-12
       2162.50   5.05710e-13
       2165.00   2.07951e-12
       2167.50   2.77681e-12
       2170.00   2.78531e-12
       2172.50   2.54006e-12
       2175.00   2.28424e-12
       2177.50   1.87503e-12
       2180.00   1.56782e-12
       2182.50   1.57666e-12
       2185.00   1.30364e-12
       2187.50   9.83248e-13
       2190.00   6.62898e-13
       2192.50   3.42507e-13
       2195.00   9.90020e-13
       2197.50   1.63753e-12
       2200.00   2.51798e-12
       2202.50   3.19040e-12
       2205.00   3.13985e-12
       2207.50   3.17653e-12
       2210.00   3.26235e-12
       2212.50   2.72658e-12
       2215.00   1.70238e-12
       2217.50   1.78610e-12
       2220.00   1.57416e-12
       2222.50   7.54328e-13
       2225.00   8.32433e-14
       2227.50   1.24852e-13
       2230.00   1.66461e-13
       2232.50   2.08067e-13
       2235.00   2.49676e-13
       2237.50   2.91285e-13
       2240.00   3.20285e-13
       2242.50   1.00378e-12
       2245.00   2.66901e-12
       2247.50   3.48196e-12
       2250.00   3.96355e-12
       2252.50   4.58673e-12
       2255.00   5.31455e-12
       2257.50   6.64672e-12
       2260.00   7.10297e-12
       2262.50   6.44503e-12
       2265.00   5.90441e-12
       2267.50   5.57309e-12
       2270.00   5.75921e-12
       2272.50   6.12530e-12
       2275.00   6.57430e-12
       2277.50   6.95270e-12
       2280.00   6.51564e-12
       2282.50   5.86676e-12
       2285.00   4.98794e-12
       2287.50   3.89729e-12
       2290.00   2.77746e-12
       2292.50   2.36206e-12
       2295.00   2.07947e-12
       2297.50   1.47943e-12
       2300.00   1.20634e-12
       2302.50   1.23498e-12
       2305.00   1.42298e-12
       2307.50   1.81376e-12
       2310.00   1.80815e-12
       2312.50   1.82919e-12
       2315.00   2.17416e-12
       2317.50   2.60166e-12
       2320.00   3.46277e-12
       2322.50   4.96513e-12
       2325.00   6.97116e-12
       2327.50   8.08317e-12
       2330.00   9.15825e-12
       2332.50   1.00135e-11
       2335.00   1.04017e-11
       2337.50   9.66736e-12
       2340.00   9.01667e-12
       2342.50   8.42210e-12
       2345.00   7.05336e-12
       2347.50   4.97019e-12
       2350.00   3.76223e-12
       2352.50   3.05291e-12
       2355.00   3.24120e-12
       2357.50   3.81328e-12
       2360.00   5.60025e-12
       2362.50   6.28860e-12
       2365.00   6.40411e-12
       2367.50   7.62874e-12
       2370.00   8.85300e-12
       2372.50   8.54847e-12
       2375.00   8.89500e-12
       2377.50   1.05129e-11
       2380.00   1.02268e-11
       2382.50   9.33966e-12
       2385.00   8.75777e-12
       2387.50   8.37901e-12
       2390.00   8.36091e-12
       2392.50   8.34280e-12
       2395.00   8.44527e-12
       2397.50   7.66966e-12
       2400.00   5.00604e-12
       2402.50   4.43030e-12
       2405.00   4.66603e-12
       2407.50   3.04248e-12
       2410.00   5.11540e-13
       2412.50   1.32120e-12
       2415.00   2.26266e-12
       2417.50   3.37203e-12
       2420.00   4.94304e-12
       2422.50   7.33435e-12
       2425.00   8.05638e-12
       2427.50   8.24358e-12
       2430.00   8.34389e-12
       2432.50   8.44419e-12
       2435.00   6.57249e-12
       2437.50   5.08933e-12
       2440.00   4.18878e-12
       2442.50   4.62258e-12
       2445.00   5.39023e-12
       2447.50   6.43163e-12
       2450.00   7.48028e-12
       2452.50   7.80218e-12
       2455.00   8.37467e-12
       2457.50   9.17853e-12
       2460.00   9.93858e-12
       2462.50   1.06440e-11
       2465.00   1.12769e-11
       2467.50   1.14138e-11
       2470.00   1.00233e-11
       2472.50   8.94751e-12
       2475.00   9.52289e-12
       2477.50   9.78034e-12
       2480.00   9.69344e-12
       2482.50   1.05082e-11
       2485.00   1.14464e-11
       2487.50   9.22886e-12
       2490.00   7.06495e-12
       2492.50   8.26893e-12
       2495.00   8.23345e-12
       2497.50   7.37165e-12
       2500.00   7.51214e-12
       2502.50   8.57744e-12
       2505.00   8.58251e-12
       2507.50   8.71395e-12
       2510.00   9.30961e-12
       2512.50   9.77527e-12
       2515.00   9.82741e-12
       2517.50   8.84793e-12
       2520.00   7.28764e-12
       2522.50   6.70466e-12
       2525.00   6.16259e-12
       2527.50   7.47992e-12
       2530.00   9.17310e-12
       2532.50   1.11809e-11
       2535.00   1.23933e-11
       2537.50   1.32308e-11
       2540.00   1.34405e-11
       2542.50   1.32315e-11
       2545.00   1.38580e-11
       2547.50   1.41505e-11
       2550.00   1.39431e-11
       2552.50   1.36258e-11
       2555.00   1.30762e-11
       2557.50   1.28741e-11
       2560.00   1.29067e-11
       2562.50   1.36700e-11
       2565.00   1.44359e-11
       2567.50   1.52568e-11
       2570.00   1.55544e-11
       2572.50   1.49218e-11
       2575.00   1.28437e-11
       2577.50   1.03090e-11
       2580.00   8.44636e-12
       2582.50   7.00737e-12
       2585.00   6.80423e-12
       2587.50   7.78625e-12
       2590.00   1.00523e-11
       2592.50   1.15597e-11
       2595.00   1.19290e-11
       2597.50   1.16984e-11
       2600.00   1.13178e-11
       2602.50   1.00233e-11
       2605.00   7.35789e-12
       2607.50   7.92964e-12
       2610.00   9.31033e-12
       2612.50   1.12581e-11
       2615.00   1.37037e-11
       2617.50   1.81843e-11
       2620.00   2.03711e-11
       2622.50   2.04406e-11
       2625.00   1.84715e-11
       2627.50   1.39068e-11
       2630.00   1.46596e-11
       2632.50   1.69738e-11
       2635.00   2.10239e-11
       2637.50   2.59557e-11
       2640.00   3.55181e-11
       2642.50   3.70900e-11
       2645.00   3.23830e-11
       2647.50   3.08564e-11
       2650.00   2.97636e-11
       2652.50   2.69685e-11
       2655.00   2.54647e-11
       2657.50   3.08300e-11
       2660.00   3.27574e-11
       2662.50   3.23932e-11
       2665.00   3.24308e-11
       2667.50   3.28396e-11
       2670.00   3.21230e-11
       2672.50   3.13083e-11
       2675.00   3.26952e-11
       2677.50   3.31384e-11
       2680.00   2.92617e-11
       2682.50   2.97875e-11
       2685.00   3.27897e-11
       2687.50   3.26112e-11
       2690.00   2.99331e-11
       2692.50   3.54475e-11
       2695.00   3.85311e-11
       2697.50   3.44868e-11
       2700.00   3.06645e-11
       2702.50   2.77322e-11
       2705.00   2.75026e-11
       2707.50   2.90752e-11
       2710.00   3.04806e-11
       2712.50   3.18859e-11
       2715.00   3.46990e-11
       2717.50   3.36783e-11
       2720.00   2.42506e-11
       2722.50   2.19151e-11
       2725.00   2.23376e-11
       2727.50   2.30698e-11
       2730.00   2.41659e-11
       2732.50   2.98204e-11
       2735.00   3.23856e-11
       2737.50   3.10175e-11
       2740.00   3.02930e-11
       2742.50   3.07116e-11
       2745.00   3.04534e-11
       2747.50   3.00359e-11
       2750.00   3.14503e-11
       2752.50   3.28643e-11
       2755.00   3.79192e-11
       2757.50   4.13555e-11
       2760.00   4.23730e-11
       2762.50   4.26301e-11
       2765.00   4.27025e-11
       2767.50   4.36187e-11
       2770.00   4.48570e-11
       2772.50   4.60483e-11
       2775.00   4.78914e-11
       2777.50   5.03356e-11
       2780.00   4.88546e-11
       2782.50   4.23694e-11
       2785.00   4.29669e-11
       2787.50   4.85649e-11
       2790.00   7.33218e-11
       2792.50   9.91396e-11
       2795.00   1.37124e-10
       2797.50   1.74873e-10
       2800.00   2.12376e-10
       2802.50   1.98286e-10
       2805.00   1.77165e-10
       2807.50   1.41621e-10
       2810.00   1.02775e-10
       2812.50   6.51564e-11
       2815.00   4.58275e-11
       2817.50   3.86868e-11
       2820.00   3.80713e-11
       2822.50   4.34811e-11
       2825.00   4.37635e-11
       2827.50   4.42016e-11
       2830.00   4.59289e-11
       2832.50   4.68015e-11
       2835.00   4.49657e-11
       2837.50   4.54436e-11
       2840.00   4.77394e-11
       2842.50   5.15269e-11
       2845.00   5.53761e-11
       2847.50   5.70055e-11
       2850.00   5.89572e-11
       2852.50   6.25203e-11
       2855.00   6.16875e-11
       2857.50   5.87907e-11
       2860.00   5.78058e-11
       2862.50   5.80918e-11
       2865.00   5.83199e-11
       2867.50   5.88776e-11
       2870.00   5.99241e-11
       2872.50   6.28933e-11
       2875.00   6.99542e-11
       2877.50   6.81039e-11
       2880.00   6.27919e-11
       2882.50   6.12131e-11
       2885.00   6.17382e-11
       2887.50   5.81063e-11
       2890.00   5.65384e-11
       2892.50   5.89319e-11
       2895.00   6.16947e-11
       2897.50   6.53881e-11
       2900.00   6.40991e-11
       2902.50   6.09090e-11
       2905.00   6.28064e-11
       2907.50   6.47038e-11
       2910.00   7.01751e-11
       2912.50   7.63163e-11
       2915.00   8.34678e-11
       2917.50   8.65819e-11
       2920.00   8.86857e-11
       2922.50   8.53254e-11
       2925.00   8.10961e-11
       2927.50   8.60713e-11
       2930.00   9.00798e-11
       2932.50   9.28571e-11
       2935.00   9.68619e-11
       2937.50   1.03054e-10
       2940.00   9.35704e-11
       2942.50   8.01003e-11
       2945.00   7.17032e-11
       2947.50   6.34292e-11
       2950.00   5.65819e-11
       2952.50   5.97213e-11
       2955.00   7.36694e-11
       2957.50   7.62367e-11
       2960.00   7.72469e-11
       2962.50   7.53351e-11
       2965.00   7.06676e-11
       2967.50   5.79216e-11
       2970.00   5.48619e-11
       2972.50   5.82620e-11
       2975.00   6.00544e-11
       2977.50   6.03586e-11
       2980.00   6.65433e-11
       2982.50   7.32349e-11
       2985.00   7.79639e-11
       2987.50   8.28667e-11
       2990.00   8.86748e-11
       2992.50   9.14449e-11
       2995.00   9.18360e-11
       2997.50   8.85771e-11
       3000.00   8.51661e-11
       3002.50   8.32506e-11
       3005.00   8.25300e-11
       3007.50   8.43477e-11
       3010.00   8.47098e-11
       3012.50   8.43840e-11
       3015.00   8.05529e-11
       3017.50   7.43900e-11
       3020.00   7.07726e-11
       3022.50   6.94075e-11
       3025.00   7.28366e-11
       3027.50   7.90466e-11
       3030.00   9.40774e-11
       3032.50   1.06367e-10
       3035.00   1.16651e-10
       3037.50   1.15731e-10
       3040.00   1.14815e-10
       3042.50   1.06932e-10
       3045.00   1.01088e-10
       3047.50   9.93749e-11
       3050.00   9.94763e-11
       3052.50   1.00153e-10
       3055.00   9.61015e-11
       3057.50   8.92615e-11
       3060.00   7.59542e-11
       3062.50   6.86145e-11
       3065.00   6.77382e-11
       3067.50   7.06929e-11
       3070.00   7.93978e-11
       3072.50   8.81245e-11
       3075.00   9.60110e-11
       3077.50   9.76586e-11
       3080.00   9.96284e-11
       3082.50   1.09242e-10
       3085.00   1.14514e-10
       3087.50   1.14265e-10
       3090.00   1.13931e-10
       3092.50   1.13453e-10
       3095.00   1.10567e-10
       3097.50   1.09039e-10
       3100.00   1.18653e-10
       3102.50   1.28383e-10
       3105.00   1.39387e-10
       3107.50   1.52415e-10
       3110.00   1.67642e-10
       3112.50   1.69003e-10
       3115.00   1.68475e-10
       3117.50   1.59357e-10
       3120.00   1.46962e-10
       3122.50   1.35064e-10
       3125.00   1.27720e-10
       3127.50   1.24581e-10
       3130.00   1.20514e-10
       3132.50   1.15271e-10
       3135.00   1.03014e-10
       3137.50   9.07316e-11
       3140.00   8.25843e-11
       3142.50   7.87171e-11
       3145.00   9.73146e-11
       3147.50   1.19388e-10
       3150.00   1.44192e-10
       3152.50   1.53929e-10
       3155.00   1.63039e-10
       3157.50   1.58010e-10
       3160.00   1.46741e-10
       3162.50   1.24392e-10
       3165.00   1.10810e-10
       3167.50   1.03068e-10
       3170.00   9.49826e-11
       3172.50   8.65819e-11
       3175.00   1.13464e-10
       3177.50   1.33021e-10
       3180.00   1.30494e-10
       3182.50   1.34412e-10
       3185.00   1.58727e-10
       3187.50   1.57481e-10
       3190.00   1.43189e-10
       3192.50   1.60870e-10
       3195.00   1.78552e-10
       3197.50   1.82267e-10
       3200.00   1.90512e-10
       3202.50   1.88296e-10
       3205.00   1.86080e-10
       3207.50   1.83860e-10
       3210.00   1.81641e-10
       3212.50   1.79425e-10
       3215.00   1.77208e-10
       3217.50   1.74989e-10
       3220.00   1.72773e-10
       3222.50   1.78968e-10
       3225.00   1.85167e-10
       3227.50   1.91367e-10
       3230.00   1.97562e-10
       3232.50   2.03761e-10
       3235.00   2.09960e-10
       3237.50   2.16160e-10
       3240.00   2.22355e-10
       3260.00   1.99369e-10
       3270.00   1.93977e-10
       3280.00   2.05177e-10
       3290.00   1.64158e-10
       3300.00   1.92174e-10
       3310.00   2.40659e-10
       3320.00   2.36560e-10
       3330.00   2.59767e-10
       3340.00   2.81595e-10
       3350.00   2.57982e-10
       3360.00   2.55650e-10
       3370.00   2.40381e-10
       3380.00   2.73687e-10
       3390.00   3.03864e-10
       3400.00   2.56183e-10
       3410.00   2.97694e-10
       3420.00   3.75245e-10
       3430.00   3.43195e-10
       3440.00   3.11526e-10
       3450.00   3.03487e-10
       3460.00   3.21267e-10
       3470.00   3.15491e-10
       3480.00   3.44771e-10
       3490.00   3.51013e-10
       3500.00   3.70755e-10
       3510.00   3.58972e-10
       3520.00   3.39705e-10
       3530.00   3.66917e-10
       3540.00   4.30031e-10
       3550.00   4.47086e-10
       3560.00   3.96392e-10
       3570.00   3.06359e-10
       3580.00   2.62295e-10
       3590.00   3.11501e-10
       3600.00   3.60156e-10
       3610.00   3.27372e-10
       3620.00   4.16923e-10
       3630.00   3.80495e-10
       3640.00   3.66011e-10
       3650.00   4.03163e-10
       3660.00   4.13881e-10
       3670.00   4.31841e-10
       3680.00   4.49077e-10
       3690.00   4.22209e-10
       3700.00   4.18371e-10
       3710.00   4.30393e-10
       3720.00   1.68688e-10
       3730.00   3.31047e-10
       3740.00   3.60453e-10
       3750.00   3.64491e-10
       3760.00   3.68474e-10
       3770.00   4.72578e-10
       3780.00   4.88872e-10
       3790.00   4.88872e-10
       3800.00   5.56114e-10
       3810.00   4.93435e-10
       3820.00   4.16669e-10
       3830.00   4.08594e-10
       3840.00   4.46796e-10
       3850.00   4.71709e-10
       3860.00   4.56500e-10
       3870.00   4.73157e-10
       3880.00   4.83549e-10
       3890.00   5.35583e-10
       3900.00   4.92710e-10
       3910.00   5.29536e-10
       3920.00   5.65963e-10
       3930.00   5.69983e-10
       3940.00   5.67050e-10
       3950.00   5.75052e-10
       3960.00   5.82041e-10
       3970.00   6.41643e-10
       3980.00   8.37249e-10
       3990.00   8.58468e-10
       4000.00   8.96344e-10
       4010.00   9.64564e-10
       4020.00   9.04781e-10
       4030.00   8.76066e-10
       4040.00   9.86761e-10
       4050.00   1.02098e-09
       4060.00   1.03843e-09
       4070.00   9.90237e-10
       4080.00   9.42512e-10
       4090.00   1.10930e-09
       4100.00   1.09850e-09
       4110.00   1.07587e-09
       4120.00   1.13685e-09
       4130.00   1.12870e-09
       4140.00   1.13247e-09
       4150.00   1.20138e-09
       4160.00   1.18526e-09
       4170.00   1.16922e-09
       4180.00   1.15014e-09
       4190.00   1.14656e-09
       4200.00   1.15257e-09
       4210.00   1.03108e-09
       4220.00   7.96477e-10
       4230.00   7.70731e-10
       4240.00   7.45239e-10
       4250.00   9.94980e-10
       4260.00   1.05842e-09
       4270.00   1.06331e-09
       4280.00   9.68149e-10
       4290.00   1.03695e-09
       4300.00   1.10140e-09
       4310.00   1.19070e-09
       4320.00   1.32192e-09
       4330.00   1.38232e-09
       4340.00   1.35393e-09
       4350.00   1.44569e-09
       4360.00   1.45206e-09
       4370.00   1.51901e-09
       4380.00   1.48277e-09
       4390.00   1.56323e-09
       4400.00   1.64292e-09
       4410.00   1.66262e-09
       4420.00   1.63499e-09
       4430.00   1.66197e-09
       4440.00   1.83350e-09
       4450.00   1.75601e-09
       4460.00   1.81029e-09
       4470.00   1.96201e-09
       4480.00   2.05851e-09
       4490.00   2.07335e-09
       4500.00   2.14957e-09
       4510.00   2.18151e-09
       4520.00   2.19111e-09
       4530.00   2.10040e-09
       4540.00   2.21059e-09
       4550.00   2.24999e-09
       4560.00   2.28906e-09
       4570.00   2.50128e-09
       4580.00   2.49578e-09
       4590.00   2.48810e-09
       4600.00   2.53304e-09
       4610.00   2.64688e-09
       4620.00   2.60177e-09
       4630.00   2.52710e-09
       4640.00   2.46815e-09
       4650.00   2.48198e-09
       4660.00   2.55158e-09
       4670.00   2.43658e-09
       4680.00   2.50671e-09
       4690.00   2.52105e-09
       4700.00   2.54495e-09
       4710.00   2.54528e-09
       4720.00   2.54564e-09
       4730.00   2.58663e-09
       4740.00   2.54571e-09
       4750.00   2.47771e-09
       4760.00   2.22674e-09
       4770.00   2.04551e-09
       4780.00   2.18209e-09
       4790.00   2.34149e-09
       4800.00   2.32490e-09
       4810.00   2.30651e-09
       4820.00   2.32454e-09
       4830.00   2.37415e-09
       4840.00   2.29145e-09
       4850.00   2.37994e-09
       4860.00   2.40395e-09
       4870.00   2.43223e-09
       4880.00   2.46026e-09
       4890.00   2.57946e-09
       4900.00   2.61806e-09
       4910.00   2.70442e-09
       4920.00   2.72821e-09
       4930.00   2.82076e-09
       4940.00   2.78405e-09
       4950.00   2.56407e-09
       4960.00   2.30292e-09
       4970.00   2.41883e-09
       4980.00   2.40232e-09
       4990.00   2.38143e-09
       5000.00   2.33595e-09
       5010.00   2.29796e-09
       5020.00   2.31292e-09
       5030.00   2.37502e-09
       5040.00   2.43661e-09
       5050.00   2.47898e-09
       5060.00   2.38711e-09
       5070.00   2.35670e-09
       5080.00   2.41452e-09
       5090.00   2.39378e-09
       5100.00   2.34851e-09
       5110.00   2.42325e-09
       5120.00   2.47384e-09
       5130.00   2.48043e-09
       5140.00   2.47079e-09
       5150.00   2.54173e-09
       5160.00   2.39088e-09
       5170.00   2.08813e-09
       5180.00   2.15591e-09
       5190.00   2.30158e-09
       5200.00   2.44610e-09
       5210.00   2.59366e-09
       5220.00   2.97473e-09
       5230.00   3.02130e-09
       5240.00   3.02495e-09
       5250.00   3.02524e-09
       5260.00   2.82768e-09
       5270.00   2.88051e-09
       5280.00   3.24533e-09
       5290.00   3.24232e-09
       5300.00   3.29092e-09
       5310.00   3.41566e-09
       5320.00   3.27136e-09
       5330.00   3.24489e-09
       5340.00   3.33205e-09
       5350.00   3.47157e-09
       5360.00   3.61004e-09
       5370.00   3.68619e-09
       5380.00   3.85094e-09
       5390.00   3.76874e-09
       5400.00   3.60765e-09
       5410.00   3.78395e-09
       5420.00   4.03235e-09
       5430.00   3.99868e-09
       5440.00   3.86615e-09
       5450.00   3.66446e-09
       5460.00   3.53407e-09
       5470.00   3.63006e-09
       5480.00   3.73326e-09
       5490.00   3.81111e-09
       5500.00   3.70393e-09
       5510.00   3.68003e-09
       5520.00   3.65613e-09
       5530.00   3.85167e-09
       5540.00   3.87810e-09
       5550.00   3.99180e-09
       5560.00   3.88643e-09
       5570.00   3.94509e-09
       5580.00   3.83718e-09
       5590.00   3.71552e-09
       5600.00   3.65939e-09
       5610.00   3.68546e-09
       5620.00   3.80387e-09
       5630.00   3.81183e-09
       5640.00   3.83356e-09
       5650.00   3.95016e-09
       5660.00   4.08015e-09
       5670.00   4.09355e-09
       5680.00   4.10731e-09
       5690.00   4.17973e-09
       5700.00   4.30683e-09
       5710.00   4.19892e-09
       5720.00   4.33507e-09
       5730.00   4.38866e-09
       5740.00   4.55052e-09
       5760.00   4.65082e-09
       5780.00   4.57840e-09
       5800.00   4.76416e-09
       5820.00   4.69174e-09
       5840.00   4.51141e-09
       5860.00   4.15655e-09
       5880.00   3.51737e-09
       5900.00   3.43710e-09
       5920.00   3.35780e-09
       5940.00   4.21739e-09
       5960.00   4.34123e-09
       5980.00   4.43139e-09
       6000.00   4.64249e-09
       6020.00   4.77285e-09
       6040.00   5.00640e-09
       6060.00   5.12010e-09
       6080.00   5.21425e-09
       6100.00   5.19832e-09
       6120.00   5.14654e-09
       6140.00   5.00242e-09
       6160.00   4.51105e-09
       6180.00   4.28474e-09
       6200.00   4.15185e-09
       6220.00   4.00013e-09
       6240.00   3.95450e-09
       6260.00   4.06096e-09
       6280.00   4.16633e-09
       6300.00   4.85360e-09
       6320.00   5.16066e-09
       6340.00   5.29862e-09
       6360.00   5.22946e-09
       6380.00   5.21860e-09
       6400.00   5.57563e-09
       6420.00   5.76464e-09
       6440.00   5.85372e-09
       6460.00   6.12964e-09
       6480.00   6.21510e-09
       6500.00   6.27810e-09
       6520.00   6.60182e-09
       6540.00   6.61920e-09
       6560.00   6.44322e-09
       6580.00   6.45589e-09
       6600.00   6.26724e-09
       6620.00   6.18468e-09
       6640.00   6.10285e-09
       6660.00   5.70128e-09
       6680.00   5.45324e-09
       6700.00   5.21787e-09
       6720.00   5.05746e-09
       6740.00   4.98033e-09
       6760.00   4.91407e-09
       6780.00   4.75800e-09
       6800.00   4.63996e-09
       6820.00   4.70477e-09
       6840.00   4.79277e-09
       6860.00   4.78118e-09
       6880.00   4.82716e-09
       6900.00   5.20990e-09
       6920.00   5.66579e-09
       6940.00   6.04129e-09
       6960.00   6.08329e-09
       6980.00   6.17454e-09
       7000.00   6.26434e-09
       7020.00   6.76223e-09
       7040.00   6.85058e-09
       7060.00   6.62246e-09
       7080.00   6.22632e-09
       7100.00   6.03513e-09
       7120.00   5.81063e-09
       7140.00   5.59953e-09
       7160.00   6.02029e-09
       7180.00   6.07822e-09
       7200.00   6.26145e-09
       7220.00   6.46169e-09
       7240.00   6.72819e-09
       7260.00   7.12614e-09
       7280.00   7.44334e-09
       7300.00   7.80146e-09
       7320.00   7.91190e-09
       7340.00   7.98686e-09
       7360.00   8.06072e-09
       7380.00   8.41341e-09
       7400.00   8.44600e-09
       7420.00   8.54522e-09
       7440.00   8.58650e-09
       7460.00   8.68607e-09
       7480.00   8.72808e-09
       7500.00   8.73568e-09
       7520.00   8.71721e-09
       7540.00   8.81498e-09
       7560.00   8.72735e-09
       7580.00   7.97310e-09
       7600.00   7.83803e-09
       7620.00   9.59676e-09
       7640.00   8.59156e-09
       7660.00   8.20412e-09
       7680.00   7.30755e-09
       7700.00   7.56356e-09
       7720.00   7.81667e-09
       7740.00   7.87026e-09
       7760.00   7.90068e-09
       7780.00   8.13097e-09
       7800.00   8.19651e-09
       7820.00   8.22258e-09
       7840.00   8.29609e-09
       7860.00   8.46483e-09
       7880.00   8.57563e-09
       7900.00   8.56115e-09
       7920.00   8.61293e-09
       7940.00   8.75704e-09
       7960.00   8.98444e-09
       7980.00   9.05759e-09
       8000.00   9.06700e-09
       8020.00   9.17708e-09
       8040.00   9.22886e-09
       8060.00   9.40557e-09
       8080.00   9.58010e-09
       8100.00   9.20388e-09
       8120.00   9.48414e-09
       8140.00   9.24081e-09
       8160.00   8.94099e-09
       8180.00   8.73278e-09
       8200.00   8.84214e-09
       8220.00   8.97539e-09
       8240.00   9.40882e-09
       8260.00   9.40955e-09
       8280.00   8.88052e-09
       8300.00   8.91420e-09
       8320.00   8.90732e-09
       8340.00   8.95982e-09
       8360.00   8.76754e-09
       8380.00   9.03152e-09
       8400.00   9.10611e-09
       8420.00   8.88631e-09
       8440.00   8.66833e-09
       8460.00   8.70744e-09
       8480.00   8.66797e-09
       8500.00   8.52783e-09
       8520.00   8.38879e-09
       8540.00   8.37865e-09
       8560.00   8.83671e-09
       8580.00   8.85047e-09
       8600.00   8.91420e-09
       8620.00   8.87871e-09
       8640.00   8.78818e-09
       8660.00   8.35946e-09
       8680.00   8.73278e-09
       8700.00   8.71178e-09
       8720.00   8.78891e-09
       8740.00   9.17237e-09
       8760.00   8.85662e-09
       8780.00   8.75777e-09
       8800.00   8.66000e-09
       8820.00   9.00074e-09
       8840.00   8.83634e-09
       8860.00   8.94425e-09
       8880.00   8.73858e-09
       8900.00   8.64986e-09
       8920.00   8.69983e-09
       8940.00   8.56115e-09
       8960.00   8.47678e-09
       8980.00   8.43622e-09
       9000.00   8.37539e-09
       9020.00   8.87545e-09
       9040.00   9.14992e-09
       9060.00   8.72627e-09
       9080.00   8.71070e-09
       9100.00   9.14630e-09
       9120.00   8.85228e-09
       9140.00   8.72120e-09
       9160.00   8.59156e-09
       9180.00   8.92361e-09
       9200.00   9.22995e-09
       9220.00   9.07352e-09
       9240.00   8.76465e-09
       9260.00   8.56803e-09
       9280.00   8.15559e-09
       9300.00   7.82427e-09
       9320.00   7.71564e-09
       9340.00   8.46193e-09
       9360.00   8.28740e-09
       9380.00   8.60315e-09
       9400.00   9.14666e-09
       9420.00   8.04769e-09
       9440.00   7.86990e-09
       9460.00   8.67449e-09
       9480.00   8.56513e-09
       9500.00   8.30876e-09
       9520.00   8.05457e-09
       9540.00   8.50973e-09
       9560.00   8.54304e-09
       9580.00   8.45614e-09
       9600.00   8.27581e-09
       9620.00   8.45614e-09
       9640.00   8.32216e-09
       9660.00   8.65964e-09
       9680.00   8.76067e-09
       9700.00   8.38915e-09
       9720.00   8.18565e-09
       9740.00   8.31094e-09
       9760.00   8.58831e-09
       9780.00   8.71070e-09
       9800.00   8.64009e-09
       9820.00   8.87762e-09
       9840.00   8.78818e-09
       9860.00   8.77696e-09
       9880.00   8.76537e-09
       9900.00   8.35728e-09
       9920.00   8.24612e-09
       9940.00   8.42464e-09
       9960.00   8.32614e-09
       9980.00   8.38770e-09
       10000.0   8.34968e-09
       10020.0   8.59482e-09
       10040.0   8.28088e-09
       10060.0   8.55246e-09
       10080.0   8.61365e-09
       10100.0   8.57853e-09
       10120.0   8.52675e-09
       10140.0   8.45614e-09
       10160.0   8.50901e-09
       10180.0   8.48112e-09
       10200.0   8.37322e-09
       10220.0   8.49597e-09
       10240.0   8.61764e-09
       10260.0   8.18601e-09
       10280.0   8.34859e-09
       10300.0   8.21353e-09
       10320.0   8.08245e-09
       10340.0   8.09005e-09
       10360.0   8.01510e-09
       10380.0   8.21462e-09
       10400.0   8.14256e-09
       10420.0   8.33085e-09
       10440.0   8.30007e-09
       10460.0   8.38336e-09
       10480.0   8.17949e-09
       10500.0   8.14401e-09
       10520.0   8.51444e-09
       10540.0   8.32433e-09
       10560.0   8.37430e-09
       10580.0   8.46012e-09
       10600.0   8.21027e-09
       10800.0   8.00243e-09
       11000.0   7.75656e-09
       11200.0   7.49005e-09
       11400.0   7.22029e-09
       11600.0   6.96139e-09
       11800.0   6.72566e-09
       12000.0   6.52433e-09
       12200.0   6.36682e-09
       12400.0   6.26217e-09
       12600.0   6.24406e-09
       12800.0   6.16042e-09
       13000.0   5.94823e-09
       13200.0   5.55825e-09
       13400.0   5.12409e-09
       13600.0   4.85831e-09
       13800.0   4.69826e-09
       14000.0   4.58021e-09
       14200.0   4.47665e-09
       14400.0   4.38287e-09
       14600.0   4.30139e-09
       14800.0   4.24491e-09
       15000.0   4.22391e-09
       15200.0   4.23332e-09
       15400.0   4.26374e-09
       15600.0   4.30429e-09
       15800.0   4.34340e-09
       16000.0   4.36585e-09
       16200.0   4.35716e-09
       16400.0   4.30212e-09
       16600.0   4.19204e-09
       16800.0   4.04503e-09
       17000.0   3.88534e-09
       17200.0   3.71624e-09
       17400.0   3.53555e-09
       17600.0   3.34360e-09
       17800.0   3.15227e-09
       18000.0   2.97549e-09
       18200.0   2.82489e-09
       18400.0   2.69971e-09
       18600.0   2.59525e-09
       18800.0   2.50682e-09
       19000.0   2.43125e-09
       19200.0   2.36662e-09
       19400.0   2.31111e-09
       19600.0   2.26295e-09
       19800.0   2.22022e-09
       20000.0   2.18133e-09
       20200.0   2.14530e-09
       20400.0   2.11141e-09
       20600.0   2.07893e-09
       20800.0   2.04714e-09
       21000.0   2.01574e-09
       21200.0   1.98446e-09
       21400.0   1.95310e-09
       21600.0   1.92142e-09
       21800.0   1.88933e-09
       22000.0   1.85700e-09
       22200.0   1.82463e-09
       22400.0   1.79225e-09
       22600.0   1.75977e-09
       22800.0   1.72403e-09
       23000.0   1.67960e-09
       23200.0   1.62312e-09
       23400.0   1.55808e-09
       23600.0   1.48947e-09
       23800.0   1.42099e-09
       24000.0   1.35473e-09
       24200.0   1.29241e-09
       24400.0   1.23523e-09
       24600.0   1.18367e-09
       24800.0   1.13812e-09
       25000.0   1.09822e-09
       25200.0   1.06295e-09
       25400.0   1.03134e-09
       25600.0   1.00229e-09
