       229.000       0.00000
       234.000       0.00000
       243.000       0.00000
       252.000       0.00000
       256.000       0.00000
       260.000       0.00000
       266.000       0.00000
       275.000       0.00000
       283.000       0.00000
       293.000       0.00000
       301.000       0.00000
       309.000       0.00000
       325.000       0.00000
       342.000       0.00000
       351.000       0.00000
       356.000       0.00000
       365.000       0.00000
       375.000       0.00000
       384.000       0.00000
       400.000       0.00000
       415.000       0.00000
       425.000       0.00000
       445.000       0.00000
       472.000       0.00000
       494.000       0.00000
       506.000       0.00000
       516.000       0.00000
       540.000       0.00000
       564.000       0.00000
       587.000       0.00000
       612.000       0.00000
       640.000       0.00000
       671.000       0.00000
       705.000       0.00000
       736.000       0.00000
       770.000       0.00000
       810.000       0.00000
       850.000       0.00000
       890.000       0.00000
       920.000       0.00000
       940.000       0.00000
       962.000       0.00000
       987.000       0.00000
       1012.00       0.00000
       1037.00       0.00000
       1062.00       0.00000
       1087.00       0.00000
       1112.00       0.00000
       1120.00       0.00000
       1140.00       0.00000
       1160.00       0.00000
       1180.00       0.00000
       1200.00       0.00000
       1220.00       0.00000
       1240.00       0.00000
       1260.00       0.00000
       1280.00       0.00000
       1300.00       0.00000
       1320.00       0.00000
       1340.00       0.00000
       1360.00       0.00000
       1380.00       0.00000
       1400.00       0.00000
       1420.00       0.00000
       1440.00       0.00000
       1460.00       0.00000
       1480.00       0.00000
       1500.00       0.00000
       1520.00       0.00000
       1540.00       0.00000
       1560.00       0.00000
       1580.00       0.00000
       1600.00       0.00000
       1620.00       0.00000
       1640.00       0.00000
       1660.00       0.00000
       1680.00       0.00000
       1700.00       0.00000
       1720.00       0.00000
       1740.00       0.00000
       1760.00       0.00000
       1780.00       0.00000
       1800.00       0.00000
       1820.00       0.00000
       1840.00       0.00000
       1860.00       0.00000
       1880.00       0.00000
       1900.00       0.00000
       1920.00       0.00000
       1940.00       0.00000
       1960.00       0.00000
       1980.00       0.00000
       2000.00   1.31324e-12
       2002.50   1.31324e-12
       2005.00   1.37292e-12
       2007.50   1.40146e-12
       2010.00   1.33142e-12
       2012.50   1.36193e-12
       2015.00   1.44793e-12
       2017.50   1.50750e-12
       2020.00   1.56706e-12
       2022.50   1.78847e-12
       2025.00   1.90111e-12
       2027.50   1.80844e-12
       2030.00   1.79369e-12
       2032.50   1.81559e-12
       2035.00   1.78037e-12
       2037.50   1.70704e-12
       2040.00   1.45307e-12
       2042.50   1.28535e-12
       2045.00   1.24696e-12
       2047.50   1.21637e-12
       2050.00   1.20228e-12
       2052.50   1.18060e-12
       2055.00   1.17735e-12
       2057.50   1.33098e-12
       2060.00   1.49063e-12
       2062.50   1.79658e-12
       2065.00   2.01160e-12
       2067.50   2.11081e-12
       2070.00   2.15614e-12
       2072.50   2.18446e-12
       2075.00   2.28794e-12
       2077.50   2.41529e-12
       2080.00   2.41062e-12
       2082.50   2.39763e-12
       2085.00   2.37562e-12
       2087.50   2.34656e-12
       2090.00   2.30692e-12
       2092.50   2.46274e-12
       2095.00   2.64280e-12
       2097.50   2.72445e-12
       2100.00   2.78146e-12
       2102.50   2.65773e-12
       2105.00   2.55432e-12
       2107.50   2.47687e-12
       2110.00   2.49154e-12
       2112.50   2.52381e-12
       2115.00   2.60874e-12
       2117.50   2.70408e-12
       2120.00   2.76668e-12
       2122.50   2.82796e-12
       2125.00   2.88823e-12
       2127.50   3.00700e-12
       2130.00   3.18917e-12
       2132.50   3.32313e-12
       2135.00   3.34586e-12
       2137.50   3.09960e-12
       2140.00   2.90859e-12
       2142.50   2.93881e-12
       2145.00   2.94411e-12
       2147.50   2.92640e-12
       2150.00   2.86903e-12
       2152.50   2.76109e-12
       2155.00   2.76055e-12
       2157.50   2.81088e-12
       2160.00   2.95776e-12
       2162.50   3.05138e-12
       2165.00   2.86541e-12
       2167.50   2.85917e-12
       2170.00   2.99419e-12
       2172.50   3.06087e-12
       2175.00   3.12471e-12
       2177.50   3.13384e-12
       2180.00   3.14300e-12
       2182.50   3.17143e-12
       2185.00   3.21417e-12
       2187.50   3.26644e-12
       2190.00   3.35747e-12
       2192.50   3.48416e-12
       2195.00   3.73142e-12
       2197.50   3.89238e-12
       2200.00   3.84895e-12
       2202.50   3.78179e-12
       2205.00   3.63984e-12
       2207.50   3.47427e-12
       2210.00   3.29655e-12
       2212.50   3.14559e-12
       2215.00   2.99466e-12
       2217.50   2.79351e-12
       2220.00   2.68401e-12
       2222.50   2.81552e-12
       2225.00   3.04211e-12
       2227.50   3.31353e-12
       2230.00   3.64805e-12
       2232.50   4.02451e-12
       2235.00   4.37857e-12
       2237.50   4.71838e-12
       2240.00   5.03593e-12
       2242.50   5.37648e-12
       2245.00   5.76521e-12
       2247.50   6.04553e-12
       2250.00   6.26782e-12
       2252.50   6.37622e-12
       2255.00   6.48280e-12
       2257.50   6.55361e-12
       2260.00   6.56347e-12
       2262.50   6.46565e-12
       2265.00   6.30359e-12
       2267.50   6.12145e-12
       2270.00   5.92763e-12
       2272.50   5.74696e-12
       2275.00   5.77835e-12
       2277.50   5.75791e-12
       2280.00   5.68089e-12
       2282.50   5.61373e-12
       2285.00   5.56117e-12
       2287.50   5.47868e-12
       2290.00   5.38524e-12
       2292.50   5.27647e-12
       2295.00   5.15967e-12
       2297.50   4.98009e-12
       2300.00   4.90234e-12
       2302.50   4.95381e-12
       2305.00   4.92972e-12
       2307.50   4.89139e-12
       2310.00   5.03885e-12
       2312.50   5.28633e-12
       2315.00   5.75353e-12
       2317.50   6.17000e-12
       2320.00   6.54668e-12
       2322.50   7.03615e-12
       2325.00   7.64862e-12
       2327.50   8.35855e-12
       2330.00   8.91700e-12
       2332.50   9.05023e-12
       2335.00   9.18236e-12
       2337.50   9.30974e-12
       2340.00   9.38712e-12
       2342.50   9.41888e-12
       2345.00   9.20973e-12
       2347.50   8.98015e-12
       2350.00   8.91116e-12
       2352.50   8.95350e-12
       2355.00   9.25171e-12
       2357.50   9.37508e-12
       2360.00   9.39990e-12
       2362.50   9.48020e-12
       2365.00   9.60394e-12
       2367.50   9.70176e-12
       2370.00   9.79812e-12
       2372.50   9.81345e-12
       2375.00   9.82586e-12
       2377.50   9.87075e-12
       2380.00   9.87404e-12
       2382.50   9.84922e-12
       2385.00   9.79848e-12
       2387.50   9.72366e-12
       2390.00   9.77804e-12
       2392.50   9.79629e-12
       2395.00   9.71526e-12
       2397.50   9.56451e-12
       2400.00   9.19331e-12
       2402.50   9.06191e-12
       2405.00   9.06008e-12
       2407.50   8.92722e-12
       2410.00   8.79436e-12
       2412.50   8.69873e-12
       2415.00   8.71223e-12
       2417.50   9.00351e-12
       2420.00   9.29551e-12
       2422.50   9.58751e-12
       2425.00   1.01127e-11
       2427.50   1.07935e-11
       2430.00   1.13395e-11
       2432.50   1.17761e-11
       2435.00   1.20480e-11
       2437.50   1.22509e-11
       2440.00   1.23071e-11
       2442.50   1.24236e-11
       2445.00   1.25977e-11
       2447.50   1.30229e-11
       2450.00   1.34470e-11
       2452.50   1.38460e-11
       2455.00   1.41588e-11
       2457.50   1.43183e-11
       2460.00   1.39759e-11
       2462.50   1.34751e-11
       2465.00   1.31689e-11
       2467.50   1.29678e-11
       2470.00   1.29258e-11
       2472.50   1.30247e-11
       2475.00   1.32762e-11
       2477.50   1.33032e-11
       2480.00   1.29937e-11
       2482.50   1.26075e-11
       2485.00   1.21557e-11
       2487.50   1.15176e-11
       2490.00   1.10545e-11
       2492.50   1.18764e-11
       2495.00   1.24455e-11
       2497.50   1.26922e-11
       2500.00   1.28470e-11
       2502.50   1.31587e-11
       2505.00   1.34678e-11
       2507.50   1.35781e-11
       2510.00   1.34967e-11
       2512.50   1.28806e-11
       2515.00   1.24469e-11
       2517.50   1.18998e-11
       2520.00   1.10169e-11
       2522.50   1.01795e-11
       2525.00   1.14983e-11
       2527.50   1.37208e-11
       2530.00   1.51563e-11
       2532.50   1.73310e-11
       2535.00   2.03456e-11
       2537.50   2.19509e-11
       2540.00   2.14081e-11
       2542.50   2.18220e-11
       2545.00   2.25279e-11
       2547.50   2.30229e-11
       2550.00   2.34952e-11
       2552.50   2.35934e-11
       2555.00   2.34605e-11
       2557.50   2.27422e-11
       2560.00   2.17888e-11
       2562.50   2.16662e-11
       2565.00   2.22454e-11
       2567.50   2.33795e-11
       2570.00   2.42741e-11
       2572.50   2.56761e-11
       2575.00   2.29798e-11
       2577.50   2.09807e-11
       2580.00   2.02281e-11
       2582.50   2.00605e-11
       2585.00   1.96419e-11
       2587.50   2.14888e-11
       2590.00   2.49453e-11
       2592.50   2.67769e-11
       2595.00   2.75595e-11
       2597.50   2.76361e-11
       2600.00   2.82800e-11
       2602.50   2.85497e-11
       2605.00   2.83081e-11
       2607.50   2.80216e-11
       2610.00   2.84267e-11
       2612.50   2.93082e-11
       2615.00   2.93108e-11
       2617.50   2.96061e-11
       2620.00   3.04065e-11
       2622.50   3.14260e-11
       2625.00   3.19260e-11
       2627.50   3.35189e-11
       2630.00   3.59794e-11
       2632.50   3.79310e-11
       2635.00   4.10956e-11
       2637.50   4.67130e-11
       2640.00   5.11441e-11
       2642.50   5.27574e-11
       2645.00   5.37612e-11
       2647.50   5.44912e-11
       2650.00   5.42758e-11
       2652.50   5.43087e-11
       2655.00   5.55278e-11
       2657.50   5.71484e-11
       2660.00   5.88566e-11
       2662.50   6.05794e-11
       2665.00   6.22365e-11
       2667.50   6.15138e-11
       2670.00   6.04845e-11
       2672.50   6.00246e-11
       2675.00   5.96340e-11
       2677.50   5.90683e-11
       2680.00   5.99005e-11
       2682.50   6.25285e-11
       2685.00   6.27329e-11
       2687.50   6.19226e-11
       2690.00   6.08823e-11
       2692.50   6.04042e-11
       2695.00   5.92836e-11
       2697.50   5.94260e-11
       2700.00   6.09992e-11
       2702.50   6.28388e-11
       2705.00   6.54376e-11
       2707.50   6.80254e-11
       2710.00   6.88978e-11
       2712.50   6.78466e-11
       2715.00   6.54120e-11
       2717.50   6.10211e-11
       2720.00   5.73236e-11
       2722.50   5.66812e-11
       2725.00   5.84697e-11
       2727.50   6.12802e-11
       2730.00   6.42002e-11
       2732.50   6.53135e-11
       2735.00   6.29008e-11
       2737.50   5.92070e-11
       2740.00   5.54073e-11
       2742.50   5.38999e-11
       2745.00   5.38378e-11
       2747.50   5.62395e-11
       2750.00   5.98129e-11
       2752.50   6.38425e-11
       2755.00   6.79159e-11
       2757.50   7.17850e-11
       2760.00   7.63621e-11
       2762.50   8.02713e-11
       2765.00   8.22824e-11
       2767.50   8.46075e-11
       2770.00   8.65018e-11
       2772.50   8.66807e-11
       2775.00   8.52207e-11
       2777.50   8.33665e-11
       2780.00   8.02129e-11
       2782.50   7.53510e-11
       2785.00   7.04235e-11
       2787.50   6.71166e-11
       2790.00   6.56091e-11
       2792.50   6.46309e-11
       2795.00   6.35323e-11
       2797.50   6.35943e-11
       2800.00   6.45981e-11
       2802.50   6.37440e-11
       2805.00   6.32220e-11
       2807.50   6.48828e-11
       2810.00   7.09382e-11
       2812.50   7.77345e-11
       2815.00   8.46075e-11
       2817.50   9.22397e-11
       2820.00   1.00328e-10
       2822.50   1.03650e-10
       2825.00   1.05117e-10
       2827.50   1.05091e-10
       2830.00   1.04475e-10
       2832.50   1.03343e-10
       2835.00   1.03500e-10
       2837.50   1.01792e-10
       2840.00   9.53057e-11
       2842.50   8.85495e-11
       2845.00   7.75629e-11
       2847.50   6.39447e-11
       2850.00   5.18741e-11
       2852.50   4.80598e-11
       2855.00   4.89212e-11
       2857.50   5.50533e-11
       2860.00   6.67808e-11
       2862.50   8.46221e-11
       2865.00   9.92952e-11
       2867.50   1.10534e-10
       2870.00   1.20670e-10
       2872.50   1.26992e-10
       2875.00   1.22495e-10
       2877.50   1.23546e-10
       2880.00   1.27269e-10
       2882.50   1.33766e-10
       2885.00   1.45563e-10
       2887.50   1.60835e-10
       2890.00   1.79661e-10
       2892.50   1.96663e-10
       2895.00   2.15311e-10
       2897.50   2.37489e-10
       2900.00   2.61031e-10
       2902.50   2.74927e-10
       2905.00   2.83344e-10
       2907.50   2.87151e-10
       2910.00   2.88954e-10
       2912.50   2.90399e-10
       2915.00   2.95469e-10
       2917.50   2.97619e-10
       2920.00   2.92078e-10
       2922.50   2.84045e-10
       2925.00   2.78026e-10
       2927.50   2.77905e-10
       2930.00   2.78259e-10
       2932.50   2.80453e-10
       2935.00   2.81095e-10
       2937.50   2.83001e-10
       2940.00   2.80928e-10
       2942.50   2.70744e-10
       2945.00   2.67703e-10
       2947.50   2.71018e-10
       2950.00   2.82336e-10
       2952.50   2.85019e-10
       2955.00   2.92268e-10
       2957.50   2.95666e-10
       2960.00   2.88877e-10
       2962.50   2.72146e-10
       2965.00   2.45376e-10
       2967.50   2.26696e-10
       2970.00   2.21512e-10
       2972.50   2.33127e-10
       2975.00   2.50559e-10
       2977.50   2.62528e-10
       2980.00   2.62316e-10
       2982.50   2.53855e-10
       2985.00   2.44336e-10
       2987.50   2.33003e-10
       2990.00   2.28203e-10
       2992.50   2.32495e-10
       2995.00   2.27071e-10
       2997.50   2.15351e-10
       3000.00   2.02051e-10
       3002.50   1.91535e-10
       3005.00   1.89790e-10
       3007.50   1.97689e-10
       3010.00   2.08661e-10
       3012.50   2.13968e-10
       3015.00   2.12468e-10
       3017.50   2.06296e-10
       3020.00   2.04230e-10
       3022.50   2.13085e-10
       3025.00   2.29291e-10
       3027.50   2.66046e-10
       3030.00   3.05565e-10
       3032.50   3.33528e-10
       3035.00   3.37014e-10
       3037.50   3.36207e-10
       3040.00   3.30553e-10
       3042.50   3.23439e-10
       3045.00   3.28206e-10
       3047.50   3.42715e-10
       3050.00   3.52369e-10
       3052.50   3.51161e-10
       3055.00   3.39937e-10
       3057.50   3.24804e-10
       3060.00   3.09135e-10
       3062.50   2.96805e-10
       3065.00   3.01003e-10
       3067.50   3.21943e-10
       3070.00   3.44755e-10
       3072.50   3.67302e-10
       3075.00   3.88034e-10
       3077.50   4.04751e-10
       3080.00   4.17927e-10
       3082.50   4.27454e-10
       3085.00   4.23001e-10
       3087.50   4.08437e-10
       3090.00   3.91282e-10
       3092.50   3.66134e-10
       3095.00   3.38857e-10
       3097.50   3.36488e-10
       3100.00   3.57264e-10
       3102.50   3.93545e-10
       3105.00   4.46872e-10
       3107.50   5.07024e-10
       3110.00   5.48051e-10
       3112.50   5.63965e-10
       3115.00   5.53234e-10
       3117.50   5.27866e-10
       3120.00   4.96184e-10
       3122.50   4.71364e-10
       3125.00   4.56764e-10
       3127.50   4.58917e-10
       3130.00   4.66692e-10
       3132.50   4.83263e-10
       3135.00   5.03958e-10
       3137.50   5.20420e-10
       3140.00   5.24326e-10
       3142.50   5.21296e-10
       3145.00   5.20967e-10
       3147.50   5.21077e-10
       3150.00   5.16514e-10
       3152.50   5.09433e-10
       3155.00   4.96220e-10
       3157.50   4.81219e-10
       3160.00   4.65816e-10
       3162.50   4.71218e-10
       3165.00   4.93921e-10
       3167.50   5.37247e-10
       3170.00   5.86193e-10
       3172.50   6.27621e-10
       3175.00   6.41382e-10
       3177.50   6.16379e-10
       3180.00   5.94953e-10
       3182.50   5.76192e-10
       3185.00   5.63271e-10
       3187.50   5.52832e-10
       3190.00   5.65644e-10
       3192.50   5.77324e-10
       3195.00   5.77178e-10
       3197.50   5.80025e-10
       3200.00   5.93384e-10
       3202.50   5.86485e-10
       3205.00   5.79587e-10
       3207.50   5.72688e-10
       3210.00   5.65753e-10
       3212.50   5.58855e-10
       3215.00   5.51956e-10
       3217.50   5.45058e-10
       3220.00   5.38123e-10
       3222.50   5.57431e-10
       3225.00   5.76740e-10
       3227.50   5.96048e-10
       3230.00   6.15357e-10
       3232.50   6.34666e-10
       3235.00   6.53974e-10
       3237.50   6.73283e-10
       3240.00   6.92591e-10
       3260.00   8.59325e-10
       3270.00   8.69983e-10
       3280.00   8.64872e-10
       3290.00   9.84484e-10
       3300.00   1.01106e-09
       3310.00   8.81772e-10
       3320.00   8.79400e-10
       3330.00   8.61624e-10
       3340.00   9.23711e-10
       3350.00   9.32434e-10
       3360.00   8.45126e-10
       3370.00   7.82857e-10
       3380.00   8.19138e-10
       3390.00   9.18455e-10
       3400.00   9.73205e-10
       3410.00   9.29295e-10
       3420.00   8.95496e-10
       3430.00   8.63960e-10
       3440.00   7.26756e-10
       3450.00   7.76359e-10
       3460.00   8.71406e-10
       3470.00   8.47681e-10
       3480.00   8.59835e-10
       3490.00   8.80604e-10
       3500.00   1.04694e-09
       3510.00   1.05004e-09
       3520.00   9.19550e-10
       3530.00   9.60649e-10
       3540.00   1.11994e-09
       3550.00   1.06431e-09
       3560.00   8.33446e-10
       3570.00   7.05622e-10
       3580.00   5.90865e-10
       3590.00   7.50736e-10
       3600.00   9.64737e-10
       3610.00   9.02431e-10
       3620.00   9.77001e-10
       3630.00   1.07774e-09
       3640.00   1.06340e-09
       3650.00   1.24415e-09
       3660.00   1.52721e-09
       3670.00   1.47939e-09
       3680.00   1.29276e-09
       3690.00   1.33054e-09
       3700.00   1.32496e-09
       3710.00   1.19779e-09
       3720.00   1.03500e-09
       3730.00   7.91361e-10
       3740.00   6.86313e-10
       3750.00   7.57671e-10
       3760.00   9.67548e-10
       3770.00   1.18100e-09
       3780.00   1.33554e-09
       3790.00   1.11300e-09
       3800.00   1.03412e-09
       3810.00   9.50028e-10
       3820.00   6.86751e-10
       3830.00   5.40532e-10
       3840.00   6.54887e-10
       3850.00   7.11353e-10
       3860.00   6.88832e-10
       3870.00   7.45225e-10
       3880.00   8.33482e-10
       3890.00   1.03668e-09
       3900.00   1.14592e-09
       3910.00   1.23071e-09
       3920.00   1.14001e-09
       3930.00   8.41841e-10
       3940.00   9.49078e-10
       3950.00   1.31547e-09
       3960.00   1.14822e-09
       3970.00   1.09460e-09
       3980.00   1.70398e-09
       3990.00   2.12617e-09
       4000.00   2.23827e-09
       4010.00   2.34163e-09
       4020.00   2.42956e-09
       4030.00   2.26655e-09
       4040.00   2.12143e-09
       4050.00   2.17592e-09
       4060.00   2.02923e-09
       4070.00   1.99919e-09
       4080.00   2.40730e-09
       4090.00   2.61239e-09
       4100.00   2.43997e-09
       4110.00   2.47866e-09
       4120.00   2.45033e-09
       4130.00   2.29667e-09
       4140.00   2.17749e-09
       4150.00   2.14705e-09
       4160.00   2.25214e-09
       4170.00   2.23177e-09
       4180.00   2.16012e-09
       4190.00   2.14227e-09
       4200.00   2.28239e-09
       4210.00   2.36733e-09
       4220.00   2.12311e-09
       4230.00   2.08208e-09
       4240.00   2.35861e-09
       4250.00   2.34386e-09
       4260.00   2.28761e-09
       4270.00   2.25261e-09
       4280.00   2.23965e-09
       4290.00   2.12311e-09
       4300.00   1.81326e-09
       4310.00   2.14709e-09
       4320.00   2.68050e-09
       4330.00   2.86457e-09
       4340.00   2.97156e-09
       4350.00   2.96141e-09
       4360.00   3.13055e-09
       4370.00   2.93265e-09
       4380.00   2.48322e-09
       4390.00   2.54271e-09
       4400.00   2.69904e-09
       4410.00   2.81409e-09
       4420.00   2.99159e-09
       4430.00   3.03065e-09
       4440.00   3.11891e-09
       4450.00   3.04383e-09
       4460.00   3.00733e-09
       4470.00   3.25483e-09
       4480.00   3.39788e-09
       4490.00   3.39102e-09
       4500.00   3.58031e-09
       4510.00   3.72083e-09
       4520.00   3.45259e-09
       4530.00   3.24976e-09
       4540.00   3.29736e-09
       4550.00   3.43452e-09
       4560.00   3.60567e-09
       4570.00   3.66681e-09
       4580.00   3.55100e-09
       4590.00   3.50030e-09
       4600.00   3.55008e-09
       4610.00   3.68397e-09
       4620.00   3.77814e-09
       4630.00   3.71317e-09
       4640.00   3.54479e-09
       4650.00   3.48183e-09
       4660.00   3.50522e-09
       4670.00   3.44040e-09
       4680.00   3.51888e-09
       4690.00   3.51450e-09
       4700.00   3.33583e-09
       4710.00   3.36368e-09
       4720.00   3.63878e-09
       4730.00   3.67886e-09
       4740.00   3.72156e-09
       4750.00   3.77193e-09
       4760.00   3.64396e-09
       4770.00   3.71682e-09
       4780.00   3.83690e-09
       4790.00   3.86501e-09
       4800.00   3.98035e-09
       4810.00   3.99860e-09
       4820.00   3.95589e-09
       4830.00   3.88764e-09
       4840.00   3.89822e-09
       4850.00   3.79164e-09
       4860.00   3.43401e-09
       4870.00   3.34930e-09
       4880.00   3.49909e-09
       4890.00   3.56001e-09
       4900.00   3.70623e-09
       4910.00   3.57520e-09
       4920.00   3.46672e-09
       4930.00   3.56498e-09
       4940.00   3.70149e-09
       4950.00   3.66900e-09
       4960.00   3.61129e-09
       4970.00   3.63177e-09
       4980.00   3.52596e-09
       4990.00   3.47486e-09
       5000.00   3.41219e-09
       5010.00   3.26283e-09
       5020.00   3.28641e-09
       5030.00   3.27119e-09
       5040.00   3.33203e-09
       5050.00   3.40843e-09
       5060.00   3.41668e-09
       5070.00   3.27414e-09
       5080.00   3.22899e-09
       5090.00   3.27589e-09
       5100.00   3.26987e-09
       5110.00   3.25111e-09
       5120.00   3.28542e-09
       5130.00   3.19968e-09
       5140.00   3.14314e-09
       5150.00   3.16063e-09
       5160.00   2.91717e-09
       5170.00   2.53195e-09
       5180.00   2.48121e-09
       5190.00   2.80117e-09
       5200.00   3.06569e-09
       5210.00   3.20924e-09
       5220.00   3.36105e-09
       5230.00   3.41394e-09
       5240.00   3.61060e-09
       5250.00   3.71134e-09
       5260.00   3.37149e-09
       5270.00   3.14778e-09
       5280.00   3.52307e-09
       5290.00   3.75587e-09
       5300.00   3.79383e-09
       5310.00   3.91647e-09
       5320.00   3.69419e-09
       5330.00   3.50650e-09
       5340.00   3.54045e-09
       5350.00   3.64739e-09
       5360.00   3.78325e-09
       5370.00   3.70149e-09
       5380.00   3.71901e-09
       5390.00   3.66791e-09
       5400.00   3.42419e-09
       5410.00   3.48128e-09
       5420.00   3.71244e-09
       5430.00   3.68871e-09
       5440.00   3.76390e-09
       5450.00   3.78361e-09
       5460.00   3.77741e-09
       5470.00   3.77814e-09
       5480.00   3.73507e-09
       5490.00   3.81719e-09
       5500.00   3.76646e-09
       5510.00   3.60527e-09
       5520.00   3.77595e-09
       5530.00   3.84165e-09
       5540.00   3.85333e-09
       5550.00   3.94385e-09
       5560.00   3.88691e-09
       5570.00   3.77960e-09
       5580.00   3.76974e-09
       5590.00   3.68178e-09
       5600.00   3.70404e-09
       5610.00   3.85990e-09
       5620.00   3.86026e-09
       5630.00   3.85369e-09
       5640.00   3.90260e-09
       5650.00   3.91647e-09
       5660.00   3.81975e-09
       5670.00   3.74091e-09
       5680.00   3.92341e-09
       5690.00   3.95772e-09
       5700.00   3.88581e-09
       5710.00   3.80405e-09
       5720.00   3.90954e-09
       5730.00   4.07525e-09
       5740.00   3.96976e-09
       5760.00   3.94567e-09
       5780.00   3.89530e-09
       5800.00   3.91465e-09
       5820.00   4.01539e-09
       5840.00   3.98144e-09
       5860.00   3.90917e-09
       5880.00   3.55224e-09
       5900.00   3.34638e-09
       5920.00   3.72594e-09
       5940.00   3.91465e-09
       5960.00   3.89165e-09
       5980.00   3.91830e-09
       6000.00   3.84603e-09
       6020.00   3.83873e-09
       6040.00   3.90479e-09
       6060.00   3.94531e-09
       6080.00   3.88326e-09
       6100.00   3.76865e-09
       6120.00   3.76463e-09
       6140.00   3.69930e-09
       6160.00   3.64006e-09
       6180.00   3.66316e-09
       6200.00   3.76646e-09
       6220.00   3.75952e-09
       6240.00   3.59286e-09
       6260.00   3.52749e-09
       6280.00   3.64860e-09
       6300.00   3.70368e-09
       6320.00   3.68579e-09
       6340.00   3.68762e-09
       6360.00   3.71645e-09
       6380.00   3.73689e-09
       6400.00   3.70514e-09
       6420.00   3.69857e-09
       6440.00   3.73689e-09
       6460.00   3.71134e-09
       6480.00   3.67521e-09
       6500.00   3.67630e-09
       6520.00   3.74492e-09
       6540.00   3.72996e-09
       6560.00   3.61199e-09
       6580.00   3.64896e-09
       6600.00   3.66499e-09
       6620.00   3.58728e-09
       6640.00   3.63845e-09
       6660.00   3.66170e-09
       6680.00   3.62743e-09
       6700.00   3.67995e-09
       6720.00   3.63601e-09
       6740.00   3.63400e-09
       6760.00   3.66608e-09
       6780.00   3.65404e-09
       6800.00   3.65878e-09
       6820.00   3.62549e-09
       6840.00   3.72083e-09
       6860.00   3.51493e-09
       6880.00   3.41496e-09
       6900.00   3.49548e-09
       6920.00   3.53771e-09
       6940.00   3.51508e-09
       6960.00   3.38503e-09
       6980.00   3.26768e-09
       7000.00   3.31473e-09
       7020.00   3.34320e-09
       7040.00   3.38678e-09
       7060.00   3.40098e-09
       7080.00   3.37525e-09
       7100.00   3.35408e-09
       7120.00   3.32860e-09
       7140.00   3.30995e-09
       7160.00   3.39102e-09
       7180.00   3.26469e-09
       7200.00   3.10526e-09
       7220.00   3.26053e-09
       7240.00   3.25301e-09
       7260.00   3.20997e-09
       7280.00   3.21527e-09
       7300.00   3.20611e-09
       7320.00   3.13467e-09
       7340.00   3.09504e-09
       7360.00   3.17851e-09
       7380.00   3.16351e-09
       7400.00   3.13223e-09
       7420.00   3.17585e-09
       7440.00   3.17066e-09
       7460.00   3.20169e-09
       7480.00   3.19632e-09
       7500.00   3.14584e-09
       7520.00   3.17231e-09
       7540.00   3.18285e-09
       7560.00   3.17771e-09
       7580.00   3.22081e-09
       7600.00   2.84275e-09
       7620.00   2.87950e-09
       7640.00   3.02408e-09
       7660.00   3.08018e-09
       7680.00   2.87793e-09
       7700.00   2.96772e-09
       7720.00   3.05839e-09
       7740.00   3.06857e-09
       7760.00   3.06021e-09
       7780.00   3.09390e-09
       7800.00   3.09263e-09
       7820.00   3.07146e-09
       7840.00   3.07200e-09
       7860.00   3.06365e-09
       7880.00   3.03386e-09
       7900.00   2.94374e-09
       7920.00   2.91476e-09
       7940.00   2.86852e-09
       7960.00   2.91356e-09
       7980.00   2.92509e-09
       8000.00   2.91750e-09
       8020.00   2.91319e-09
       8040.00   2.83012e-09
       8060.00   2.76146e-09
       8080.00   2.85651e-09
       8100.00   2.82223e-09
       8120.00   2.90250e-09
       8140.00   2.87819e-09
       8160.00   2.77924e-09
       8180.00   2.76726e-09
       8200.00   2.78018e-09
       8220.00   2.79292e-09
       8240.00   2.83986e-09
       8260.00   2.95290e-09
       8280.00   2.84972e-09
       8300.00   2.80055e-09
       8320.00   2.71496e-09
       8340.00   2.70036e-09
       8360.00   2.70018e-09
       8380.00   2.75372e-09
       8400.00   2.69810e-09
       8420.00   2.61794e-09
       8440.00   2.69594e-09
       8460.00   2.75755e-09
       8480.00   2.69372e-09
       8500.00   2.64575e-09
       8520.00   2.56002e-09
       8540.00   2.50691e-09
       8560.00   2.51943e-09
       8580.00   2.67503e-09
       8600.00   2.64751e-09
       8620.00   2.69211e-09
       8640.00   2.63199e-09
       8660.00   2.50012e-09
       8680.00   2.51943e-09
       8700.00   2.61491e-09
       8720.00   2.62915e-09
       8740.00   2.60549e-09
       8760.00   2.52855e-09
       8780.00   2.48537e-09
       8800.00   2.43832e-09
       8820.00   2.52567e-09
       8840.00   2.53275e-09
       8860.00   2.54392e-09
       8880.00   2.55498e-09
       8900.00   2.49596e-09
       8920.00   2.52096e-09
       8940.00   2.50421e-09
       8960.00   2.55100e-09
       8980.00   2.46267e-09
       9000.00   2.38591e-09
       9020.00   2.53224e-09
       9040.00   2.70704e-09
       9060.00   2.64094e-09
       9080.00   2.42080e-09
       9100.00   2.39682e-09
       9120.00   2.34222e-09
       9140.00   2.23381e-09
       9160.00   2.22261e-09
       9180.00   2.31703e-09
       9200.00   2.34890e-09
       9220.00   2.37259e-09
       9240.00   2.27794e-09
       9260.00   2.22801e-09
       9280.00   2.47997e-09
       9300.00   2.26141e-09
       9320.00   2.08821e-09
       9340.00   2.09584e-09
       9360.00   1.97167e-09
       9380.00   2.23571e-09
       9400.00   2.55757e-09
       9420.00   2.24414e-09
       9440.00   2.07036e-09
       9460.00   2.15585e-09
       9480.00   2.20976e-09
       9500.00   2.17581e-09
       9520.00   2.24630e-09
       9540.00   2.26732e-09
       9560.00   2.28338e-09
       9580.00   2.15417e-09
       9600.00   2.13559e-09
       9620.00   2.17111e-09
       9640.00   2.12628e-09
       9660.00   2.11267e-09
       9680.00   2.17618e-09
       9700.00   2.18140e-09
       9720.00   2.18184e-09
       9740.00   2.08040e-09
       9760.00   2.09179e-09
       9780.00   2.03562e-09
       9800.00   2.06777e-09
       9820.00   2.11920e-09
       9840.00   2.02003e-09
       9860.00   1.95484e-09
       9880.00   2.01737e-09
       9900.00   2.05449e-09
       9920.00   2.03719e-09
       9940.00   2.02003e-09
       9960.00   2.02540e-09
       9980.00   2.03949e-09
       10000.0   2.02916e-09
       10020.0   2.04865e-09
       10040.0   2.03616e-09
       10060.0   1.99627e-09
       10080.0   1.99382e-09
       10100.0   1.98477e-09
       10120.0   1.97160e-09
       10140.0   1.96809e-09
       10160.0   1.92057e-09
       10180.0   1.94090e-09
       10200.0   1.87786e-09
       10220.0   1.80782e-09
       10240.0   1.89286e-09
       10260.0   1.88228e-09
       10280.0   1.87184e-09
       10300.0   1.92002e-09
       10320.0   1.86465e-09
       10340.0   1.88757e-09
       10360.0   1.91130e-09
       10380.0   1.88951e-09
       10400.0   1.91911e-09
       10420.0   1.91071e-09
       10440.0   1.89527e-09
       10460.0   1.91644e-09
       10480.0   1.88892e-09
       10500.0   1.87169e-09
       10520.0   1.88159e-09
       10540.0   1.86954e-09
       10560.0   1.80972e-09
       10580.0   1.78012e-09
       10600.0   1.83498e-09
       10800.0   1.78070e-09
       11000.0   1.72533e-09
       11200.0   1.66967e-09
       11400.0   1.61437e-09
       11600.0   1.56006e-09
       11800.0   1.50731e-09
       12000.0   1.45650e-09
       12200.0   1.40796e-09
       12400.0   1.36215e-09
       12600.0   1.31861e-09
       12800.0   1.27605e-09
       13000.0   1.24312e-09
       13200.0   1.20856e-09
       13400.0   1.17345e-09
       13600.0   1.14143e-09
       13800.0   1.10712e-09
       14000.0   1.07354e-09
       14200.0   1.03474e-09
       14400.0   1.00419e-09
       14600.0   9.78899e-10
       14800.0   9.52984e-10
       15000.0   9.33858e-10
       15200.0   9.12980e-10
       15400.0   8.87977e-10
       15600.0   8.66113e-10
       15800.0   8.46987e-10
       16000.0   8.33482e-10
       16200.0   8.14648e-10
       16400.0   7.92091e-10
       16600.0   7.63073e-10
       16800.0   7.36866e-10
       17000.0   7.12849e-10
       17200.0   6.87262e-10
       17400.0   6.60143e-10
       17600.0   6.34228e-10
       17800.0   6.11999e-10
       18000.0   5.89186e-10
       18200.0   5.68199e-10
       18400.0   5.47211e-10
       18600.0   5.27793e-10
       18800.0   5.11149e-10
       19000.0   4.95125e-10
       19200.0   4.79686e-10
       19400.0   4.63005e-10
       19600.0   4.44828e-10
       19800.0   4.28768e-10
       20000.0   4.14898e-10
       20200.0   4.00699e-10
       20400.0   3.87413e-10
       20600.0   3.75733e-10
       20800.0   3.62436e-10
       21000.0   3.48566e-10
       21200.0   3.37463e-10
       21400.0   3.26378e-10
       21600.0   3.15271e-10
       21800.0   3.04167e-10
       22000.0   2.93684e-10
       22200.0   2.83793e-10
       22400.0   2.75474e-10
       22600.0   2.65754e-10
       22800.0   2.57257e-10
       23000.0   2.47380e-10
       23200.0   2.38292e-10
       23400.0   2.30575e-10
       23600.0   2.21297e-10
       23800.0   2.13592e-10
       24000.0   2.07423e-10
       24200.0   2.00496e-10
       24400.0   1.95254e-10
       24600.0   1.90009e-10
       24800.0   1.85071e-10
       25000.0   1.80143e-10
       25200.0   1.74723e-10
       25400.0   1.70576e-10
       25600.0   1.66715e-10
