       229.000       0.00000
       234.000       0.00000
       243.000       0.00000
       252.000       0.00000
       256.000       0.00000
       260.000       0.00000
       266.000       0.00000
       275.000       0.00000
       283.000       0.00000
       293.000       0.00000
       301.000       0.00000
       309.000       0.00000
       325.000       0.00000
       342.000       0.00000
       351.000       0.00000
       356.000       0.00000
       365.000       0.00000
       375.000       0.00000
       384.000       0.00000
       400.000       0.00000
       415.000       0.00000
       425.000       0.00000
       445.000       0.00000
       472.000       0.00000
       494.000       0.00000
       506.000       0.00000
       516.000       0.00000
       540.000       0.00000
       564.000       0.00000
       587.000       0.00000
       612.000       0.00000
       640.000       0.00000
       671.000       0.00000
       705.000       0.00000
       736.000       0.00000
       770.000       0.00000
       810.000       0.00000
       850.000       0.00000
       890.000       0.00000
       920.000   3.72349e-21
       940.000   1.25840e-20
       962.000   2.67814e-20
       987.000   6.00868e-20
       1012.00   1.22292e-19
       1037.00   2.30142e-19
       1062.00   4.45538e-19
       1087.00   8.29060e-19
       1112.00   1.35739e-17
       1120.00   1.67013e-17
       1140.00   2.41658e-17
       1160.00   3.81921e-17
       1180.00   5.51409e-17
       1200.00   7.75197e-17
       1220.00   1.14598e-16
       1240.00   1.74725e-16
       1260.00   2.50993e-16
       1280.00   3.43714e-16
       1300.00   4.75527e-16
       1320.00   6.31330e-16
       1340.00   8.14320e-16
       1360.00   1.05816e-15
       1380.00   1.39674e-15
       1400.00   1.84115e-15
       1420.00   2.39696e-15
       1440.00   3.11655e-15
       1460.00   4.06087e-15
       1480.00   5.18909e-15
       1500.00   6.72856e-15
       1520.00   5.47405e-14
       1540.00   9.84027e-14
       1560.00   1.02384e-13
       1580.00   1.30997e-13
       1600.00   1.69699e-13
       1620.00   2.08433e-13
       1640.00   2.42655e-13
       1660.00   2.65507e-13
       1680.00   3.41381e-12
       1700.00   5.20510e-12
       1720.00   6.49746e-12
       1740.00   8.56429e-12
       1760.00   8.43909e-12
       1780.00   1.16913e-11
       1800.00   1.10780e-11
       1820.00   8.99774e-12
       1840.00   9.36787e-12
       1860.00   1.20523e-11
       1880.00   1.38986e-11
       1900.00   1.62194e-11
       1920.00   1.93930e-11
       1940.00   1.72046e-11
       1960.00   1.73706e-11
       1980.00   2.45388e-11
       2000.00   2.57689e-11
       2002.50   2.72094e-11
       2005.00   3.37713e-11
       2007.50   3.60696e-11
       2010.00   3.72713e-11
       2012.50   3.75661e-11
       2015.00   3.77153e-11
       2017.50   3.70966e-11
       2020.00   3.68746e-11
       2022.50   3.69729e-11
       2025.00   3.69620e-11
       2027.50   3.69474e-11
       2030.00   3.85124e-11
       2032.50   4.09289e-11
       2035.00   4.49796e-11
       2037.50   4.76182e-11
       2040.00   4.93105e-11
       2042.50   5.04569e-11
       2045.00   5.10975e-11
       2047.50   5.20874e-11
       2050.00   5.28480e-11
       2052.50   5.30664e-11
       2055.00   5.30882e-11
       2057.50   5.24950e-11
       2060.00   5.33139e-11
       2062.50   5.49880e-11
       2065.00   5.81507e-11
       2067.50   6.13170e-11
       2070.00   6.26927e-11
       2072.50   6.44687e-11
       2075.00   6.70964e-11
       2077.50   7.05356e-11
       2080.00   7.43534e-11
       2082.50   7.92411e-11
       2085.00   8.48422e-11
       2087.50   8.44637e-11
       2090.00   8.49987e-11
       2092.50   8.69057e-11
       2095.00   8.83142e-11
       2097.50   8.86527e-11
       2100.00   8.89948e-11
       2102.50   8.76263e-11
       2105.00   9.65502e-11
       2107.50   9.33293e-11
       2110.00   9.11893e-11
       2112.50   9.83190e-11
       2115.00   1.08750e-10
       2117.50   1.23799e-10
       2120.00   1.21418e-10
       2122.50   9.63136e-11
       2125.00   8.77610e-11
       2127.50   1.00783e-10
       2130.00   1.04178e-10
       2132.50   1.01092e-10
       2135.00   1.03087e-10
       2137.50   1.08265e-10
       2140.00   1.20690e-10
       2142.50   1.39528e-10
       2145.00   1.41224e-10
       2147.50   1.29338e-10
       2150.00   1.26757e-10
       2152.50   1.30546e-10
       2155.00   1.24705e-10
       2157.50   1.08105e-10
       2160.00   1.10751e-10
       2162.50   1.22339e-10
       2165.00   1.10606e-10
       2167.50   9.91124e-11
       2170.00   1.06824e-10
       2172.50   1.11970e-10
       2175.00   1.08200e-10
       2177.50   1.22314e-10
       2180.00   1.52921e-10
       2182.50   1.61423e-10
       2185.00   1.43004e-10
       2187.50   1.28508e-10
       2190.00   1.37348e-10
       2192.50   1.54483e-10
       2195.00   1.57008e-10
       2197.50   1.54635e-10
       2200.00   1.59334e-10
       2202.50   1.71919e-10
       2205.00   1.65899e-10
       2207.50   1.31649e-10
       2210.00   1.12385e-10
       2212.50   1.21790e-10
       2215.00   1.25214e-10
       2217.50   1.27460e-10
       2220.00   1.50799e-10
       2222.50   1.64764e-10
       2225.00   1.58766e-10
       2227.50   1.57256e-10
       2230.00   1.72698e-10
       2232.50   2.07596e-10
       2235.00   2.26026e-10
       2237.50   2.08615e-10
       2240.00   1.88638e-10
       2242.50   1.74274e-10
       2245.00   1.79049e-10
       2247.50   1.91994e-10
       2250.00   1.82808e-10
       2252.50   1.69382e-10
       2255.00   1.62700e-10
       2257.50   1.58566e-10
       2260.00   1.52936e-10
       2262.50   1.40496e-10
       2265.00   1.22012e-10
       2267.50   1.07636e-10
       2270.00   1.04379e-10
       2272.50   1.11162e-10
       2275.00   1.22172e-10
       2277.50   1.36296e-10
       2280.00   1.58486e-10
       2282.50   1.74201e-10
       2285.00   1.68731e-10
       2287.50   1.53860e-10
       2290.00   1.47164e-10
       2292.50   1.53034e-10
       2295.00   1.54406e-10
       2297.50   1.37112e-10
       2300.00   1.29258e-10
       2302.50   1.47597e-10
       2305.00   1.79427e-10
       2307.50   1.85210e-10
       2310.00   1.48860e-10
       2312.50   1.33803e-10
       2315.00   1.56612e-10
       2317.50   1.61801e-10
       2320.00   1.54726e-10
       2322.50   1.69510e-10
       2325.00   1.68549e-10
       2327.50   1.54402e-10
       2330.00   1.46665e-10
       2332.50   1.39776e-10
       2335.00   1.41322e-10
       2337.50   1.31678e-10
       2340.00   1.24778e-10
       2342.50   1.16159e-10
       2345.00   1.04033e-10
       2347.50   1.16534e-10
       2350.00   1.48172e-10
       2352.50   1.69550e-10
       2355.00   1.72982e-10
       2357.50   1.61674e-10
       2360.00   1.44161e-10
       2362.50   1.42054e-10
       2365.00   1.39914e-10
       2367.50   1.43888e-10
       2370.00   1.63217e-10
       2372.50   1.60458e-10
       2375.00   1.51731e-10
       2377.50   1.48186e-10
       2380.00   1.21728e-10
       2382.50   1.07377e-10
       2385.00   1.23762e-10
       2387.50   1.36722e-10
       2390.00   1.49558e-10
       2392.50   1.49962e-10
       2395.00   1.26947e-10
       2397.50   1.19923e-10
       2400.00   1.32184e-10
       2402.50   1.35470e-10
       2405.00   1.12778e-10
       2407.50   1.20050e-10
       2410.00   1.18856e-10
       2412.50   1.20978e-10
       2415.00   1.48499e-10
       2417.50   1.80901e-10
       2420.00   2.06406e-10
       2422.50   2.10821e-10
       2425.00   2.04328e-10
       2427.50   2.13758e-10
       2430.00   2.07487e-10
       2432.50   1.94840e-10
       2435.00   1.81804e-10
       2437.50   1.84803e-10
       2440.00   1.94374e-10
       2442.50   2.00405e-10
       2445.00   1.85436e-10
       2447.50   1.64695e-10
       2450.00   1.50337e-10
       2452.50   1.43473e-10
       2455.00   1.46083e-10
       2457.50   1.51713e-10
       2460.00   1.44904e-10
       2462.50   1.35219e-10
       2465.00   1.45759e-10
       2467.50   1.59665e-10
       2470.00   1.64476e-10
       2472.50   1.64007e-10
       2475.00   1.72381e-10
       2477.50   1.63173e-10
       2480.00   1.50607e-10
       2482.50   1.34502e-10
       2485.00   1.31540e-10
       2487.50   1.26677e-10
       2490.00   1.11006e-10
       2492.50   1.44481e-10
       2495.00   1.85734e-10
       2497.50   1.92711e-10
       2500.00   1.82157e-10
       2502.50   1.78037e-10
       2505.00   1.63050e-10
       2507.50   1.58682e-10
       2510.00   1.65852e-10
       2512.50   1.43608e-10
       2515.00   1.19675e-10
       2517.50   1.19351e-10
       2520.00   1.30113e-10
       2522.50   1.24286e-10
       2525.00   1.25021e-10
       2527.50   1.22652e-10
       2530.00   1.34349e-10
       2532.50   1.57281e-10
       2535.00   1.58217e-10
       2537.50   1.58588e-10
       2540.00   1.64946e-10
       2542.50   1.73852e-10
       2545.00   1.77822e-10
       2547.50   1.67017e-10
       2550.00   1.85920e-10
       2552.50   2.34055e-10
       2555.00   2.45279e-10
       2557.50   2.48303e-10
       2560.00   2.61118e-10
       2562.50   2.39347e-10
       2565.00   2.68422e-10
       2567.50   3.33899e-10
       2570.00   3.72604e-10
       2572.50   3.76134e-10
       2575.00   3.06334e-10
       2577.50   3.20604e-10
       2580.00   4.27486e-10
       2582.50   4.03503e-10
       2585.00   2.92216e-10
       2587.50   3.30019e-10
       2590.00   4.08452e-10
       2592.50   3.39401e-10
       2595.00   2.95594e-10
       2597.50   2.34200e-10
       2600.00   2.15960e-10
       2602.50   2.93130e-10
       2605.00   2.65598e-10
       2607.50   2.32646e-10
       2610.00   2.45876e-10
       2612.50   2.15574e-10
       2615.00   2.54981e-10
       2617.50   2.96878e-10
       2620.00   3.19559e-10
       2622.50   3.38372e-10
       2625.00   3.18959e-10
       2627.50   2.75406e-10
       2630.00   2.46545e-10
       2632.50   2.89145e-10
       2635.00   4.29342e-10
       2637.50   5.91770e-10
       2640.00   6.96949e-10
       2642.50   7.49721e-10
       2645.00   7.56927e-10
       2647.50   6.26526e-10
       2650.00   5.63783e-10
       2652.50   6.59936e-10
       2655.00   7.66644e-10
       2657.50   7.59329e-10
       2660.00   7.04919e-10
       2662.50   6.48690e-10
       2665.00   6.51529e-10
       2667.50   6.62811e-10
       2670.00   6.60955e-10
       2672.50   6.65941e-10
       2675.00   7.37820e-10
       2677.50   6.76277e-10
       2680.00   6.52257e-10
       2682.50   6.70017e-10
       2685.00   6.77187e-10
       2687.50   6.46070e-10
       2690.00   6.12551e-10
       2692.50   6.45815e-10
       2695.00   6.07092e-10
       2697.50   6.34060e-10
       2700.00   7.33453e-10
       2702.50   7.70174e-10
       2705.00   7.69774e-10
       2707.50   7.10451e-10
       2710.00   6.83884e-10
       2712.50   6.78315e-10
       2715.00   6.14298e-10
       2717.50   5.03659e-10
       2720.00   4.18388e-10
       2722.50   4.75418e-10
       2725.00   5.20037e-10
       2727.50   6.15463e-10
       2730.00   6.95384e-10
       2732.50   6.06691e-10
       2735.00   4.99838e-10
       2737.50   4.20608e-10
       2740.00   3.69001e-10
       2742.50   3.43372e-10
       2745.00   3.52496e-10
       2747.50   3.38190e-10
       2750.00   3.87708e-10
       2752.50   4.76619e-10
       2755.00   4.38550e-10
       2757.50   5.61781e-10
       2760.00   6.53931e-10
       2762.50   6.37008e-10
       2765.00   6.84793e-10
       2767.50   6.49455e-10
       2770.00   6.46143e-10
       2772.50   6.87450e-10
       2775.00   6.46798e-10
       2777.50   5.34303e-10
       2780.00   4.58058e-10
       2782.50   4.45028e-10
       2785.00   4.48231e-10
       2787.50   3.99900e-10
       2790.00   3.07287e-10
       2792.50   2.41479e-10
       2795.00   2.14653e-10
       2797.50   2.01020e-10
       2800.00   2.07698e-10
       2802.50   2.20338e-10
       2805.00   2.54985e-10
       2807.50   3.49694e-10
       2810.00   4.31162e-10
       2812.50   5.06826e-10
       2815.00   5.98394e-10
       2817.50   6.56297e-10
       2820.00   7.14091e-10
       2822.50   7.59656e-10
       2825.00   7.80255e-10
       2827.50   7.82548e-10
       2830.00   8.52716e-10
       2832.50   8.63744e-10
       2835.00   8.03475e-10
       2837.50   8.05113e-10
       2840.00   8.37358e-10
       2842.50   7.49903e-10
       2845.00   6.53786e-10
       2847.50   4.86845e-10
       2850.00   2.87336e-10
       2852.50   2.43707e-10
       2855.00   3.76353e-10
       2857.50   5.78668e-10
       2860.00   7.84732e-10
       2862.50   8.80376e-10
       2865.00   9.08800e-10
       2867.50   8.60214e-10
       2870.00   9.12439e-10
       2872.50   1.01318e-09
       2875.00   9.30636e-10
       2877.50   8.18615e-10
       2880.00   5.81434e-10
       2882.50   6.21468e-10
       2885.00   9.34894e-10
       2887.50   1.03163e-09
       2890.00   1.02872e-09
       2892.50   1.06362e-09
       2895.00   1.20126e-09
       2897.50   1.36256e-09
       2900.00   1.50519e-09
       2902.50   1.57758e-09
       2905.00   1.57107e-09
       2907.50   1.46625e-09
       2910.00   1.47477e-09
       2912.50   1.53201e-09
       2915.00   1.42294e-09
       2917.50   1.38647e-09
       2920.00   1.41246e-09
       2922.50   1.30721e-09
       2925.00   1.18438e-09
       2927.50   1.21076e-09
       2930.00   1.43957e-09
       2932.50   1.55007e-09
       2935.00   1.38309e-09
       2937.50   1.17138e-09
       2940.00   1.24825e-09
       2942.50   1.36304e-09
       2945.00   1.35397e-09
       2947.50   1.15723e-09
       2950.00   1.26157e-09
       2952.50   1.40940e-09
       2955.00   1.38331e-09
       2957.50   1.44995e-09
       2960.00   1.52040e-09
       2962.50   1.50872e-09
       2965.00   1.19267e-09
       2967.50   9.85228e-10
       2970.00   1.05332e-09
       2972.50   1.15224e-09
       2975.00   1.41330e-09
       2977.50   1.63217e-09
       2980.00   1.36839e-09
       2982.50   9.75001e-10
       2985.00   8.69458e-10
       2987.50   1.14249e-09
       2990.00   1.44030e-09
       2992.50   1.31463e-09
       2995.00   1.17903e-09
       2997.50   1.25389e-09
       3000.00   8.82960e-10
       3002.50   9.20300e-10
       3005.00   1.10504e-09
       3007.50   1.03494e-09
       3010.00   1.17313e-09
       3012.50   1.29949e-09
       3015.00   1.25436e-09
       3017.50   9.88904e-10
       3020.00   7.71958e-10
       3022.50   1.04550e-09
       3025.00   1.26674e-09
       3027.50   1.48732e-09
       3030.00   1.54817e-09
       3032.50   1.65157e-09
       3035.00   1.63042e-09
       3037.50   1.36362e-09
       3040.00   1.32813e-09
       3042.50   1.43881e-09
       3045.00   1.54166e-09
       3047.50   1.39204e-09
       3050.00   1.59661e-09
       3052.50   1.66325e-09
       3055.00   1.38127e-09
       3057.50   1.08469e-09
       3060.00   1.24352e-09
       3062.50   1.42181e-09
       3065.00   1.25298e-09
       3067.50   1.33800e-09
       3070.00   1.52856e-09
       3072.50   1.46883e-09
       3075.00   1.43692e-09
       3077.50   1.47731e-09
       3080.00   1.41672e-09
       3082.50   1.40955e-09
       3085.00   1.55902e-09
       3087.50   1.41544e-09
       3090.00   1.20392e-09
       3092.50   1.04757e-09
       3095.00   1.12363e-09
       3097.50   1.07985e-09
       3100.00   1.07407e-09
       3102.50   1.18339e-09
       3105.00   1.29381e-09
       3107.50   1.40591e-09
       3110.00   1.51695e-09
       3112.50   1.60546e-09
       3115.00   1.60502e-09
       3117.50   1.56990e-09
       3120.00   1.51167e-09
       3122.50   1.49154e-09
       3125.00   1.48874e-09
       3127.50   1.51196e-09
       3130.00   1.53303e-09
       3132.50   1.55021e-09
       3135.00   1.55371e-09
       3137.50   1.55906e-09
       3140.00   1.56561e-09
       3142.50   1.54155e-09
       3145.00   1.53882e-09
       3147.50   1.56815e-09
       3150.00   1.58315e-09
       3152.50   1.59032e-09
       3155.00   1.58067e-09
       3157.50   1.51222e-09
       3160.00   1.40449e-09
       3162.50   1.38000e-09
       3165.00   1.40241e-09
       3167.50   1.49522e-09
       3170.00   1.63323e-09
       3172.50   1.75799e-09
       3175.00   1.78470e-09
       3177.50   1.73731e-09
       3180.00   1.64058e-09
       3182.50   1.56266e-09
       3185.00   1.53023e-09
       3187.50   1.56615e-09
       3190.00   1.60870e-09
       3192.50   1.64818e-09
       3195.00   1.66878e-09
       3197.50   1.67017e-09
       3200.00   1.65878e-09
       3202.50   1.64622e-09
       3205.00   1.63363e-09
       3207.50   1.62107e-09
       3210.00   1.60848e-09
       3212.50   1.59589e-09
       3215.00   1.58333e-09
       3217.50   1.57074e-09
       3220.00   1.55815e-09
       3222.50   1.60102e-09
       3225.00   1.64385e-09
       3227.50   1.68673e-09
       3230.00   1.72956e-09
       3232.50   1.77240e-09
       3235.00   1.81527e-09
       3237.50   1.85811e-09
       3240.00   1.90098e-09
       3260.00   1.96074e-09
       3270.00   1.86335e-09
       3280.00   1.80999e-09
       3290.00   1.88366e-09
       3300.00   1.96540e-09
       3310.00   1.93239e-09
       3320.00   1.91077e-09
       3330.00   1.93417e-09
       3340.00   1.90080e-09
       3350.00   1.94949e-09
       3360.00   1.98385e-09
       3370.00   1.90207e-09
       3380.00   1.89275e-09
       3390.00   1.93825e-09
       3400.00   2.00230e-09
       3410.00   1.98203e-09
       3420.00   1.96663e-09
       3430.00   1.98341e-09
       3440.00   1.88515e-09
       3450.00   1.92151e-09
       3460.00   1.96110e-09
       3470.00   1.95990e-09
       3480.00   1.93224e-09
       3490.00   1.91390e-09
       3500.00   2.08764e-09
       3510.00   2.17157e-09
       3520.00   2.14948e-09
       3530.00   2.15854e-09
       3540.00   2.24760e-09
       3550.00   2.31551e-09
       3560.00   2.23206e-09
       3570.00   2.09398e-09
       3580.00   1.94804e-09
       3590.00   2.00226e-09
       3600.00   2.17757e-09
       3610.00   2.14609e-09
       3620.00   2.09551e-09
       3630.00   2.17190e-09
       3640.00   2.25575e-09
       3650.00   2.32781e-09
       3660.00   2.39416e-09
       3670.00   2.46553e-09
       3680.00   2.35685e-09
       3690.00   2.38378e-09
       3700.00   2.46440e-09
       3710.00   2.44151e-09
       3720.00   2.37902e-09
       3730.00   2.21717e-09
       3740.00   2.15716e-09
       3750.00   2.17714e-09
       3760.00   2.24279e-09
       3770.00   2.39936e-09
       3780.00   2.60983e-09
       3790.00   2.57380e-09
       3800.00   2.48158e-09
       3810.00   2.49133e-09
       3820.00   2.27194e-09
       3830.00   1.99611e-09
       3840.00   1.98792e-09
       3850.00   2.21437e-09
       3860.00   2.29320e-09
       3870.00   2.26809e-09
       3880.00   2.23886e-09
       3890.00   2.23024e-09
       3900.00   2.30375e-09
       3910.00   2.43408e-09
       3920.00   2.38226e-09
       3930.00   2.05085e-09
       3940.00   1.98352e-09
       3950.00   2.29102e-09
       3960.00   2.36319e-09
       3970.00   2.15880e-09
       3980.00   2.59094e-09
       3990.00   3.16149e-09
       4000.00   3.36908e-09
       4010.00   3.44628e-09
       4020.00   3.51794e-09
       4030.00   3.50454e-09
       4040.00   3.44260e-09
       4050.00   3.44446e-09
       4060.00   3.35052e-09
       4070.00   3.26685e-09
       4080.00   3.29462e-09
       4090.00   3.42160e-09
       4100.00   3.32028e-09
       4110.00   3.39693e-09
       4120.00   3.55590e-09
       4130.00   3.49148e-09
       4140.00   3.47335e-09
       4150.00   3.47718e-09
       4160.00   3.49548e-09
       4170.00   3.48194e-09
       4180.00   3.39143e-09
       4190.00   3.43492e-09
       4200.00   3.42921e-09
       4210.00   3.47401e-09
       4220.00   3.41170e-09
       4230.00   3.34623e-09
       4240.00   3.41396e-09
       4250.00   3.38874e-09
       4260.00   3.38681e-09
       4270.00   3.34801e-09
       4280.00   3.31071e-09
       4290.00   3.25928e-09
       4300.00   2.98400e-09
       4310.00   3.06876e-09
       4320.00   3.29994e-09
       4330.00   3.42178e-09
       4340.00   3.42186e-09
       4350.00   3.38048e-09
       4360.00   3.49559e-09
       4370.00   3.61420e-09
       4380.00   3.41196e-09
       4390.00   3.45709e-09
       4400.00   3.68091e-09
       4410.00   3.86761e-09
       4420.00   3.94404e-09
       4430.00   3.94804e-09
       4440.00   3.96806e-09
       4450.00   3.94077e-09
       4460.00   3.89345e-09
       4470.00   4.03029e-09
       4480.00   4.10126e-09
       4490.00   4.10454e-09
       4500.00   4.18679e-09
       4510.00   4.25266e-09
       4520.00   4.13438e-09
       4530.00   4.05031e-09
       4540.00   4.04158e-09
       4550.00   4.09872e-09
       4560.00   4.11145e-09
       4570.00   4.09944e-09
       4580.00   4.03830e-09
       4590.00   4.00082e-09
       4600.00   4.02447e-09
       4610.00   4.07652e-09
       4620.00   4.04049e-09
       4630.00   4.02302e-09
       4640.00   3.96733e-09
       4650.00   3.94986e-09
       4660.00   3.91238e-09
       4670.00   3.91347e-09
       4680.00   3.93312e-09
       4690.00   3.94040e-09
       4700.00   3.87052e-09
       4710.00   3.88654e-09
       4720.00   3.95678e-09
       4730.00   4.07215e-09
       4740.00   4.06523e-09
       4750.00   4.09034e-09
       4760.00   4.02629e-09
       4770.00   4.06633e-09
       4780.00   4.22173e-09
       4790.00   4.20935e-09
       4800.00   4.21445e-09
       4810.00   4.19480e-09
       4820.00   4.17332e-09
       4830.00   4.12674e-09
       4840.00   4.03939e-09
       4850.00   3.91638e-09
       4860.00   3.67945e-09
       4870.00   3.65216e-09
       4880.00   3.82540e-09
       4890.00   3.83195e-09
       4900.00   3.92002e-09
       4910.00   3.91092e-09
       4920.00   3.84869e-09
       4930.00   3.86106e-09
       4940.00   3.86215e-09
       4950.00   3.86725e-09
       4960.00   3.83922e-09
       4970.00   3.87416e-09
       4980.00   3.81339e-09
       4990.00   3.76534e-09
       5000.00   3.74387e-09
       5010.00   3.66526e-09
       5020.00   3.68491e-09
       5030.00   3.74351e-09
       5040.00   3.70202e-09
       5050.00   3.75843e-09
       5060.00   3.78500e-09
       5070.00   3.74678e-09
       5080.00   3.70384e-09
       5090.00   3.69911e-09
       5100.00   3.83449e-09
       5110.00   3.86725e-09
       5120.00   3.89163e-09
       5130.00   3.82831e-09
       5140.00   3.77008e-09
       5150.00   3.77590e-09
       5160.00   3.67945e-09
       5170.00   3.51095e-09
       5180.00   3.46575e-09
       5190.00   3.56216e-09
       5200.00   3.63414e-09
       5210.00   3.70238e-09
       5220.00   3.71075e-09
       5230.00   3.69510e-09
       5240.00   3.75734e-09
       5250.00   3.78099e-09
       5260.00   3.65543e-09
       5270.00   3.56729e-09
       5280.00   3.67400e-09
       5290.00   3.79810e-09
       5300.00   3.81302e-09
       5310.00   3.82430e-09
       5320.00   3.75989e-09
       5330.00   3.69838e-09
       5340.00   3.72749e-09
       5350.00   3.78864e-09
       5360.00   3.78864e-09
       5370.00   3.74314e-09
       5380.00   3.72531e-09
       5390.00   3.73951e-09
       5400.00   3.63978e-09
       5410.00   3.65325e-09
       5420.00   3.70129e-09
       5430.00   3.72713e-09
       5440.00   3.73550e-09
       5450.00   3.79228e-09
       5460.00   3.76389e-09
       5470.00   3.77190e-09
       5480.00   3.72531e-09
       5490.00   3.76316e-09
       5500.00   3.77881e-09
       5510.00   3.77226e-09
       5520.00   3.76571e-09
       5530.00   3.64379e-09
       5540.00   3.64124e-09
       5550.00   3.68564e-09
       5560.00   3.66526e-09
       5570.00   3.60576e-09
       5580.00   3.56794e-09
       5590.00   3.52864e-09
       5600.00   3.49901e-09
       5610.00   3.58956e-09
       5620.00   3.59444e-09
       5630.00   3.60234e-09
       5640.00   3.59680e-09
       5650.00   3.61518e-09
       5660.00   3.57824e-09
       5670.00   3.58599e-09
       5680.00   3.60419e-09
       5690.00   3.59491e-09
       5700.00   3.56550e-09
       5710.00   3.55302e-09
       5720.00   3.55393e-09
       5730.00   3.66271e-09
       5740.00   3.55277e-09
       5760.00   3.53799e-09
       5780.00   3.53024e-09
       5800.00   3.52216e-09
       5820.00   3.53410e-09
       5840.00   3.51313e-09
       5860.00   3.44722e-09
       5880.00   3.42379e-09
       5900.00   3.38182e-09
       5920.00   3.41258e-09
       5940.00   3.43947e-09
       5960.00   3.43518e-09
       5980.00   3.48001e-09
       6000.00   3.46291e-09
       6020.00   3.43692e-09
       6040.00   3.52911e-09
       6060.00   3.52696e-09
       6080.00   3.51859e-09
       6100.00   3.47208e-09
       6120.00   3.41996e-09
       6140.00   3.40351e-09
       6160.00   3.34059e-09
       6180.00   3.34503e-09
       6200.00   3.36381e-09
       6220.00   3.36788e-09
       6240.00   3.34044e-09
       6260.00   3.35314e-09
       6280.00   3.32905e-09
       6300.00   3.34947e-09
       6320.00   3.33105e-09
       6340.00   3.29921e-09
       6360.00   3.31115e-09
       6380.00   3.29040e-09
       6400.00   3.25921e-09
       6420.00   3.22809e-09
       6440.00   3.25073e-09
       6460.00   3.23847e-09
       6480.00   3.21070e-09
       6500.00   3.22482e-09
       6520.00   3.22846e-09
       6540.00   3.17529e-09
       6560.00   3.08670e-09
       6580.00   3.09089e-09
       6600.00   3.18624e-09
       6620.00   3.21485e-09
       6640.00   3.17052e-09
       6660.00   3.15643e-09
       6680.00   3.15491e-09
       6700.00   3.19497e-09
       6720.00   3.21998e-09
       6740.00   3.18624e-09
       6760.00   3.32439e-09
       6780.00   3.28796e-09
       6800.00   3.24480e-09
       6820.00   3.12626e-09
       6840.00   3.08441e-09
       6860.00   3.03375e-09
       6880.00   3.04867e-09
       6900.00   3.05417e-09
       6920.00   3.07578e-09
       6940.00   3.09231e-09
       6960.00   3.06101e-09
       6980.00   2.97337e-09
       7000.00   2.96755e-09
       7020.00   2.96860e-09
       7040.00   2.95175e-09
       7060.00   2.91951e-09
       7080.00   2.90520e-09
       7100.00   2.89105e-09
       7120.00   2.86189e-09
       7140.00   2.82852e-09
       7160.00   2.93967e-09
       7180.00   2.97479e-09
       7200.00   2.81993e-09
       7220.00   2.78317e-09
       7240.00   2.77408e-09
       7260.00   2.74616e-09
       7280.00   2.73543e-09
       7300.00   2.73910e-09
       7320.00   2.70562e-09
       7340.00   2.65601e-09
       7360.00   2.64968e-09
       7380.00   2.63934e-09
       7400.00   2.61711e-09
       7420.00   2.63516e-09
       7440.00   2.61904e-09
       7460.00   2.61285e-09
       7480.00   2.63247e-09
       7500.00   2.59494e-09
       7520.00   2.57711e-09
       7540.00   2.55003e-09
       7560.00   2.48249e-09
       7580.00   2.64022e-09
       7600.00   2.80592e-09
       7620.00   3.18650e-09
       7640.00   2.85221e-09
       7660.00   2.58908e-09
       7680.00   2.27260e-09
       7700.00   2.39670e-09
       7720.00   2.43616e-09
       7740.00   2.46221e-09
       7760.00   2.45137e-09
       7780.00   2.45159e-09
       7800.00   2.45177e-09
       7820.00   2.44282e-09
       7840.00   2.47513e-09
       7860.00   2.44646e-09
       7880.00   2.44125e-09
       7900.00   2.42891e-09
       7920.00   2.39561e-09
       7940.00   2.37298e-09
       7960.00   2.38022e-09
       7980.00   2.37345e-09
       8000.00   2.36348e-09
       8020.00   2.32250e-09
       8040.00   2.32464e-09
       8060.00   2.32151e-09
       8080.00   2.28479e-09
       8100.00   2.24822e-09
       8120.00   2.32923e-09
       8140.00   2.32275e-09
       8160.00   2.23020e-09
       8180.00   2.16316e-09
       8200.00   2.18722e-09
       8220.00   2.17659e-09
       8240.00   2.17248e-09
       8260.00   2.19428e-09
       8280.00   2.16604e-09
       8300.00   2.12677e-09
       8320.00   2.12127e-09
       8340.00   2.09682e-09
       8360.00   2.08681e-09
       8380.00   2.09740e-09
       8400.00   2.09838e-09
       8420.00   2.07443e-09
       8440.00   2.06461e-09
       8460.00   2.03778e-09
       8480.00   2.00674e-09
       8500.00   2.01409e-09
       8520.00   2.00765e-09
       8540.00   1.93628e-09
       8560.00   1.96496e-09
       8580.00   2.04124e-09
       8600.00   2.02275e-09
       8620.00   2.02232e-09
       8640.00   1.98181e-09
       8660.00   1.89188e-09
       8680.00   1.90506e-09
       8700.00   1.96194e-09
       8720.00   1.95437e-09
       8740.00   1.93832e-09
       8760.00   1.94229e-09
       8780.00   1.97508e-09
       8800.00   1.95328e-09
       8820.00   1.95146e-09
       8840.00   1.95673e-09
       8860.00   1.92536e-09
       8880.00   1.89443e-09
       8900.00   1.87889e-09
       8920.00   1.88435e-09
       8940.00   1.88289e-09
       8960.00   1.91976e-09
       8980.00   1.93723e-09
       9000.00   1.86189e-09
       9020.00   1.92693e-09
       9040.00   1.97504e-09
       9060.00   1.92605e-09
       9080.00   1.87070e-09
       9100.00   1.87448e-09
       9120.00   1.88882e-09
       9140.00   1.85287e-09
       9160.00   1.85792e-09
       9180.00   1.89039e-09
       9200.00   1.89923e-09
       9220.00   1.81047e-09
       9240.00   1.73153e-09
       9260.00   1.66496e-09
       9280.00   1.65641e-09
       9300.00   1.64047e-09
       9320.00   1.82007e-09
       9340.00   2.05897e-09
       9360.00   1.79958e-09
       9380.00   1.88089e-09
       9400.00   1.88660e-09
       9420.00   1.71704e-09
       9440.00   1.69739e-09
       9460.00   1.69510e-09
       9480.00   1.74568e-09
       9500.00   1.69794e-09
       9520.00   1.72862e-09
       9540.00   1.70674e-09
       9560.00   1.68887e-09
       9580.00   1.72261e-09
       9600.00   1.69994e-09
       9620.00   1.69994e-09
       9640.00   1.69772e-09
       9660.00   1.70722e-09
       9680.00   1.66718e-09
       9700.00   1.61110e-09
       9720.00   1.60218e-09
       9740.00   1.58857e-09
       9760.00   1.59949e-09
       9780.00   1.58599e-09
       9800.00   1.59330e-09
       9820.00   1.59483e-09
       9840.00   1.58497e-09
       9860.00   1.54104e-09
       9880.00   1.55407e-09
       9900.00   1.54555e-09
       9920.00   1.54155e-09
       9940.00   1.52972e-09
       9960.00   1.52357e-09
       9980.00   1.50639e-09
       10000.0   1.50486e-09
       10020.0   1.48124e-09
       10040.0   1.47753e-09
       10060.0   1.44769e-09
       10080.0   1.47451e-09
       10100.0   1.48601e-09
       10120.0   1.48121e-09
       10140.0   1.45711e-09
       10160.0   1.46101e-09
       10180.0   1.45107e-09
       10200.0   1.44001e-09
       10220.0   1.42385e-09
       10240.0   1.41723e-09
       10260.0   1.43473e-09
       10280.0   1.42709e-09
       10300.0   1.39870e-09
       10320.0   1.39535e-09
       10340.0   1.38487e-09
       10360.0   1.37228e-09
       10380.0   1.36398e-09
       10400.0   1.36074e-09
       10420.0   1.37785e-09
       10440.0   1.37559e-09
       10460.0   1.37133e-09
       10480.0   1.37115e-09
       10500.0   1.36595e-09
       10520.0   1.39066e-09
       10540.0   1.38342e-09
       10560.0   1.35437e-09
       10580.0   1.32861e-09
       10600.0   1.33105e-09
       10800.0   1.27624e-09
       11000.0   1.22048e-09
       11200.0   1.16501e-09
       11400.0   1.11071e-09
       11600.0   1.05849e-09
       11800.0   1.00888e-09
       12000.0   9.62336e-10
       12200.0   9.19427e-10
       12400.0   8.80376e-10
       12600.0   8.44855e-10
       12800.0   8.13665e-10
       13000.0   7.81020e-10
       13200.0   7.54197e-10
       13400.0   7.28212e-10
       13600.0   7.00734e-10
       13800.0   6.73184e-10
       14000.0   6.47781e-10
       14200.0   6.26162e-10
       14400.0   6.05308e-10
       14600.0   5.84418e-10
       14800.0   5.62800e-10
       15000.0   5.42710e-10
       15200.0   5.23422e-10
       15400.0   5.04970e-10
       15600.0   4.88265e-10
       15800.0   4.72797e-10
       16000.0   4.60823e-10
       16200.0   4.50997e-10
       16400.0   4.36112e-10
       16600.0   4.16786e-10
       16800.0   4.02593e-10
       17000.0   3.86798e-10
       17200.0   3.70093e-10
       17400.0   3.55491e-10
       17600.0   3.40788e-10
       17800.0   3.27057e-10
       18000.0   3.14100e-10
       18200.0   3.03666e-10
       18400.0   2.92799e-10
       18600.0   2.82030e-10
       18800.0   2.72036e-10
       19000.0   2.62817e-10
       19200.0   2.52383e-10
       19400.0   2.44038e-10
       19600.0   2.35693e-10
       19800.0   2.27347e-10
       20000.0   2.19876e-10
       20200.0   2.13179e-10
       20400.0   2.05707e-10
       20600.0   1.98188e-10
       20800.0   1.91106e-10
       21000.0   1.83634e-10
       21200.0   1.76938e-10
       21400.0   1.71551e-10
       21600.0   1.65343e-10
       21800.0   1.59960e-10
       22000.0   1.55352e-10
       22200.0   1.50792e-10
       22400.0   1.46028e-10
       22600.0   1.41464e-10
       22800.0   1.37061e-10
       23000.0   1.32890e-10
       23200.0   1.28715e-10
       23400.0   1.24981e-10
       23600.0   1.21528e-10
       23800.0   1.17200e-10
       24000.0   1.13776e-10
       24200.0   1.10788e-10
       24400.0   1.07363e-10
       24600.0   1.03935e-10
       24800.0   1.01256e-10
       25000.0   9.80642e-11
       25200.0   9.55894e-11
       25400.0   9.28344e-11
       25600.0   9.01557e-11
