       229.000       0.00000
       234.000       0.00000
       243.000       0.00000
       252.000       0.00000
       256.000       0.00000
       260.000       0.00000
       266.000       0.00000
       275.000       0.00000
       283.000       0.00000
       293.000       0.00000
       301.000       0.00000
       309.000       0.00000
       325.000       0.00000
       342.000       0.00000
       351.000       0.00000
       356.000       0.00000
       365.000       0.00000
       375.000       0.00000
       384.000       0.00000
       400.000       0.00000
       415.000       0.00000
       425.000       0.00000
       445.000       0.00000
       472.000       0.00000
       494.000       0.00000
       506.000       0.00000
       516.000       0.00000
       540.000       0.00000
       564.000       0.00000
       587.000       0.00000
       612.000       0.00000
       640.000       0.00000
       671.000       0.00000
       705.000       0.00000
       736.000       0.00000
       770.000       0.00000
       810.000       0.00000
       850.000       0.00000
       890.000       0.00000
       920.000   2.44413e-21
       940.000   8.25998e-21
       962.000   1.75789e-20
       987.000   3.94405e-20
       1012.00   8.02705e-20
       1037.00   1.51063e-19
       1062.00   2.92436e-19
       1087.00   5.44181e-19
       1112.00   8.90976e-18
       1120.00   1.09626e-17
       1140.00   1.58621e-17
       1160.00   2.50692e-17
       1180.00   3.61930e-17
       1200.00   5.08821e-17
       1220.00   7.52207e-17
       1240.00   1.14687e-16
       1260.00   1.64746e-16
       1280.00   2.25611e-16
       1300.00   3.12116e-16
       1320.00   4.14370e-16
       1340.00   5.34527e-16
       1360.00   6.94542e-16
       1380.00   9.16829e-16
       1400.00   1.20848e-15
       1420.00   1.57334e-15
       1440.00   2.04563e-15
       1460.00   2.66558e-15
       1480.00   3.40616e-15
       1500.00   4.41685e-15
       1520.00   3.59308e-14
       1540.00   6.45908e-14
       1560.00   6.72053e-14
       1580.00   8.59858e-14
       1600.00   1.11388e-13
       1620.00   1.36813e-13
       1640.00   1.59276e-13
       1660.00   1.74275e-13
       1680.00   2.24079e-12
       1700.00   3.41651e-12
       1720.00   4.26510e-12
       1740.00   5.62135e-12
       1760.00   5.53907e-12
       1780.00   7.67418e-12
       1800.00   7.27159e-12
       1820.00   5.90583e-12
       1840.00   6.14900e-12
       1860.00   7.91113e-12
       1880.00   9.12294e-12
       1900.00   1.06463e-11
       1920.00   1.27291e-11
       1940.00   1.12928e-11
       1960.00   1.14018e-11
       1980.00   1.61071e-11
       2000.00   1.69145e-11
       2002.50   1.78597e-11
       2005.00   2.21669e-11
       2007.50   2.36756e-11
       2010.00   2.44640e-11
       2012.50   2.46589e-11
       2015.00   2.47573e-11
       2017.50   2.43488e-11
       2020.00   2.42051e-11
       2022.50   2.42695e-11
       2025.00   2.42618e-11
       2027.50   2.42508e-11
       2030.00   2.52783e-11
       2032.50   2.68649e-11
       2035.00   2.95251e-11
       2037.50   3.12555e-11
       2040.00   3.23664e-11
       2042.50   3.31185e-11
       2045.00   3.35394e-11
       2047.50   3.41892e-11
       2050.00   3.46898e-11
       2052.50   3.48313e-11
       2055.00   3.48456e-11
       2057.50   3.44561e-11
       2060.00   3.49937e-11
       2062.50   3.60928e-11
       2065.00   3.81716e-11
       2067.50   4.02486e-11
       2070.00   4.11481e-11
       2072.50   4.23183e-11
       2075.00   4.40405e-11
       2077.50   4.62967e-11
       2080.00   4.88051e-11
       2082.50   5.20120e-11
       2085.00   5.56906e-11
       2087.50   5.54419e-11
       2090.00   5.57930e-11
       2092.50   5.70435e-11
       2095.00   5.79687e-11
       2097.50   5.81917e-11
       2100.00   5.84148e-11
       2102.50   5.75152e-11
       2105.00   6.33768e-11
       2107.50   6.12596e-11
       2110.00   5.98555e-11
       2112.50   6.45360e-11
       2115.00   7.13812e-11
       2117.50   8.12614e-11
       2120.00   7.96964e-11
       2122.50   6.32196e-11
       2125.00   5.76030e-11
       2127.50   6.61522e-11
       2130.00   6.83828e-11
       2132.50   6.63570e-11
       2135.00   6.76624e-11
       2137.50   7.10631e-11
       2140.00   7.92210e-11
       2142.50   9.15841e-11
       2145.00   9.26994e-11
       2147.50   8.48961e-11
       2150.00   8.32031e-11
       2152.50   8.56896e-11
       2155.00   8.18538e-11
       2157.50   7.09607e-11
       2160.00   7.26976e-11
       2162.50   8.03034e-11
       2165.00   7.25989e-11
       2167.50   6.50552e-11
       2170.00   7.01197e-11
       2172.50   7.34984e-11
       2175.00   7.10229e-11
       2177.50   8.02851e-11
       2180.00   1.00378e-10
       2182.50   1.05958e-10
       2185.00   9.38659e-11
       2187.50   8.43513e-11
       2190.00   9.01544e-11
       2192.50   1.01402e-10
       2195.00   1.03059e-10
       2197.50   1.01501e-10
       2200.00   1.04583e-10
       2202.50   1.12847e-10
       2205.00   1.08895e-10
       2207.50   8.64136e-11
       2210.00   7.37690e-11
       2212.50   7.99414e-11
       2215.00   8.21902e-11
       2217.50   8.36639e-11
       2220.00   9.89815e-11
       2222.50   1.08149e-10
       2225.00   1.04214e-10
       2227.50   1.03220e-10
       2230.00   1.13356e-10
       2232.50   1.36265e-10
       2235.00   1.48361e-10
       2237.50   1.36934e-10
       2240.00   1.23821e-10
       2242.50   1.14391e-10
       2245.00   1.17524e-10
       2247.50   1.26022e-10
       2250.00   1.19993e-10
       2252.50   1.11180e-10
       2255.00   1.06796e-10
       2257.50   1.04083e-10
       2260.00   1.00386e-10
       2262.50   9.22204e-11
       2265.00   8.00877e-11
       2267.50   7.06499e-11
       2270.00   6.85108e-11
       2272.50   7.29682e-11
       2275.00   8.01937e-11
       2277.50   8.94633e-11
       2280.00   1.04028e-10
       2282.50   1.14343e-10
       2285.00   1.10752e-10
       2287.50   1.00993e-10
       2290.00   9.65974e-11
       2292.50   1.00451e-10
       2295.00   1.01351e-10
       2297.50   8.99972e-11
       2300.00   8.48413e-11
       2302.50   9.68789e-11
       2305.00   1.17773e-10
       2307.50   1.21569e-10
       2310.00   9.77090e-11
       2312.50   8.78251e-11
       2315.00   1.02799e-10
       2317.50   1.06203e-10
       2320.00   1.01559e-10
       2322.50   1.11264e-10
       2325.00   1.10632e-10
       2327.50   1.01347e-10
       2330.00   9.62683e-11
       2332.50   9.17487e-11
       2335.00   9.27616e-11
       2337.50   8.64319e-11
       2340.00   8.19014e-11
       2342.50   7.62445e-11
       2345.00   6.82840e-11
       2347.50   7.64895e-11
       2350.00   9.72592e-11
       2352.50   1.11290e-10
       2355.00   1.13436e-10
       2357.50   1.06119e-10
       2360.00   9.46265e-11
       2362.50   9.32406e-11
       2365.00   9.18364e-11
       2367.50   9.44473e-11
       2370.00   1.07132e-10
       2372.50   1.05322e-10
       2375.00   9.95958e-11
       2377.50   9.72665e-11
       2380.00   7.99012e-11
       2382.50   7.04817e-11
       2385.00   8.12359e-11
       2387.50   8.97412e-11
       2390.00   9.81697e-11
       2392.50   9.84330e-11
       2395.00   8.33274e-11
       2397.50   7.87164e-11
       2400.00   8.67647e-11
       2402.50   8.89184e-11
       2405.00   7.40286e-11
       2407.50   7.88005e-11
       2410.00   7.80144e-11
       2412.50   7.94075e-11
       2415.00   9.74713e-11
       2417.50   1.18742e-10
       2420.00   1.35482e-10
       2422.50   1.38378e-10
       2425.00   1.34118e-10
       2427.50   1.40309e-10
       2430.00   1.36191e-10
       2432.50   1.27891e-10
       2435.00   1.19334e-10
       2437.50   1.21302e-10
       2440.00   1.27584e-10
       2442.50   1.31540e-10
       2445.00   1.21718e-10
       2447.50   1.08105e-10
       2450.00   9.86780e-11
       2452.50   9.41730e-11
       2455.00   9.58843e-11
       2457.50   9.95812e-11
       2460.00   9.51128e-11
       2462.50   8.87576e-11
       2465.00   9.56723e-11
       2467.50   1.04803e-10
       2470.00   1.07962e-10
       2472.50   1.07651e-10
       2475.00   1.13151e-10
       2477.50   1.07107e-10
       2480.00   9.88572e-11
       2482.50   8.82858e-11
       2485.00   8.63405e-11
       2487.50   8.31483e-11
       2490.00   7.28622e-11
       2492.50   9.48349e-11
       2495.00   1.21916e-10
       2497.50   1.26494e-10
       2500.00   1.19565e-10
       2502.50   1.16859e-10
       2505.00   1.07022e-10
       2507.50   1.04156e-10
       2510.00   1.08862e-10
       2512.50   9.42608e-11
       2515.00   7.85519e-11
       2517.50   7.83398e-11
       2520.00   8.54044e-11
       2522.50   8.15796e-11
       2525.00   8.20622e-11
       2527.50   8.05082e-11
       2530.00   8.81871e-11
       2532.50   1.03238e-10
       2535.00   1.03852e-10
       2537.50   1.04093e-10
       2540.00   1.08266e-10
       2542.50   1.14113e-10
       2545.00   1.16720e-10
       2547.50   1.09630e-10
       2550.00   1.22037e-10
       2552.50   1.53630e-10
       2555.00   1.60998e-10
       2557.50   1.62984e-10
       2560.00   1.71394e-10
       2562.50   1.57104e-10
       2565.00   1.76188e-10
       2567.50   2.19168e-10
       2570.00   2.44567e-10
       2572.50   2.46892e-10
       2575.00   2.01075e-10
       2577.50   2.10439e-10
       2580.00   2.80607e-10
       2582.50   2.64843e-10
       2585.00   1.91809e-10
       2587.50   2.16619e-10
       2590.00   2.68090e-10
       2592.50   2.22781e-10
       2595.00   1.94025e-10
       2597.50   1.53725e-10
       2600.00   1.41753e-10
       2602.50   1.92405e-10
       2605.00   1.74334e-10
       2607.50   1.52705e-10
       2610.00   1.61389e-10
       2612.50   1.41501e-10
       2615.00   1.67368e-10
       2617.50   1.94866e-10
       2620.00   2.09756e-10
       2622.50   2.22104e-10
       2625.00   2.09361e-10
       2627.50   1.80773e-10
       2630.00   1.61828e-10
       2632.50   1.89790e-10
       2635.00   2.81821e-10
       2637.50   3.88445e-10
       2640.00   4.57482e-10
       2642.50   4.92110e-10
       2645.00   4.96827e-10
       2647.50   4.11225e-10
       2650.00   3.70052e-10
       2652.50   4.33165e-10
       2655.00   5.03226e-10
       2657.50   4.98436e-10
       2660.00   4.62711e-10
       2662.50   4.25815e-10
       2665.00   4.27644e-10
       2667.50   4.35067e-10
       2670.00   4.33823e-10
       2672.50   4.37114e-10
       2675.00   4.84285e-10
       2677.50   4.43916e-10
       2680.00   4.28119e-10
       2682.50   4.39784e-10
       2685.00   4.44501e-10
       2687.50   4.24097e-10
       2690.00   4.02084e-10
       2692.50   4.23914e-10
       2695.00   3.98464e-10
       2697.50   4.16198e-10
       2700.00   4.81433e-10
       2702.50   5.05530e-10
       2705.00   5.05274e-10
       2707.50   4.66331e-10
       2710.00   4.48889e-10
       2712.50   4.45232e-10
       2715.00   4.03217e-10
       2717.50   3.30604e-10
       2720.00   2.74632e-10
       2722.50   3.12050e-10
       2725.00   3.41354e-10
       2727.50   4.03985e-10
       2730.00   4.56458e-10
       2732.50   3.98244e-10
       2735.00   3.28081e-10
       2737.50   2.76091e-10
       2740.00   2.42208e-10
       2742.50   2.25384e-10
       2745.00   2.31374e-10
       2747.50   2.21983e-10
       2750.00   2.54480e-10
       2752.50   3.12836e-10
       2755.00   2.87872e-10
       2757.50   3.68735e-10
       2760.00   4.29253e-10
       2762.50   4.18136e-10
       2765.00   4.49474e-10
       2767.50   4.26291e-10
       2770.00   4.24133e-10
       2772.50   4.51229e-10
       2775.00   4.24536e-10
       2777.50   3.50712e-10
       2780.00   3.00671e-10
       2782.50   2.92121e-10
       2785.00   2.94220e-10
       2787.50   2.62481e-10
       2790.00   2.01700e-10
       2792.50   1.58504e-10
       2795.00   1.40894e-10
       2797.50   1.31946e-10
       2800.00   1.36330e-10
       2802.50   1.44627e-10
       2805.00   1.67372e-10
       2807.50   2.29534e-10
       2810.00   2.83013e-10
       2812.50   3.32677e-10
       2815.00   3.92796e-10
       2817.50   4.30788e-10
       2820.00   4.68708e-10
       2822.50   4.98619e-10
       2825.00   5.12149e-10
       2827.50   5.13648e-10
       2830.00   5.59721e-10
       2832.50   5.66962e-10
       2835.00   5.27397e-10
       2837.50   5.28457e-10
       2840.00   5.49629e-10
       2842.50   4.92220e-10
       2845.00   4.29143e-10
       2847.50   3.19564e-10
       2850.00   1.88606e-10
       2852.50   1.59967e-10
       2855.00   2.47039e-10
       2857.50   3.79815e-10
       2860.00   5.15074e-10
       2862.50   5.77858e-10
       2865.00   5.96507e-10
       2867.50   5.64621e-10
       2870.00   5.98921e-10
       2872.50   6.65033e-10
       2875.00   6.10841e-10
       2877.50   5.37343e-10
       2880.00   3.81643e-10
       2882.50   4.07934e-10
       2885.00   6.13657e-10
       2887.50   6.77173e-10
       2890.00   6.75235e-10
       2892.50   6.98162e-10
       2895.00   7.88481e-10
       2897.50   8.94377e-10
       2900.00   9.87987e-10
       2902.50   1.03552e-09
       2905.00   1.03124e-09
       2907.50   9.62427e-10
       2910.00   9.68022e-10
       2912.50   1.00561e-09
       2915.00   9.33978e-10
       2917.50   9.10064e-10
       2920.00   9.27140e-10
       2922.50   8.58030e-10
       2925.00   7.77401e-10
       2927.50   7.94734e-10
       2930.00   9.44912e-10
       2932.50   1.01746e-09
       2935.00   9.07833e-10
       2937.50   7.68881e-10
       2940.00   8.19343e-10
       2942.50   8.94669e-10
       2945.00   8.88746e-10
       2947.50   7.59593e-10
       2950.00   8.28082e-10
       2952.50   9.25093e-10
       2955.00   9.07980e-10
       2957.50   9.51713e-10
       2960.00   9.97969e-10
       2962.50   9.90291e-10
       2965.00   7.82849e-10
       2967.50   6.46713e-10
       2970.00   6.91397e-10
       2972.50   7.56302e-10
       2975.00   9.27652e-10
       2977.50   1.07132e-09
       2980.00   8.98180e-10
       2982.50   6.39985e-10
       2985.00   5.70691e-10
       2987.50   7.49940e-10
       2990.00   9.45387e-10
       2992.50   8.62893e-10
       2995.00   7.73891e-10
       2997.50   8.23036e-10
       3000.00   5.79577e-10
       3002.50   6.04076e-10
       3005.00   7.25331e-10
       3007.50   6.79330e-10
       3010.00   7.70015e-10
       3012.50   8.52947e-10
       3015.00   8.23328e-10
       3017.50   6.49090e-10
       3020.00   5.06700e-10
       3022.50   6.86241e-10
       3025.00   8.31483e-10
       3027.50   9.76249e-10
       3030.00   1.01622e-09
       3032.50   1.08408e-09
       3035.00   1.07019e-09
       3037.50   8.95072e-10
       3040.00   8.71779e-10
       3042.50   9.44400e-10
       3045.00   1.01190e-09
       3047.50   9.13720e-10
       3050.00   1.04799e-09
       3052.50   1.09173e-09
       3055.00   9.06663e-10
       3057.50   7.11984e-10
       3060.00   8.16235e-10
       3062.50   9.33247e-10
       3065.00   8.22451e-10
       3067.50   8.78251e-10
       3070.00   1.00331e-09
       3072.50   9.64109e-10
       3075.00   9.43193e-10
       3077.50   9.69667e-10
       3080.00   9.29919e-10
       3082.50   9.25202e-10
       3085.00   1.02331e-09
       3087.50   9.29078e-10
       3090.00   7.90236e-10
       3092.50   6.87594e-10
       3095.00   7.37544e-10
       3097.50   7.08803e-10
       3100.00   7.05000e-10
       3102.50   7.76779e-10
       3105.00   8.49254e-10
       3107.50   9.22826e-10
       3110.00   9.95702e-10
       3112.50   1.05381e-09
       3115.00   1.05351e-09
       3117.50   1.03048e-09
       3120.00   9.92265e-10
       3122.50   9.79028e-10
       3125.00   9.77200e-10
       3127.50   9.92411e-10
       3130.00   1.00627e-09
       3132.50   1.01753e-09
       3135.00   1.01984e-09
       3137.50   1.02335e-09
       3140.00   1.02766e-09
       3142.50   1.01186e-09
       3145.00   1.01007e-09
       3147.50   1.02931e-09
       3150.00   1.03914e-09
       3152.50   1.04386e-09
       3155.00   1.03753e-09
       3157.50   9.92594e-10
       3160.00   9.21911e-10
       3162.50   9.05822e-10
       3165.00   9.20522e-10
       3167.50   9.81441e-10
       3170.00   1.07202e-09
       3172.50   1.15392e-09
       3175.00   1.17148e-09
       3177.50   1.14036e-09
       3180.00   1.07684e-09
       3182.50   1.02569e-09
       3185.00   1.00444e-09
       3187.50   1.02799e-09
       3190.00   1.05593e-09
       3192.50   1.08185e-09
       3195.00   1.09535e-09
       3197.50   1.09626e-09
       3200.00   1.08880e-09
       3202.50   1.08054e-09
       3205.00   1.07231e-09
       3207.50   1.06404e-09
       3210.00   1.05578e-09
       3212.50   1.04752e-09
       3215.00   1.03925e-09
       3217.50   1.03103e-09
       3220.00   1.02276e-09
       3222.50   1.05088e-09
       3225.00   1.07900e-09
       3227.50   1.10712e-09
       3230.00   1.13528e-09
       3232.50   1.16340e-09
       3235.00   1.19152e-09
       3237.50   1.21963e-09
       3240.00   1.24779e-09
       3260.00   1.20991e-09
       3270.00   1.38722e-09
       3280.00   1.32648e-09
       3290.00   1.48160e-09
       3300.00   1.51937e-09
       3310.00   1.35592e-09
       3320.00   1.38287e-09
       3330.00   1.35065e-09
       3340.00   1.42477e-09
       3350.00   1.39460e-09
       3360.00   1.24636e-09
       3370.00   1.24391e-09
       3380.00   1.39702e-09
       3390.00   1.38784e-09
       3400.00   1.40360e-09
       3410.00   1.40868e-09
       3420.00   1.44668e-09
       3430.00   1.36126e-09
       3440.00   1.22830e-09
       3450.00   1.26015e-09
       3460.00   1.34974e-09
       3470.00   1.31811e-09
       3480.00   1.23401e-09
       3490.00   1.26776e-09
       3500.00   1.46156e-09
       3510.00   1.46489e-09
       3520.00   1.37098e-09
       3530.00   1.44306e-09
       3540.00   1.59879e-09
       3550.00   1.45403e-09
       3560.00   1.23404e-09
       3570.00   1.17861e-09
       3580.00   1.04364e-09
       3590.00   1.31803e-09
       3600.00   1.55787e-09
       3610.00   1.38404e-09
       3620.00   1.55930e-09
       3630.00   1.69657e-09
       3640.00   1.60058e-09
       3650.00   1.84715e-09
       3660.00   2.04812e-09
       3670.00   1.91886e-09
       3680.00   1.87256e-09
       3690.00   1.99715e-09
       3700.00   1.95568e-09
       3710.00   1.81355e-09
       3720.00   1.73438e-09
       3730.00   1.53136e-09
       3740.00   1.38108e-09
       3750.00   1.55275e-09
       3760.00   1.75314e-09
       3770.00   1.89845e-09
       3780.00   1.97272e-09
       3790.00   1.66549e-09
       3800.00   1.65909e-09
       3810.00   1.55828e-09
       3820.00   1.11118e-09
       3830.00   9.83343e-10
       3840.00   1.14003e-09
       3850.00   1.22951e-09
       3860.00   1.16756e-09
       3870.00   1.28099e-09
       3880.00   1.40868e-09
       3890.00   1.78312e-09
       3900.00   2.02600e-09
       3910.00   2.10092e-09
       3920.00   1.79336e-09
       3930.00   1.22570e-09
       3940.00   1.56391e-09
       3950.00   2.10812e-09
       3960.00   1.62910e-09
       3970.00   1.56138e-09
       3980.00   2.60364e-09
       3990.00   2.88958e-09
       4000.00   3.06499e-09
       4010.00   3.18438e-09
       4020.00   3.28201e-09
       4030.00   3.12972e-09
       4040.00   3.01003e-09
       4050.00   2.93928e-09
       4060.00   2.88465e-09
       4070.00   2.91982e-09
       4080.00   3.18420e-09
       4090.00   3.11381e-09
       4100.00   2.96330e-09
       4110.00   3.21503e-09
       4120.00   3.19945e-09
       4130.00   3.12050e-09
       4140.00   3.05457e-09
       4150.00   2.95774e-09
       4160.00   3.04693e-09
       4170.00   2.98912e-09
       4180.00   2.95149e-09
       4190.00   2.92611e-09
       4200.00   3.03867e-09
       4210.00   3.30092e-09
       4220.00   3.15315e-09
       4230.00   3.10683e-09
       4240.00   3.24150e-09
       4250.00   3.24029e-09
       4260.00   3.14778e-09
       4270.00   3.15612e-09
       4280.00   3.08167e-09
       4290.00   2.76124e-09
       4300.00   2.31235e-09
       4310.00   2.83620e-09
       4320.00   3.33145e-09
       4330.00   3.12460e-09
       4340.00   3.21755e-09
       4350.00   3.43859e-09
       4360.00   3.55297e-09
       4370.00   3.48002e-09
       4380.00   3.10723e-09
       4390.00   3.19568e-09
       4400.00   3.40821e-09
       4410.00   3.53136e-09
       4420.00   3.62793e-09
       4430.00   3.59294e-09
       4440.00   3.67529e-09
       4450.00   3.50668e-09
       4460.00   3.49929e-09
       4470.00   3.72867e-09
       4480.00   3.84130e-09
       4490.00   3.89030e-09
       4500.00   4.06581e-09
       4510.00   4.01828e-09
       4520.00   3.72428e-09
       4530.00   3.68296e-09
       4540.00   3.80473e-09
       4550.00   3.90529e-09
       4560.00   3.98317e-09
       4570.00   3.96416e-09
       4580.00   3.89871e-09
       4590.00   3.82411e-09
       4600.00   3.88445e-09
       4610.00   3.98720e-09
       4620.00   4.05740e-09
       4630.00   3.89761e-09
       4640.00   3.70490e-09
       4650.00   3.70527e-09
       4660.00   3.65294e-09
       4670.00   3.49702e-09
       4680.00   3.58647e-09
       4690.00   3.57923e-09
       4700.00   3.52551e-09
       4710.00   3.68077e-09
       4720.00   3.86909e-09
       4730.00   3.82301e-09
       4740.00   3.95502e-09
       4750.00   3.94990e-09
       4760.00   3.80729e-09
       4770.00   3.93637e-09
       4780.00   4.07313e-09
       4790.00   4.02047e-09
       4800.00   4.09690e-09
       4810.00   4.11884e-09
       4820.00   4.10128e-09
       4830.00   3.95721e-09
       4840.00   3.88883e-09
       4850.00   3.61459e-09
       4860.00   3.35661e-09
       4870.00   3.56961e-09
       4880.00   3.68296e-09
       4890.00   3.81460e-09
       4900.00   3.96855e-09
       4910.00   3.73635e-09
       4920.00   3.72099e-09
       4930.00   3.80546e-09
       4940.00   3.90895e-09
       4950.00   3.96123e-09
       4960.00   3.93856e-09
       4970.00   3.88189e-09
       4980.00   3.83691e-09
       4990.00   3.78060e-09
       5000.00   3.59981e-09
       5010.00   3.51728e-09
       5020.00   3.60453e-09
       5030.00   3.74111e-09
       5040.00   3.70344e-09
       5050.00   3.87019e-09
       5060.00   3.88445e-09
       5070.00   3.68772e-09
       5080.00   3.65466e-09
       5090.00   3.64929e-09
       5100.00   3.57890e-09
       5110.00   3.66322e-09
       5120.00   3.66395e-09
       5130.00   3.50909e-09
       5140.00   3.53224e-09
       5150.00   3.55180e-09
       5160.00   3.20168e-09
       5170.00   3.14632e-09
       5180.00   3.34202e-09
       5190.00   3.41201e-09
       5200.00   3.59045e-09
       5210.00   3.63119e-09
       5220.00   3.58369e-09
       5230.00   3.60226e-09
       5240.00   3.72392e-09
       5250.00   3.74732e-09
       5260.00   3.41841e-09
       5270.00   3.31595e-09
       5280.00   3.72136e-09
       5290.00   3.82777e-09
       5300.00   3.85190e-09
       5310.00   3.92503e-09
       5320.00   3.65159e-09
       5330.00   3.64647e-09
       5340.00   3.78096e-09
       5350.00   3.87823e-09
       5360.00   3.91370e-09
       5370.00   3.75939e-09
       5380.00   3.80437e-09
       5390.00   3.70381e-09
       5400.00   3.51428e-09
       5410.00   3.54471e-09
       5420.00   3.66505e-09
       5430.00   3.64000e-09
       5440.00   3.71514e-09
       5450.00   3.78206e-09
       5460.00   3.81241e-09
       5470.00   3.66395e-09
       5480.00   3.56175e-09
       5490.00   3.68296e-09
       5500.00   3.72794e-09
       5510.00   3.70710e-09
       5520.00   3.70088e-09
       5530.00   3.65847e-09
       5540.00   3.71405e-09
       5550.00   3.72209e-09
       5560.00   3.67273e-09
       5570.00   3.58500e-09
       5580.00   3.56862e-09
       5590.00   3.51692e-09
       5600.00   3.50993e-09
       5610.00   3.63930e-09
       5620.00   3.64026e-09
       5630.00   3.59619e-09
       5640.00   3.61104e-09
       5650.00   3.63298e-09
       5660.00   3.59963e-09
       5670.00   3.60058e-09
       5680.00   3.63583e-09
       5690.00   3.61971e-09
       5700.00   3.65123e-09
       5710.00   3.55030e-09
       5720.00   3.69649e-09
       5730.00   3.73087e-09
       5740.00   3.72099e-09
       5760.00   3.67858e-09
       5780.00   3.70929e-09
       5800.00   3.80839e-09
       5820.00   3.80217e-09
       5840.00   3.71478e-09
       5860.00   3.64431e-09
       5880.00   3.46284e-09
       5900.00   3.47754e-09
       5920.00   3.65920e-09
       5940.00   3.66578e-09
       5960.00   3.65993e-09
       5980.00   3.65382e-09
       6000.00   3.59265e-09
       6020.00   3.59638e-09
       6040.00   3.61799e-09
       6060.00   3.59714e-09
       6080.00   3.62720e-09
       6100.00   3.57692e-09
       6120.00   3.55652e-09
       6140.00   3.40740e-09
       6160.00   3.42031e-09
       6180.00   3.43267e-09
       6200.00   3.41055e-09
       6220.00   3.40027e-09
       6240.00   3.35006e-09
       6260.00   3.33990e-09
       6280.00   3.32977e-09
       6300.00   3.34487e-09
       6320.00   3.33500e-09
       6340.00   3.33310e-09
       6360.00   3.34228e-09
       6380.00   3.33482e-09
       6400.00   3.29258e-09
       6420.00   3.30403e-09
       6440.00   3.30498e-09
       6460.00   3.25272e-09
       6480.00   3.24051e-09
       6500.00   3.23386e-09
       6520.00   3.29456e-09
       6540.00   3.11951e-09
       6560.00   3.05157e-09
       6580.00   3.23729e-09
       6600.00   3.30381e-09
       6620.00   3.28640e-09
       6640.00   3.23675e-09
       6660.00   3.23217e-09
       6680.00   3.23770e-09
       6700.00   3.18639e-09
       6720.00   3.15747e-09
       6740.00   3.14624e-09
       6760.00   3.13487e-09
       6780.00   3.13074e-09
       6800.00   3.15052e-09
       6820.00   3.15824e-09
       6840.00   3.23430e-09
       6860.00   3.05812e-09
       6880.00   3.02184e-09
       6900.00   3.11103e-09
       6920.00   3.10909e-09
       6940.00   3.08894e-09
       6960.00   3.01435e-09
       6980.00   2.96985e-09
       7000.00   2.92582e-09
       7020.00   2.95837e-09
       7040.00   2.98188e-09
       7060.00   2.96279e-09
       7080.00   2.94827e-09
       7100.00   2.91189e-09
       7120.00   2.89770e-09
       7140.00   2.84687e-09
       7160.00   2.83525e-09
       7180.00   2.78950e-09
       7200.00   2.82311e-09
       7220.00   2.82852e-09
       7240.00   2.78990e-09
       7260.00   2.74730e-09
       7280.00   2.71546e-09
       7300.00   2.77736e-09
       7320.00   2.79722e-09
       7340.00   2.76979e-09
       7360.00   2.74646e-09
       7380.00   2.71546e-09
       7400.00   2.70683e-09
       7420.00   2.72233e-09
       7440.00   2.74160e-09
       7460.00   2.73480e-09
       7480.00   2.70452e-09
       7500.00   2.67432e-09
       7520.00   2.80658e-09
       7540.00   2.91229e-09
       7560.00   2.97409e-09
       7580.00   2.64126e-09
       7600.00   2.24887e-09
       7620.00   2.96180e-09
       7640.00   2.74182e-09
       7660.00   2.67106e-09
       7680.00   2.43996e-09
       7700.00   2.49445e-09
       7720.00   2.54081e-09
       7740.00   2.58850e-09
       7760.00   2.59175e-09
       7780.00   2.62956e-09
       7800.00   2.62148e-09
       7820.00   2.59537e-09
       7840.00   2.58590e-09
       7860.00   2.55303e-09
       7880.00   2.49558e-09
       7900.00   2.44940e-09
       7920.00   2.38771e-09
       7940.00   2.41780e-09
       7960.00   2.48757e-09
       7980.00   2.41601e-09
       8000.00   2.37806e-09
       8020.00   2.40921e-09
       8040.00   2.38537e-09
       8060.00   2.39210e-09
       8080.00   2.33977e-09
       8100.00   2.31136e-09
       8120.00   2.34358e-09
       8140.00   2.33041e-09
       8160.00   2.25095e-09
       8180.00   2.28130e-09
       8200.00   2.33754e-09
       8220.00   2.32782e-09
       8240.00   2.38146e-09
       8260.00   2.37656e-09
       8280.00   2.38588e-09
       8300.00   2.24463e-09
       8320.00   2.26569e-09
       8340.00   2.27392e-09
       8360.00   2.21881e-09
       8380.00   2.25852e-09
       8400.00   2.25724e-09
       8420.00   2.26203e-09
       8440.00   2.23282e-09
       8460.00   2.26551e-09
       8480.00   2.21943e-09
       8500.00   2.16773e-09
       8520.00   2.06779e-09
       8540.00   2.02636e-09
       8560.00   2.12396e-09
       8580.00   2.12451e-09
       8600.00   2.09964e-09
       8620.00   2.15383e-09
       8640.00   2.06702e-09
       8660.00   1.99854e-09
       8680.00   2.11397e-09
       8700.00   2.11295e-09
       8720.00   2.07141e-09
       8740.00   2.09796e-09
       8760.00   2.04095e-09
       8780.00   2.04176e-09
       8800.00   2.00387e-09
       8820.00   2.02468e-09
       8840.00   2.03956e-09
       8860.00   2.06417e-09
       8880.00   2.00855e-09
       8900.00   1.99122e-09
       8920.00   1.97681e-09
       8940.00   2.00380e-09
       8960.00   1.93432e-09
       8980.00   1.95045e-09
       9000.00   1.88587e-09
       9020.00   2.02680e-09
       9040.00   2.04761e-09
       9060.00   1.86631e-09
       9080.00   1.85011e-09
       9100.00   1.92335e-09
       9120.00   1.86441e-09
       9140.00   1.84444e-09
       9160.00   1.82188e-09
       9180.00   1.84141e-09
       9200.00   1.91301e-09
       9220.00   1.86975e-09
       9240.00   1.89787e-09
       9260.00   1.81881e-09
       9280.00   2.02640e-09
       9300.00   1.95008e-09
       9320.00   1.86028e-09
       9340.00   1.99919e-09
       9360.00   1.83311e-09
       9380.00   1.91696e-09
       9400.00   1.99250e-09
       9420.00   1.69909e-09
       9440.00   1.70791e-09
       9460.00   1.83651e-09
       9480.00   1.77713e-09
       9500.00   1.84550e-09
       9520.00   1.82806e-09
       9540.00   1.87984e-09
       9560.00   1.84547e-09
       9580.00   1.78360e-09
       9600.00   1.71858e-09
       9620.00   1.73895e-09
       9640.00   1.62596e-09
       9660.00   1.70447e-09
       9680.00   1.70209e-09
       9700.00   1.63993e-09
       9720.00   1.64841e-09
       9740.00   1.64859e-09
       9760.00   1.65924e-09
       9780.00   1.63858e-09
       9800.00   1.64227e-09
       9820.00   1.62753e-09
       9840.00   1.66659e-09
       9860.00   1.60870e-09
       9880.00   1.62256e-09
       9900.00   1.59462e-09
       9920.00   1.60168e-09
       9940.00   1.58515e-09
       9960.00   1.59769e-09
       9980.00   1.60684e-09
       10000.0   1.61258e-09
       10020.0   1.58080e-09
       10040.0   1.62165e-09
       10060.0   1.56606e-09
       10080.0   1.56204e-09
       10100.0   1.55813e-09
       10120.0   1.58965e-09
       10140.0   1.54039e-09
       10160.0   1.53542e-09
       10180.0   1.49951e-09
       10200.0   1.50851e-09
       10220.0   1.49736e-09
       10240.0   1.51359e-09
       10260.0   1.49728e-09
       10280.0   1.50818e-09
       10300.0   1.48039e-09
       10320.0   1.46335e-09
       10340.0   1.43183e-09
       10360.0   1.42324e-09
       10380.0   1.44028e-09
       10400.0   1.38981e-09
       10420.0   1.50653e-09
       10440.0   1.45618e-09
       10460.0   1.41731e-09
       10480.0   1.43307e-09
       10500.0   1.41757e-09
       10520.0   1.41022e-09
       10540.0   1.42371e-09
       10560.0   1.40448e-09
       10580.0   1.35771e-09
       10600.0   1.37866e-09
       10800.0   1.31500e-09
       11000.0   1.25726e-09
       11200.0   1.20490e-09
       11400.0   1.15718e-09
       11600.0   1.11356e-09
       11800.0   1.07344e-09
       12000.0   1.03651e-09
       12200.0   1.00236e-09
       12400.0   9.70654e-10
       12600.0   9.41877e-10
       12800.0   9.13391e-10
       13000.0   8.80372e-10
       13200.0   8.52216e-10
       13400.0   8.26217e-10
       13600.0   8.02449e-10
       13800.0   7.71953e-10
       14000.0   7.41639e-10
       14200.0   7.15933e-10
       14400.0   6.92494e-10
       14600.0   6.69055e-10
       14800.0   6.43385e-10
       15000.0   6.22250e-10
       15200.0   6.03382e-10
       15400.0   5.84513e-10
       15600.0   5.65791e-10
       15800.0   5.49337e-10
       16000.0   5.33101e-10
       16200.0   5.16975e-10
       16400.0   4.98363e-10
       16600.0   4.79458e-10
       16800.0   4.63113e-10
       17000.0   4.44428e-10
       17200.0   4.25669e-10
       17400.0   4.09287e-10
       17600.0   3.95136e-10
       17800.0   3.78791e-10
       18000.0   3.64684e-10
       18200.0   3.52968e-10
       18400.0   3.41223e-10
       18600.0   3.27295e-10
       18800.0   3.15590e-10
       19000.0   3.06185e-10
       19200.0   2.94473e-10
       19400.0   2.85104e-10
       19600.0   2.75736e-10
       19800.0   2.66368e-10
       20000.0   2.57051e-10
       20200.0   2.49997e-10
       20400.0   2.40684e-10
       20600.0   2.32474e-10
       20800.0   2.24291e-10
       21000.0   2.14974e-10
       21200.0   2.07920e-10
       21400.0   2.00947e-10
       21600.0   1.92814e-10
       21800.0   1.85841e-10
       22000.0   1.81132e-10
       22200.0   1.75314e-10
       22400.0   1.70151e-10
       22600.0   1.64337e-10
       22800.0   1.58972e-10
       23000.0   1.54288e-10
       23200.0   1.49604e-10
       23400.0   1.44949e-10
       23600.0   1.39863e-10
       23800.0   1.34725e-10
       24000.0   1.30973e-10
       24200.0   1.27247e-10
       24400.0   1.23496e-10
       24600.0   1.19740e-10
       24800.0   1.16921e-10
       25000.0   1.13846e-10
       25200.0   1.10372e-10
       25400.0   1.07326e-10
       25600.0   1.04507e-10
