       229.000       0.00000
       234.000       0.00000
       243.000       0.00000
       252.000       0.00000
       256.000       0.00000
       260.000       0.00000
       266.000       0.00000
       275.000       0.00000
       283.000       0.00000
       293.000       0.00000
       301.000       0.00000
       309.000       0.00000
       325.000       0.00000
       342.000       0.00000
       351.000       0.00000
       356.000       0.00000
       365.000       0.00000
       375.000       0.00000
       384.000       0.00000
       400.000       0.00000
       415.000       0.00000
       425.000       0.00000
       445.000       0.00000
       472.000       0.00000
       494.000       0.00000
       506.000       0.00000
       516.000       0.00000
       540.000       0.00000
       564.000       0.00000
       587.000       0.00000
       612.000       0.00000
       640.000       0.00000
       671.000       0.00000
       705.000       0.00000
       736.000       0.00000
       770.000       0.00000
       810.000       0.00000
       850.000       0.00000
       890.000       0.00000
       920.000       0.00000
       940.000       0.00000
       962.000       0.00000
       987.000       0.00000
       1012.00       0.00000
       1037.00       0.00000
       1062.00       0.00000
       1087.00       0.00000
       1112.00       0.00000
       1120.00       0.00000
       1140.00       0.00000
       1160.00       0.00000
       1180.00       0.00000
       1200.00       0.00000
       1220.00       0.00000
       1240.00       0.00000
       1260.00       0.00000
       1280.00       0.00000
       1300.00       0.00000
       1320.00       0.00000
       1340.00       0.00000
       1360.00       0.00000
       1380.00       0.00000
       1400.00       0.00000
       1420.00       0.00000
       1440.00       0.00000
       1460.00       0.00000
       1480.00       0.00000
       1500.00       0.00000
       1520.00       0.00000
       1540.00       0.00000
       1560.00       0.00000
       1580.00       0.00000
       1600.00       0.00000
       1620.00       0.00000
       1640.00       0.00000
       1660.00       0.00000
       1680.00       0.00000
       1700.00       0.00000
       1720.00       0.00000
       1740.00       0.00000
       1760.00       0.00000
       1780.00       0.00000
       1800.00       0.00000
       1820.00       0.00000
       1840.00       0.00000
       1860.00       0.00000
       1880.00       0.00000
       1900.00       0.00000
       1920.00       0.00000
       1940.00       0.00000
       1960.00       0.00000
       1980.00       0.00000
       2000.00   5.18403e-13
       2002.50   5.18403e-13
       2005.00   6.24243e-13
       2007.50   5.17009e-13
       2010.00   9.21780e-13
       2012.50   1.05918e-12
       2015.00   9.86478e-13
       2017.50   9.34005e-13
       2020.00   9.03479e-13
       2022.50   4.75295e-13
       2025.00   1.81404e-13
       2027.50   3.72387e-13
       2030.00   5.22156e-13
       2032.50   5.07143e-13
       2035.00   6.89441e-13
       2037.50   1.00331e-12
       2040.00   8.65840e-13
       2042.50   7.28366e-13
       2045.00   7.18143e-13
       2047.50   7.88274e-13
       2050.00   1.00557e-12
       2052.50   1.11773e-12
       2055.00   1.18908e-12
       2057.50   1.05489e-12
       2060.00   8.05110e-13
       2062.50   9.08912e-13
       2065.00   1.14032e-12
       2067.50   1.57247e-12
       2070.00   1.79098e-12
       2072.50   1.46009e-12
       2075.00   1.33177e-12
       2077.50   1.32920e-12
       2080.00   1.67613e-12
       2082.50   2.02303e-12
       2085.00   2.14378e-12
       2087.50   2.12716e-12
       2090.00   1.90440e-12
       2092.50   1.77997e-12
       2095.00   1.68010e-12
       2097.50   1.60940e-12
       2100.00   1.52890e-12
       2102.50   1.29345e-12
       2105.00   1.08567e-12
       2107.50   9.13094e-13
       2110.00   6.50157e-13
       2112.50   2.26524e-13
       2115.00   4.15566e-13
       2117.50   7.56068e-13
       2120.00   8.75705e-13
       2122.50   1.01182e-12
       2125.00   1.33749e-12
       2127.50   1.61730e-12
       2130.00   1.84749e-12
       2132.50   1.98168e-12
       2135.00   2.10282e-12
       2137.50   2.18421e-12
       2140.00   2.17109e-12
       2142.50   1.81940e-12
       2145.00   1.30914e-12
       2147.50   6.93194e-13
       2150.00   4.15780e-13
       2152.50   4.50774e-13
       2155.00   5.43746e-13
       2157.50   5.59009e-13
       2160.00   2.93241e-13
       2162.50   1.39393e-13
       2165.00   5.73199e-13
       2167.50   7.65398e-13
       2170.00   7.67757e-13
       2172.50   7.00164e-13
       2175.00   6.29640e-13
       2177.50   5.16866e-13
       2180.00   4.32151e-13
       2182.50   4.34582e-13
       2185.00   3.59340e-13
       2187.50   2.71029e-13
       2190.00   1.82719e-13
       2192.50   9.44085e-14
       2195.00   2.72895e-13
       2197.50   4.51382e-13
       2200.00   6.94052e-13
       2202.50   8.79423e-13
       2205.00   8.65482e-13
       2207.50   8.75598e-13
       2210.00   8.99225e-13
       2212.50   7.51565e-13
       2215.00   4.69254e-13
       2217.50   4.92309e-13
       2220.00   4.33903e-13
       2222.50   2.07926e-13
       2225.00   2.29458e-14
       2227.50   3.44148e-14
       2230.00   4.58853e-14
       2232.50   5.73521e-14
       2235.00   6.88225e-14
       2237.50   8.02894e-14
       2240.00   8.82854e-14
       2242.50   2.76684e-13
       2245.00   7.35694e-13
       2247.50   9.59777e-13
       2250.00   1.09253e-12
       2252.50   1.26428e-12
       2255.00   1.46495e-12
       2257.50   1.83209e-12
       2260.00   1.95791e-12
       2262.50   1.77650e-12
       2265.00   1.62752e-12
       2267.50   1.53616e-12
       2270.00   1.58752e-12
       2272.50   1.68836e-12
       2275.00   1.81221e-12
       2277.50   1.91651e-12
       2280.00   1.79602e-12
       2282.50   1.61712e-12
       2285.00   1.37495e-12
       2287.50   1.07427e-12
       2290.00   7.65612e-13
       2292.50   6.51087e-13
       2295.00   5.73199e-13
       2297.50   4.07809e-13
       2300.00   3.32524e-13
       2302.50   3.40420e-13
       2305.00   3.92225e-13
       2307.50   4.99959e-13
       2310.00   4.98386e-13
       2312.50   5.04212e-13
       2315.00   5.99293e-13
       2317.50   7.17143e-13
       2320.00   9.54486e-13
       2322.50   1.36859e-12
       2325.00   1.92152e-12
       2327.50   2.22814e-12
       2330.00   2.52446e-12
       2332.50   2.76012e-12
       2335.00   2.86718e-12
       2337.50   2.66472e-12
       2340.00   2.48542e-12
       2342.50   2.32154e-12
       2345.00   1.94425e-12
       2347.50   1.37002e-12
       2350.00   1.03706e-12
       2352.50   8.41534e-13
       2355.00   8.93399e-13
       2357.50   1.05107e-12
       2360.00   1.54373e-12
       2362.50   1.73340e-12
       2365.00   1.76528e-12
       2367.50   2.10278e-12
       2370.00   2.44028e-12
       2372.50   2.35632e-12
       2375.00   2.45186e-12
       2377.50   2.89777e-12
       2380.00   2.81899e-12
       2382.50   2.57446e-12
       2385.00   2.41401e-12
       2387.50   2.30967e-12
       2390.00   2.30463e-12
       2392.50   2.29962e-12
       2395.00   2.32786e-12
       2397.50   2.11407e-12
       2400.00   1.37992e-12
       2402.50   1.22118e-12
       2405.00   1.28620e-12
       2407.50   8.38638e-13
       2410.00   1.41005e-13
       2412.50   3.64165e-13
       2415.00   6.23706e-13
       2417.50   9.29465e-13
       2420.00   1.36247e-12
       2422.50   2.02164e-12
       2425.00   2.22070e-12
       2427.50   2.27228e-12
       2430.00   2.29995e-12
       2432.50   2.32758e-12
       2435.00   1.81168e-12
       2437.50   1.40283e-12
       2440.00   1.15455e-12
       2442.50   1.27419e-12
       2445.00   1.48579e-12
       2447.50   1.77286e-12
       2450.00   2.06192e-12
       2452.50   2.15068e-12
       2455.00   2.30845e-12
       2457.50   2.52996e-12
       2460.00   2.73957e-12
       2462.50   2.93398e-12
       2465.00   3.10838e-12
       2467.50   3.14609e-12
       2470.00   2.76287e-12
       2472.50   2.46627e-12
       2475.00   2.62490e-12
       2477.50   2.69589e-12
       2480.00   2.67190e-12
       2482.50   2.89656e-12
       2485.00   3.15510e-12
       2487.50   2.54390e-12
       2490.00   1.94740e-12
       2492.50   2.27929e-12
       2495.00   2.26949e-12
       2497.50   2.03193e-12
       2500.00   2.07065e-12
       2502.50   2.36432e-12
       2505.00   2.36568e-12
       2507.50   2.40189e-12
       2510.00   2.56621e-12
       2512.50   2.69449e-12
       2515.00   2.70886e-12
       2517.50   2.43885e-12
       2520.00   2.00881e-12
       2522.50   1.84814e-12
       2525.00   1.69869e-12
       2527.50   2.06178e-12
       2530.00   2.52850e-12
       2532.50   3.08200e-12
       2535.00   3.41614e-12
       2537.50   3.64701e-12
       2540.00   3.70492e-12
       2542.50   3.64737e-12
       2545.00   3.82002e-12
       2547.50   3.90044e-12
       2550.00   3.84325e-12
       2552.50   3.75604e-12
       2555.00   3.60448e-12
       2557.50   3.54865e-12
       2560.00   3.55769e-12
       2562.50   3.76819e-12
       2565.00   3.97908e-12
       2567.50   4.20534e-12
       2570.00   4.28756e-12
       2572.50   4.11312e-12
       2575.00   3.54032e-12
       2577.50   2.84165e-12
       2580.00   2.32822e-12
       2582.50   1.93156e-12
       2585.00   1.87555e-12
       2587.50   2.14624e-12
       2590.00   2.77088e-12
       2592.50   3.18637e-12
       2595.00   3.28814e-12
       2597.50   3.22459e-12
       2600.00   3.11968e-12
       2602.50   2.76287e-12
       2605.00   2.02818e-12
       2607.50   2.18571e-12
       2610.00   2.56628e-12
       2612.50   3.10320e-12
       2615.00   3.77748e-12
       2617.50   5.01246e-12
       2620.00   5.61511e-12
       2622.50   5.63441e-12
       2625.00   5.09145e-12
       2627.50   3.83324e-12
       2630.00   4.04092e-12
       2632.50   4.67860e-12
       2635.00   5.79526e-12
       2637.50   7.15463e-12
       2640.00   9.79043e-12
       2642.50   1.02237e-11
       2645.00   8.92612e-12
       2647.50   8.50541e-12
       2650.00   8.20409e-12
       2652.50   7.43379e-12
       2655.00   7.01915e-12
       2657.50   8.49826e-12
       2660.00   9.02943e-12
       2662.50   8.92899e-12
       2665.00   8.93935e-12
       2667.50   9.05195e-12
       2670.00   8.85464e-12
       2672.50   8.62980e-12
       2675.00   9.01227e-12
       2677.50   9.13452e-12
       2680.00   8.06575e-12
       2682.50   8.21088e-12
       2685.00   9.03836e-12
       2687.50   8.98904e-12
       2690.00   8.25091e-12
       2692.50   9.77077e-12
       2695.00   1.06211e-11
       2697.50   9.50626e-12
       2700.00   8.45251e-12
       2702.50   7.64433e-12
       2705.00   7.58106e-12
       2707.50   8.01428e-12
       2710.00   8.40175e-12
       2712.50   8.78922e-12
       2715.00   9.56452e-12
       2717.50   9.28321e-12
       2720.00   6.68459e-12
       2722.50   6.04083e-12
       2725.00   6.15735e-12
       2727.50   6.35895e-12
       2730.00   6.66099e-12
       2732.50   8.21981e-12
       2735.00   8.92684e-12
       2737.50   8.54973e-12
       2740.00   8.34992e-12
       2742.50   8.46538e-12
       2745.00   8.39425e-12
       2747.50   8.27915e-12
       2750.00   8.66912e-12
       2752.50   9.05874e-12
       2755.00   1.04521e-11
       2757.50   1.14000e-11
       2760.00   1.16795e-11
       2762.50   1.17510e-11
       2765.00   1.17710e-11
       2767.50   1.20234e-11
       2770.00   1.23651e-11
       2772.50   1.26932e-11
       2775.00   1.32015e-11
       2777.50   1.38753e-11
       2780.00   1.34664e-11
       2782.50   1.16788e-11
       2785.00   1.18440e-11
       2787.50   1.33870e-11
       2790.00   2.02110e-11
       2792.50   2.73271e-11
       2795.00   3.77963e-11
       2797.50   4.82051e-11
       2800.00   5.85388e-11
       2802.50   5.46570e-11
       2805.00   4.88342e-11
       2807.50   3.90366e-11
       2810.00   2.83293e-11
       2812.50   1.79602e-11
       2815.00   1.26318e-11
       2817.50   1.06637e-11
       2820.00   1.04942e-11
       2822.50   1.19855e-11
       2825.00   1.20627e-11
       2827.50   1.21842e-11
       2830.00   1.26600e-11
       2832.50   1.29006e-11
       2835.00   1.23944e-11
       2837.50   1.25260e-11
       2840.00   1.31594e-11
       2842.50   1.42031e-11
       2845.00   1.52643e-11
       2847.50   1.57137e-11
       2850.00   1.62516e-11
       2852.50   1.72332e-11
       2855.00   1.70040e-11
       2857.50   1.62055e-11
       2860.00   1.59335e-11
       2862.50   1.60132e-11
       2865.00   1.60757e-11
       2867.50   1.62291e-11
       2870.00   1.65175e-11
       2872.50   1.73368e-11
       2875.00   1.92824e-11
       2877.50   1.87727e-11
       2880.00   1.73086e-11
       2882.50   1.68732e-11
       2885.00   1.70173e-11
       2887.50   1.60171e-11
       2890.00   1.55839e-11
       2892.50   1.62445e-11
       2895.00   1.70055e-11
       2897.50   1.80235e-11
       2900.00   1.76685e-11
       2902.50   1.67888e-11
       2905.00   1.73121e-11
       2907.50   1.78355e-11
       2910.00   1.93428e-11
       2912.50   2.10360e-11
       2915.00   2.30070e-11
       2917.50   2.38656e-11
       2920.00   2.44460e-11
       2922.50   2.35195e-11
       2925.00   2.23532e-11
       2927.50   2.37251e-11
       2930.00   2.48299e-11
       2932.50   2.55952e-11
       2935.00   2.66994e-11
       2937.50   2.84062e-11
       2940.00   2.57922e-11
       2942.50   2.20794e-11
       2945.00   1.97642e-11
       2947.50   1.74837e-11
       2950.00   1.55968e-11
       2952.50   1.64614e-11
       2955.00   2.03065e-11
       2957.50   2.10139e-11
       2960.00   2.12930e-11
       2962.50   2.07654e-11
       2965.00   1.94793e-11
       2967.50   1.59657e-11
       2970.00   1.51224e-11
       2972.50   1.60600e-11
       2975.00   1.65533e-11
       2977.50   1.66373e-11
       2980.00   1.83427e-11
       2982.50   2.01867e-11
       2985.00   2.14907e-11
       2987.50   2.28418e-11
       2990.00   2.44425e-11
       2992.50   2.52067e-11
       2995.00   2.53136e-11
       2997.50   2.44157e-11
       3000.00   2.34756e-11
       3002.50   2.29480e-11
       3005.00   2.27489e-11
       3007.50   2.32504e-11
       3010.00   2.33498e-11
       3012.50   2.32600e-11
       3015.00   2.22041e-11
       3017.50   2.05049e-11
       3020.00   1.95079e-11
       3022.50   1.91319e-11
       3025.00   2.00766e-11
       3027.50   2.17888e-11
       3030.00   2.59323e-11
       3032.50   2.93202e-11
       3035.00   3.21540e-11
       3037.50   3.19009e-11
       3040.00   3.16479e-11
       3042.50   2.94757e-11
       3045.00   2.78639e-11
       3047.50   2.73921e-11
       3050.00   2.74203e-11
       3052.50   2.76066e-11
       3055.00   2.64899e-11
       3057.50   2.46047e-11
       3060.00   2.09366e-11
       3062.50   1.89131e-11
       3065.00   1.86712e-11
       3067.50   1.94858e-11
       3070.00   2.18853e-11
       3072.50   2.42909e-11
       3075.00   2.64645e-11
       3077.50   2.69196e-11
       3080.00   2.74622e-11
       3082.50   3.01119e-11
       3085.00   3.15653e-11
       3087.50   3.14963e-11
       3090.00   3.14044e-11
       3092.50   3.12729e-11
       3095.00   3.04769e-11
       3097.50   3.00558e-11
       3100.00   3.27066e-11
       3102.50   3.53878e-11
       3105.00   3.84218e-11
       3107.50   4.20141e-11
       3110.00   4.62105e-11
       3112.50   4.65858e-11
       3115.00   4.64393e-11
       3117.50   4.39265e-11
       3120.00   4.05093e-11
       3122.50   3.72315e-11
       3125.00   3.52051e-11
       3127.50   3.43394e-11
       3130.00   3.32188e-11
       3132.50   3.17737e-11
       3135.00   2.83955e-11
       3137.50   2.50090e-11
       3140.00   2.27639e-11
       3142.50   2.16980e-11
       3145.00   2.68245e-11
       3147.50   3.29089e-11
       3150.00   3.97443e-11
       3152.50   4.24288e-11
       3155.00   4.49416e-11
       3157.50   4.35547e-11
       3160.00   4.04485e-11
       3162.50   3.42883e-11
       3165.00   3.05441e-11
       3167.50   2.84101e-11
       3170.00   2.61814e-11
       3172.50   2.38656e-11
       3175.00   3.12754e-11
       3177.50   3.66667e-11
       3180.00   3.59697e-11
       3182.50   3.70492e-11
       3185.00   4.37513e-11
       3187.50   4.34082e-11
       3190.00   3.94691e-11
       3192.50   4.43447e-11
       3195.00   4.92166e-11
       3197.50   5.02425e-11
       3200.00   5.25123e-11
       3202.50   5.25909e-11
       3205.00   5.26660e-11
       3207.50   5.27411e-11
       3210.00   5.28161e-11
       3212.50   5.28912e-11
       3215.00   5.29662e-11
       3217.50   5.30413e-11
       3220.00   5.31164e-11
       3222.50   5.33702e-11
       3225.00   5.36204e-11
       3227.50   5.38706e-11
       3230.00   5.41244e-11
       3232.50   5.43746e-11
       3235.00   5.46248e-11
       3237.50   5.48786e-11
       3240.00   5.51288e-11
       3260.00   5.64084e-11
       3270.00   6.08050e-11
       3280.00   7.94351e-11
       3290.00   8.33706e-11
       3300.00   6.80755e-11
       3310.00   8.98117e-11
       3320.00   7.99462e-11
       3330.00   1.00921e-10
       3340.00   9.63279e-11
       3350.00   8.81996e-11
       3360.00   7.16392e-11
       3370.00   6.63025e-11
       3380.00   9.02585e-11
       3390.00   1.20716e-10
       3400.00   8.83927e-11
       3410.00   1.01929e-10
       3420.00   1.10447e-10
       3430.00   1.18300e-10
       3440.00   1.29084e-10
       3450.00   1.17589e-10
       3460.00   1.55535e-10
       3470.00   1.57061e-10
       3480.00   1.52175e-10
       3490.00   1.47439e-10
       3500.00   1.58330e-10
       3510.00   1.87762e-10
       3520.00   1.29628e-10
       3530.00   1.90236e-10
       3540.00   2.23014e-10
       3550.00   2.36275e-10
       3560.00   2.09803e-10
       3570.00   1.88463e-10
       3580.00   1.46338e-10
       3590.00   1.88199e-10
       3600.00   2.04902e-10
       3610.00   2.18589e-10
       3620.00   2.67055e-10
       3630.00   2.95997e-10
       3640.00   2.65396e-10
       3650.00   2.92422e-10
       3660.00   3.04740e-10
       3670.00   3.43662e-10
       3680.00   3.22151e-10
       3690.00   3.41678e-10
       3700.00   3.78678e-10
       3710.00   3.55862e-10
       3720.00   3.59483e-10
       3730.00   3.12768e-10
       3740.00   2.61428e-10
       3750.00   3.40724e-10
       3760.00   3.82038e-10
       3770.00   4.71685e-10
       3780.00   4.76010e-10
       3790.00   4.61641e-10
       3800.00   4.69076e-10
       3810.00   4.10490e-10
       3820.00   3.67811e-10
       3830.00   3.76926e-10
       3840.00   4.51060e-10
       3850.00   4.48415e-10
       3860.00   4.20856e-10
       3870.00   5.07358e-10
       3880.00   4.53598e-10
       3890.00   4.76761e-10
       3900.00   5.22156e-10
       3910.00   4.61855e-10
       3920.00   3.63522e-10
       3930.00   3.14448e-10
       3940.00   3.34612e-10
       3950.00   4.98386e-10
       3960.00   4.03306e-10
       3970.00   4.48093e-10
       3980.00   7.12853e-10
       3990.00   8.72810e-10
       4000.00   9.31574e-10
       4010.00   1.02043e-09
       4020.00   1.12792e-09
       4030.00   1.08020e-09
       4040.00   1.17664e-09
       4050.00   1.20091e-09
       4060.00   1.21067e-09
       4070.00   1.23186e-09
       4080.00   1.29724e-09
       4090.00   1.33584e-09
       4100.00   1.27129e-09
       4110.00   1.29370e-09
       4120.00   1.26096e-09
       4130.00   1.31476e-09
       4140.00   1.34507e-09
       4150.00   1.46699e-09
       4160.00   1.49820e-09
       4170.00   1.41295e-09
       4180.00   1.43829e-09
       4190.00   1.44487e-09
       4200.00   1.48955e-09
       4210.00   1.38428e-09
       4220.00   9.18885e-10
       4230.00   1.03123e-09
       4240.00   1.45591e-09
       4250.00   1.30925e-09
       4260.00   1.35633e-09
       4270.00   1.36962e-09
       4280.00   1.27133e-09
       4290.00   1.24473e-09
       4300.00   1.27415e-09
       4310.00   1.27490e-09
       4320.00   1.38868e-09
       4330.00   1.55585e-09
       4340.00   1.60057e-09
       4350.00   1.38439e-09
       4360.00   1.47078e-09
       4370.00   1.55807e-09
       4380.00   1.50066e-09
       4390.00   1.54216e-09
       4400.00   1.48880e-09
       4410.00   1.62227e-09
       4420.00   1.44090e-09
       4430.00   1.27025e-09
       4440.00   1.41370e-09
       4450.00   1.41470e-09
       4460.00   1.28988e-09
       4470.00   1.25320e-09
       4480.00   1.49087e-09
       4490.00   1.59950e-09
       4500.00   1.54920e-09
       4510.00   1.44519e-09
       4520.00   1.55582e-09
       4530.00   1.64082e-09
       4540.00   1.64557e-09
       4550.00   1.68067e-09
       4560.00   1.94643e-09
       4570.00   2.08784e-09
       4580.00   1.56457e-09
       4590.00   1.11448e-09
       4600.00   1.35522e-09
       4610.00   1.67102e-09
       4620.00   1.55335e-09
       4630.00   1.19061e-09
       4640.00   1.21674e-09
       4650.00   1.45809e-09
       4660.00   1.56350e-09
       4670.00   1.37824e-09
       4680.00   1.44919e-09
       4690.00   1.73490e-09
       4700.00   1.96481e-09
       4710.00   1.84367e-09
       4720.00   1.84996e-09
       4730.00   2.02475e-09
       4740.00   2.27099e-09
       4750.00   2.29677e-09
       4760.00   1.38010e-09
       4770.00   9.33290e-10
       4780.00   1.21875e-09
       4790.00   1.46460e-09
       4800.00   1.36644e-09
       4810.00   1.15362e-09
       4820.00   1.33584e-09
       4830.00   1.57515e-09
       4840.00   1.69179e-09
       4850.00   1.54649e-09
       4860.00   1.62044e-09
       4870.00   1.90336e-09
       4880.00   2.17602e-09
       4890.00   2.31028e-09
       4900.00   2.62247e-09
       4910.00   2.99636e-09
       4920.00   3.53177e-09
       4930.00   3.98766e-09
       4940.00   4.46521e-09
       4950.00   3.24403e-09
       4960.00   1.29656e-09
       4970.00   1.06101e-09
       4980.00   1.27036e-09
       4990.00   1.43793e-09
       5000.00   1.32845e-09
       5010.00   1.27669e-09
       5020.00   1.53966e-09
       5030.00   1.88538e-09
       5040.00   2.25612e-09
       5050.00   2.53239e-09
       5060.00   2.80688e-09
       5070.00   3.12504e-09
       5080.00   3.39502e-09
       5090.00   3.66775e-09
       5100.00   3.79071e-09
       5110.00   4.13135e-09
       5120.00   4.55993e-09
       5130.00   4.81515e-09
       5140.00   4.79191e-09
       5150.00   5.04427e-09
       5160.00   4.44698e-09
       5170.00   2.20497e-09
       5180.00   1.30929e-09
       5190.00   1.72131e-09
       5200.00   1.87702e-09
       5210.00   2.03272e-09
       5220.00   2.42491e-09
       5230.00   2.76648e-09
       5240.00   2.70854e-09
       5250.00   2.81263e-09
       5260.00   2.88508e-09
       5270.00   2.97277e-09
       5280.00   3.42011e-09
       5290.00   3.73602e-09
       5300.00   3.98301e-09
       5310.00   3.79964e-09
       5320.00   3.67061e-09
       5330.00   3.76747e-09
       5340.00   3.92153e-09
       5350.00   4.27826e-09
       5360.00   4.06701e-09
       5370.00   3.90366e-09
       5380.00   4.25753e-09
       5390.00   4.41195e-09
       5400.00   4.45341e-09
       5410.00   4.55207e-09
       5420.00   4.74151e-09
       5430.00   4.79620e-09
       5440.00   4.96813e-09
       5450.00   3.63200e-09
       5460.00   2.33312e-09
       5470.00   2.58794e-09
       5480.00   2.93917e-09
       5490.00   3.18988e-09
       5500.00   2.96680e-09
       5510.00   2.89209e-09
       5520.00   3.24224e-09
       5530.00   3.44191e-09
       5540.00   3.64237e-09
       5550.00   3.84397e-09
       5560.00   3.81215e-09
       5570.00   3.58339e-09
       5580.00   3.50804e-09
       5590.00   3.48795e-09
       5600.00   3.04504e-09
       5610.00   2.74497e-09
       5620.00   2.74622e-09
       5630.00   2.63945e-09
       5640.00   2.83690e-09
       5650.00   3.02020e-09
       5660.00   3.25690e-09
       5670.00   3.16235e-09
       5680.00   3.34873e-09
       5690.00   3.54993e-09
       5700.00   3.84468e-09
       5710.00   4.02448e-09
       5720.00   4.13707e-09
       5730.00   4.16031e-09
       5740.00   4.43876e-09
       5760.00   4.40122e-09
       5780.00   4.52204e-09
       5800.00   4.98457e-09
       5820.00   4.64250e-09
       5840.00   3.85398e-09
       5860.00   2.96583e-09
       5880.00   2.63666e-09
       5900.00   2.47274e-09
       5920.00   2.50762e-09
       5940.00   2.83622e-09
       5960.00   3.11271e-09
       5980.00   3.55912e-09
       6000.00   3.96264e-09
       6020.00   4.32938e-09
       6040.00   4.79334e-09
       6060.00   5.18367e-09
       6080.00   5.32236e-09
       6100.00   5.55005e-09
       6120.00   6.04726e-09
       6140.00   6.05870e-09
       6160.00   4.44269e-09
       6180.00   2.94753e-09
       6200.00   2.94892e-09
       6220.00   2.90060e-09
       6240.00   3.12164e-09
       6260.00   3.65166e-09
       6280.00   4.13814e-09
       6300.00   4.77047e-09
       6320.00   5.48822e-09
       6340.00   5.83887e-09
       6360.00   6.23778e-09
       6380.00   6.74464e-09
       6400.00   7.24792e-09
       6420.00   7.39340e-09
       6440.00   7.71296e-09
       6460.00   8.59835e-09
       6480.00   8.41426e-09
       6500.00   8.41605e-09
       6520.00   9.50483e-09
       6540.00   9.62779e-09
       6560.00   8.79208e-09
       6580.00   7.98175e-09
       6600.00   7.91277e-09
       6620.00   7.36302e-09
       6640.00   6.55019e-09
       6660.00   5.94646e-09
       6680.00   5.44568e-09
       6700.00   5.18332e-09
       6720.00   5.18725e-09
       6740.00   5.40600e-09
       6760.00   6.02474e-09
       6780.00   6.31391e-09
       6800.00   6.62918e-09
       6820.00   7.49742e-09
       6840.00   8.43714e-09
       6860.00   8.53579e-09
       6880.00   9.33075e-09
       6900.00   1.09646e-08
       6920.00   1.21317e-08
       6940.00   1.31433e-08
       6960.00   1.53916e-08
       6980.00   1.68057e-08
       7000.00   1.77018e-08
       7020.00   1.85232e-08
       7040.00   1.66473e-08
       7060.00   1.15294e-08
       7080.00   7.74941e-09
       7100.00   7.21396e-09
       7120.00   6.61095e-09
       7140.00   6.27245e-09
       7160.00   7.11102e-09
       7180.00   8.14689e-09
       7200.00   8.54795e-09
       7220.00   9.51448e-09
       7240.00   1.13335e-08
       7260.00   1.33517e-08
       7280.00   1.53877e-08
       7300.00   1.80081e-08
       7320.00   2.12197e-08
       7340.00   2.36457e-08
       7360.00   2.61285e-08
       7380.00   2.87061e-08
       7400.00   3.03353e-08
       7420.00   3.08029e-08
       7440.00   3.16525e-08
       7460.00   3.27724e-08
       7480.00   3.29382e-08
       7500.00   3.37811e-08
       7520.00   3.48927e-08
       7540.00   3.61091e-08
       7560.00   3.65488e-08
       7580.00   3.34429e-08
       7600.00   2.39585e-08
       7620.00   2.03168e-08
       7640.00   1.95565e-08
       7660.00   1.74701e-08
       7680.00   1.43557e-08
       7700.00   1.51460e-08
       7720.00   1.65386e-08
       7740.00   1.68786e-08
       7760.00   1.66502e-08
       7780.00   1.74823e-08
       7800.00   1.94250e-08
       7820.00   2.02446e-08
       7840.00   1.98118e-08
       7860.00   2.08376e-08
       7880.00   2.25226e-08
       7900.00   2.28933e-08
       7920.00   2.30291e-08
       7940.00   2.46398e-08
       7960.00   2.61461e-08
       7980.00   2.69142e-08
       8000.00   2.84637e-08
       8020.00   3.08861e-08
       8040.00   3.31813e-08
       8060.00   3.54350e-08
       8080.00   3.71672e-08
       8100.00   3.84218e-08
       8120.00   4.16209e-08
       8140.00   4.35333e-08
       8160.00   4.33724e-08
       8180.00   4.32759e-08
       8200.00   4.02948e-08
       8220.00   3.84039e-08
       8240.00   3.95406e-08
       8260.00   4.09275e-08
       8280.00   3.83753e-08
       8300.00   3.63665e-08
       8320.00   3.61270e-08
       8340.00   3.57588e-08
       8360.00   3.58446e-08
       8380.00   3.51304e-08
       8400.00   3.55361e-08
       8420.00   3.41167e-08
       8440.00   2.82664e-08
       8460.00   2.42452e-08
       8480.00   2.52700e-08
       8500.00   2.61293e-08
       8520.00   2.62386e-08
       8540.00   2.80391e-08
       8560.00   2.98696e-08
       8580.00   3.09044e-08
       8600.00   3.34923e-08
       8620.00   3.58911e-08
       8640.00   3.67168e-08
       8660.00   3.65631e-08
       8680.00   3.81215e-08
       8700.00   4.08524e-08
       8720.00   4.29113e-08
       8740.00   4.39050e-08
       8760.00   4.47700e-08
       8780.00   4.70577e-08
       8800.00   4.72328e-08
       8820.00   4.74973e-08
       8840.00   4.81729e-08
       8860.00   4.20928e-08
       8880.00   3.74352e-08
       8900.00   3.94334e-08
       8920.00   4.13314e-08
       8940.00   4.12313e-08
       8960.00   4.25717e-08
       8980.00   4.46628e-08
       9000.00   4.45627e-08
       9020.00   4.72078e-08
       9040.00   5.08287e-08
       9060.00   5.09896e-08
       9080.00   4.96742e-08
       9100.00   5.02997e-08
       9120.00   5.10611e-08
       9140.00   5.06107e-08
       9160.00   5.03104e-08
       9180.00   5.12112e-08
       9200.00   5.18367e-08
       9220.00   4.98029e-08
       9240.00   4.80871e-08
       9260.00   4.68718e-08
       9280.00   4.64214e-08
       9300.00   4.42517e-08
       9320.00   4.30543e-08
       9340.00   4.39229e-08
       9360.00   3.95084e-08
       9380.00   4.34117e-08
       9400.00   4.86626e-08
       9420.00   4.42839e-08
       9440.00   4.23966e-08
       9460.00   4.52776e-08
       9480.00   4.60711e-08
       9500.00   4.69576e-08
       9520.00   4.98458e-08
       9540.00   4.98851e-08
       9560.00   4.97135e-08
       9580.00   4.86018e-08
       9600.00   4.90058e-08
       9620.00   5.02604e-08
       9640.00   4.83695e-08
       9660.00   4.84124e-08
       9680.00   4.92917e-08
       9700.00   4.92202e-08
       9720.00   4.87412e-08
       9740.00   4.83302e-08
       9760.00   4.85089e-08
       9780.00   4.86054e-08
       9800.00   4.95384e-08
       9820.00   5.00352e-08
       9840.00   4.98458e-08
       9860.00   5.07036e-08
       9880.00   5.08573e-08
       9900.00   5.04570e-08
       9920.00   4.98315e-08
       9940.00   5.06286e-08
       9960.00   5.13756e-08
       9980.00   5.16544e-08
       10000.0   5.09574e-08
       10020.0   5.13113e-08
       10040.0   5.00173e-08
       10060.0   5.03819e-08
       10080.0   5.09896e-08
       10100.0   5.10539e-08
       10120.0   5.13434e-08
       10140.0   5.08252e-08
       10160.0   5.09074e-08
       10180.0   5.03176e-08
       10200.0   5.10611e-08
       10220.0   5.16330e-08
       10240.0   5.13792e-08
       10260.0   5.12005e-08
       10280.0   5.09896e-08
       10300.0   5.11540e-08
       10320.0   5.10789e-08
       10340.0   5.11147e-08
       10360.0   5.18260e-08
       10380.0   5.13971e-08
       10400.0   5.20726e-08
       10420.0   5.22335e-08
       10440.0   5.25302e-08
       10460.0   5.19690e-08
       10480.0   5.18832e-08
       10500.0   5.10253e-08
       10520.0   5.12469e-08
       10540.0   5.11218e-08
       10560.0   5.13399e-08
       10580.0   5.07787e-08
       10600.0   5.06607e-08
       10800.0   4.83838e-08
       11000.0   4.52419e-08
       11200.0   4.16638e-08
       11400.0   3.80179e-08
       11600.0   3.45814e-08
       11800.0   3.15417e-08
       12000.0   2.90224e-08
       12200.0   2.71001e-08
       12400.0   2.58347e-08
       12600.0   2.51874e-08
       12800.0   2.47567e-08
       13000.0   2.43921e-08
       13200.0   2.39664e-08
       13400.0   2.02343e-08
       13600.0   1.94089e-08
       13800.0   1.93807e-08
       14000.0   1.80960e-08
       14200.0   1.74955e-08
       14400.0   1.77708e-08
       14600.0   1.86654e-08
       14800.0   1.99926e-08
       15000.0   2.10421e-08
       15200.0   2.16058e-08
       15400.0   2.21566e-08
       15600.0   2.23343e-08
       15800.0   2.23157e-08
       16000.0   2.23435e-08
       16200.0   2.23525e-08
       16400.0   2.19804e-08
       16600.0   2.12466e-08
       16800.0   2.05381e-08
       17000.0   2.06832e-08
       17200.0   1.99580e-08
       17400.0   1.89460e-08
       17600.0   1.71141e-08
       17800.0   1.59796e-08
       18000.0   1.54180e-08
       18200.0   1.43893e-08
       18400.0   1.35486e-08
       18600.0   1.29713e-08
       18800.0   1.35150e-08
       19000.0   1.38506e-08
       19200.0   1.36022e-08
       19400.0   1.30282e-08
       19600.0   1.24487e-08
       19800.0   1.24262e-08
       20000.0   1.23169e-08
       20200.0   1.26139e-08
       20400.0   1.28166e-08
       20600.0   1.30082e-08
       20800.0   1.31082e-08
       21000.0   1.27808e-08
       21200.0   1.26589e-08
       21400.0   1.22157e-08
       21600.0   1.18104e-08
       21800.0   1.13103e-08
       22000.0   1.08267e-08
       22200.0   1.04478e-08
       22400.0   1.00010e-08
       22600.0   9.44192e-09
       22800.0   9.17205e-09
       23000.0   8.57940e-09
       23200.0   8.04824e-09
       23400.0   7.68543e-09
       23600.0   7.47990e-09
       23800.0   7.33943e-09
       24000.0   6.84401e-09
       24200.0   6.60702e-09
       24400.0   6.26673e-09
       24600.0   5.90357e-09
       24800.0   5.64692e-09
       25000.0   5.40350e-09
       25200.0   5.21799e-09
       25400.0   5.16866e-09
       25600.0   5.12684e-09
