       229.000   8.99212e-16
       234.000   1.01078e-14
       243.000   2.61944e-14
       252.000   6.09156e-14
       256.000   3.82463e-14
       260.000   1.15866e-13
       266.000   1.51713e-13
       275.000   2.78372e-13
       283.000   4.78397e-13
       293.000   8.11166e-13
       301.000   6.15409e-13
       309.000   1.23867e-12
       325.000   3.60285e-12
       342.000   7.68634e-12
       351.000   1.05520e-11
       356.000   1.19697e-11
       365.000   1.70703e-11
       375.000   2.22578e-11
       384.000   3.14495e-11
       400.000   4.95773e-11
       415.000   7.44860e-11
       425.000   9.11899e-11
       445.000   1.46762e-10
       472.000   2.45498e-10
       494.000   3.72575e-10
       506.000   6.40274e-09
       516.000   9.91183e-09
       540.000   9.90711e-09
       564.000   1.16767e-08
       587.000   1.22925e-08
       612.000   1.43243e-08
       640.000   1.58929e-08
       671.000   1.72517e-08
       705.000   1.89625e-08
       736.000   2.09993e-08
       770.000   2.36298e-08
       810.000   2.49192e-08
       850.000   2.41532e-08
       890.000   2.80800e-08
       920.000   9.60829e-08
       940.000   3.16622e-07
       962.000   3.52298e-07
       987.000   3.08813e-07
       1012.00   3.44646e-07
       1037.00   3.67195e-07
       1062.00   3.31446e-07
       1087.00   3.54061e-07
       1112.00   3.32875e-07
       1120.00   3.24208e-07
       1140.00   3.04004e-07
       1160.00   2.98569e-07
       1180.00   2.70225e-07
       1200.00   2.27726e-07
       1220.00   1.56522e-07
       1240.00   2.60377e-07
       1260.00   2.84112e-07
       1280.00   3.03357e-07
       1300.00   2.88601e-07
       1320.00   2.77761e-07
       1340.00   2.55884e-07
       1360.00   2.65572e-07
       1380.00   2.65572e-07
       1400.00   2.09121e-07
       1420.00   2.32859e-07
       1440.00   2.19964e-07
       1460.00   2.23236e-07
       1480.00   2.21953e-07
       1500.00   2.13614e-07
       1520.00   2.19964e-07
       1540.00   1.78974e-07
       1560.00   1.58380e-07
       1580.00   1.76342e-07
       1600.00   1.59729e-07
       1620.00   1.44911e-07
       1640.00   1.44268e-07
       1660.00   1.45617e-07
       1680.00   1.53251e-07
       1700.00   1.43050e-07
       1720.00   1.30796e-07
       1740.00   1.42407e-07
       1760.00   1.32788e-07
       1780.00   1.28938e-07
       1800.00   1.24449e-07
       1820.00   1.18032e-07
       1840.00   1.12194e-07
       1860.00   1.08345e-07
       1880.00   1.01289e-07
       1900.00   9.81477e-08
       1920.00   9.30148e-08
       1940.00   8.72420e-08
       1960.00   8.65986e-08
       1980.00   8.27489e-08
       2000.00   7.95426e-08
       2002.50   7.91354e-08
       2005.00   7.87246e-08
       2007.50   7.83175e-08
       2010.00   7.79067e-08
       2012.50   7.74996e-08
       2015.00   7.70888e-08
       2017.50   7.66816e-08
       2020.00   7.62709e-08
       2022.50   7.59582e-08
       2025.00   7.56456e-08
       2027.50   7.53330e-08
       2030.00   7.50203e-08
       2032.50   7.47077e-08
       2035.00   7.43951e-08
       2037.50   7.40825e-08
       2040.00   7.37698e-08
       2042.50   7.33699e-08
       2045.00   7.29701e-08
       2047.50   7.25666e-08
       2050.00   7.21667e-08
       2052.50   7.17668e-08
       2055.00   7.13633e-08
       2057.50   7.09634e-08
       2060.00   7.05636e-08
       2062.50   7.00001e-08
       2065.00   6.94403e-08
       2067.50   6.88804e-08
       2070.00   6.83170e-08
       2072.50   6.77571e-08
       2075.00   6.71937e-08
       2077.50   6.66339e-08
       2080.00   6.60740e-08
       2082.50   6.58305e-08
       2085.00   6.55905e-08
       2087.50   6.53506e-08
       2090.00   6.51107e-08
       2092.50   6.48708e-08
       2095.00   6.46308e-08
       2097.50   6.43873e-08
       2100.00   6.41474e-08
       2102.50   6.41146e-08
       2105.00   6.40819e-08
       2107.50   6.40492e-08
       2110.00   6.40165e-08
       2112.50   6.39838e-08
       2115.00   6.39511e-08
       2117.50   6.39183e-08
       2120.00   6.38856e-08
       2122.50   6.35548e-08
       2125.00   6.32276e-08
       2127.50   6.29005e-08
       2130.00   6.25697e-08
       2132.50   6.22425e-08
       2135.00   6.19117e-08
       2137.50   6.15845e-08
       2140.00   6.12537e-08
       2142.50   6.10938e-08
       2145.00   6.09374e-08
       2147.50   6.07775e-08
       2150.00   6.06175e-08
       2152.50   6.04576e-08
       2155.00   6.02976e-08
       2157.50   6.01377e-08
       2160.00   5.99777e-08
       2162.50   5.97233e-08
       2165.00   5.94652e-08
       2167.50   5.92071e-08
       2170.00   5.89526e-08
       2172.50   5.86945e-08
       2175.00   5.84400e-08
       2177.50   5.81819e-08
       2180.00   5.79238e-08
       2182.50   5.77239e-08
       2185.00   5.75240e-08
       2187.50   5.73204e-08
       2190.00   5.71205e-08
       2192.50   5.69205e-08
       2195.00   5.67169e-08
       2197.50   5.65170e-08
       2200.00   5.63171e-08
       2202.50   5.63062e-08
       2205.00   5.62989e-08
       2207.50   5.62916e-08
       2210.00   5.62843e-08
       2212.50   5.62771e-08
       2215.00   5.62662e-08
       2217.50   5.62589e-08
       2220.00   5.62516e-08
       2222.50   5.61317e-08
       2225.00   5.60117e-08
       2227.50   5.58917e-08
       2230.00   5.57754e-08
       2232.50   5.56554e-08
       2235.00   5.55355e-08
       2237.50   5.54155e-08
       2240.00   5.52956e-08
       2242.50   5.49502e-08
       2245.00   5.46049e-08
       2247.50   5.42595e-08
       2250.00   5.39142e-08
       2252.50   5.35688e-08
       2255.00   5.32235e-08
       2257.50   5.28745e-08
       2260.00   5.25291e-08
       2262.50   5.24201e-08
       2265.00   5.23074e-08
       2267.50   5.21947e-08
       2270.00   5.20820e-08
       2272.50   5.19693e-08
       2275.00   5.18566e-08
       2277.50   5.17439e-08
       2280.00   5.16312e-08
       2282.50   5.13513e-08
       2285.00   5.10714e-08
       2287.50   5.07915e-08
       2290.00   5.05116e-08
       2292.50   5.02280e-08
       2295.00   4.99481e-08
       2297.50   4.96682e-08
       2300.00   4.93883e-08
       2302.50   4.95628e-08
       2305.00   4.97409e-08
       2307.50   4.99190e-08
       2310.00   5.00972e-08
       2312.50   5.02753e-08
       2315.00   5.04498e-08
       2317.50   5.06279e-08
       2320.00   5.08060e-08
       2322.50   5.07624e-08
       2325.00   5.07224e-08
       2327.50   5.06824e-08
       2330.00   5.06425e-08
       2332.50   5.06025e-08
       2335.00   5.05588e-08
       2337.50   5.05189e-08
       2340.00   5.04789e-08
       2342.50   5.03807e-08
       2345.00   5.02862e-08
       2347.50   5.01881e-08
       2350.00   5.00935e-08
       2352.50   4.99954e-08
       2355.00   4.99009e-08
       2357.50   4.98064e-08
       2360.00   4.97082e-08
       2362.50   4.92683e-08
       2365.00   4.88248e-08
       2367.50   4.83850e-08
       2370.00   4.79451e-08
       2372.50   4.75016e-08
       2375.00   4.70618e-08
       2377.50   4.66219e-08
       2380.00   4.61784e-08
       2382.50   4.62038e-08
       2385.00   4.62293e-08
       2387.50   4.62511e-08
       2390.00   4.62765e-08
       2392.50   4.63020e-08
       2395.00   4.63238e-08
       2397.50   4.63492e-08
       2400.00   4.63711e-08
       2402.50   4.63420e-08
       2405.00   4.63093e-08
       2407.50   4.62802e-08
       2410.00   4.62475e-08
       2412.50   4.62147e-08
       2415.00   4.61857e-08
       2417.50   4.61529e-08
       2420.00   4.61239e-08
       2422.50   4.60512e-08
       2425.00   4.59785e-08
       2427.50   4.59057e-08
       2430.00   4.58330e-08
       2432.50   4.57603e-08
       2435.00   4.56913e-08
       2437.50   4.56186e-08
       2440.00   4.55459e-08
       2442.50   4.54404e-08
       2445.00   4.53350e-08
       2447.50   4.52296e-08
       2450.00   4.51242e-08
       2452.50   4.50187e-08
       2455.00   4.49133e-08
       2457.50   4.48079e-08
       2460.00   4.47061e-08
       2462.50   4.44953e-08
       2465.00   4.42881e-08
       2467.50   4.40809e-08
       2470.00   4.38700e-08
       2472.50   4.36628e-08
       2475.00   4.34556e-08
       2477.50   4.32448e-08
       2480.00   4.30375e-08
       2482.50   4.28303e-08
       2485.00   4.26231e-08
       2487.50   4.24123e-08
       2490.00   4.22051e-08
       2492.50   4.19979e-08
       2495.00   4.17907e-08
       2497.50   4.15835e-08
       2500.00   4.13762e-08
       2502.50   4.12708e-08
       2505.00   4.11654e-08
       2507.50   4.10600e-08
       2510.00   4.09546e-08
       2512.50   4.08491e-08
       2515.00   4.07437e-08
       2517.50   4.06383e-08
       2520.00   4.05365e-08
       2522.50   4.03911e-08
       2525.00   4.02493e-08
       2527.50   4.01039e-08
       2530.00   3.99621e-08
       2532.50   3.98167e-08
       2535.00   3.96750e-08
       2537.50   3.95295e-08
       2540.00   3.93878e-08
       2542.50   3.92569e-08
       2545.00   3.91297e-08
       2547.50   3.89988e-08
       2550.00   3.88716e-08
       2552.50   3.87407e-08
       2555.00   3.86135e-08
       2557.50   3.84826e-08
       2560.00   3.83554e-08
       2562.50   3.82499e-08
       2565.00   3.81482e-08
       2567.50   3.80427e-08
       2570.00   3.79409e-08
       2572.50   3.78355e-08
       2575.00   3.77337e-08
       2577.50   3.76320e-08
       2580.00   3.75265e-08
       2582.50   3.73884e-08
       2585.00   3.72539e-08
       2587.50   3.71158e-08
       2590.00   3.69776e-08
       2592.50   3.68395e-08
       2595.00   3.67050e-08
       2597.50   3.65668e-08
       2600.00   3.64287e-08
       2602.50   3.64141e-08
       2605.00   3.63960e-08
       2607.50   3.63814e-08
       2610.00   3.63669e-08
       2612.50   3.63494e-08
       2615.00   3.63334e-08
       2617.50   3.63175e-08
       2620.00   3.63015e-08
       2622.50   3.61499e-08
       2625.00   3.59983e-08
       2627.50   3.58467e-08
       2630.00   3.56951e-08
       2632.50   3.55435e-08
       2635.00   3.53919e-08
       2637.50   3.52403e-08
       2640.00   3.50891e-08
       2642.50   3.49037e-08
       2645.00   3.47183e-08
       2647.50   3.45333e-08
       2650.00   3.43479e-08
       2652.50   3.41628e-08
       2655.00   3.39775e-08
       2657.50   3.37924e-08
       2660.00   3.36070e-08
       2662.50   3.35518e-08
       2665.00   3.34965e-08
       2667.50   3.34413e-08
       2670.00   3.33856e-08
       2672.50   3.33304e-08
       2675.00   3.32751e-08
       2677.50   3.32199e-08
       2680.00   3.31646e-08
       2682.50   3.31243e-08
       2685.00   3.30843e-08
       2687.50   3.30443e-08
       2690.00   3.30043e-08
       2692.50   3.29639e-08
       2695.00   3.29240e-08
       2697.50   3.28840e-08
       2700.00   3.28436e-08
       2702.50   3.27716e-08
       2705.00   3.26993e-08
       2707.50   3.26273e-08
       2710.00   3.25550e-08
       2712.50   3.24830e-08
       2715.00   3.24107e-08
       2717.50   3.23387e-08
       2720.00   3.22663e-08
       2722.50   3.21293e-08
       2725.00   3.19923e-08
       2727.50   3.18552e-08
       2730.00   3.17182e-08
       2732.50   3.15807e-08
       2735.00   3.14437e-08
       2737.50   3.13066e-08
       2740.00   3.11696e-08
       2742.50   3.10980e-08
       2745.00   3.10267e-08
       2747.50   3.09555e-08
       2750.00   3.08839e-08
       2752.50   3.08126e-08
       2755.00   3.07414e-08
       2757.50   3.06701e-08
       2760.00   3.05985e-08
       2762.50   3.05094e-08
       2765.00   3.04207e-08
       2767.50   3.03317e-08
       2770.00   3.02426e-08
       2772.50   3.01536e-08
       2775.00   3.00645e-08
       2777.50   2.99754e-08
       2780.00   2.98864e-08
       2782.50   2.96221e-08
       2785.00   2.93574e-08
       2787.50   2.90928e-08
       2790.00   2.88281e-08
       2792.50   2.85635e-08
       2795.00   2.82988e-08
       2797.50   2.80342e-08
       2800.00   2.77696e-08
       2802.50   2.78906e-08
       2805.00   2.80117e-08
       2807.50   2.81327e-08
       2810.00   2.82541e-08
       2812.50   2.83752e-08
       2815.00   2.84962e-08
       2817.50   2.86173e-08
       2820.00   2.87384e-08
       2822.50   2.86413e-08
       2825.00   2.85442e-08
       2827.50   2.84472e-08
       2830.00   2.83501e-08
       2832.50   2.82530e-08
       2835.00   2.81560e-08
       2837.50   2.80589e-08
       2840.00   2.79622e-08
       2842.50   2.78579e-08
       2845.00   2.77536e-08
       2847.50   2.76492e-08
       2850.00   2.75453e-08
       2852.50   2.74409e-08
       2855.00   2.73366e-08
       2857.50   2.72323e-08
       2860.00   2.71283e-08
       2862.50   2.70800e-08
       2865.00   2.70320e-08
       2867.50   2.69840e-08
       2870.00   2.69356e-08
       2872.50   2.68877e-08
       2875.00   2.68397e-08
       2877.50   2.67913e-08
       2880.00   2.67433e-08
       2882.50   2.66317e-08
       2885.00   2.65205e-08
       2887.50   2.64089e-08
       2890.00   2.62973e-08
       2892.50   2.61861e-08
       2895.00   2.60745e-08
       2897.50   2.59632e-08
       2900.00   2.58516e-08
       2902.50   2.57545e-08
       2905.00   2.56575e-08
       2907.50   2.55604e-08
       2910.00   2.54634e-08
       2912.50   2.53667e-08
       2915.00   2.52696e-08
       2917.50   2.51725e-08
       2920.00   2.50755e-08
       2922.50   2.49552e-08
       2925.00   2.48348e-08
       2927.50   2.47145e-08
       2930.00   2.45942e-08
       2932.50   2.44742e-08
       2935.00   2.43539e-08
       2937.50   2.42336e-08
       2940.00   2.41132e-08
       2942.50   2.40740e-08
       2945.00   2.40347e-08
       2947.50   2.39955e-08
       2950.00   2.39562e-08
       2952.50   2.39169e-08
       2955.00   2.38773e-08
       2957.50   2.38381e-08
       2960.00   2.37988e-08
       2962.50   2.37028e-08
       2965.00   2.36065e-08
       2967.50   2.35102e-08
       2970.00   2.34142e-08
       2972.50   2.33179e-08
       2975.00   2.32215e-08
       2977.50   2.31252e-08
       2980.00   2.30292e-08
       2982.50   2.29322e-08
       2985.00   2.28351e-08
       2987.50   2.27380e-08
       2990.00   2.26410e-08
       2992.50   2.25439e-08
       2995.00   2.24468e-08
       2997.50   2.23498e-08
       3000.00   2.22531e-08
       3002.50   2.22138e-08
       3005.00   2.21742e-08
       3007.50   2.21349e-08
       3010.00   2.20957e-08
       3012.50   2.20564e-08
       3015.00   2.20172e-08
       3017.50   2.19779e-08
       3020.00   2.19386e-08
       3022.50   2.18736e-08
       3025.00   2.18089e-08
       3027.50   2.17438e-08
       3030.00   2.16787e-08
       3032.50   2.16140e-08
       3035.00   2.15489e-08
       3037.50   2.14839e-08
       3040.00   2.14188e-08
       3042.50   2.13879e-08
       3045.00   2.13563e-08
       3047.50   2.13254e-08
       3050.00   2.12938e-08
       3052.50   2.12625e-08
       3055.00   2.12312e-08
       3057.50   2.12000e-08
       3060.00   2.11687e-08
       3062.50   2.11687e-08
       3065.00   2.11687e-08
       3067.50   2.11687e-08
       3070.00   2.11687e-08
       3072.50   2.11687e-08
       3075.00   2.11687e-08
       3077.50   2.11687e-08
       3080.00   2.11687e-08
       3082.50   2.11760e-08
       3085.00   2.11832e-08
       3087.50   2.11905e-08
       3090.00   2.11978e-08
       3092.50   2.12051e-08
       3095.00   2.12123e-08
       3097.50   2.12192e-08
       3100.00   2.12265e-08
       3102.50   2.11632e-08
       3105.00   2.11000e-08
       3107.50   2.10364e-08
       3110.00   2.09731e-08
       3112.50   2.09099e-08
       3115.00   2.08466e-08
       3117.50   2.07830e-08
       3120.00   2.07197e-08
       3122.50   2.06547e-08
       3125.00   2.05900e-08
       3127.50   2.05249e-08
       3130.00   2.04598e-08
       3132.50   2.03951e-08
       3135.00   2.03301e-08
       3137.50   2.02650e-08
       3140.00   2.02003e-08
       3142.50   2.01450e-08
       3145.00   2.00894e-08
       3147.50   2.00341e-08
       3150.00   1.99789e-08
       3152.50   1.99236e-08
       3155.00   1.98684e-08
       3157.50   1.98128e-08
       3160.00   1.97575e-08
       3162.50   1.97255e-08
       3165.00   1.96935e-08
       3167.50   1.96615e-08
       3170.00   1.96292e-08
       3172.50   1.95972e-08
       3175.00   1.95652e-08
       3177.50   1.95332e-08
       3180.00   1.95009e-08
       3182.50   1.94202e-08
       3185.00   1.93391e-08
       3187.50   1.92580e-08
       3190.00   1.91770e-08
       3192.50   1.90959e-08
       3195.00   1.90152e-08
       3197.50   1.89341e-08
       3200.00   1.88531e-08
       3202.50   1.88058e-08
       3205.00   1.87585e-08
       3207.50   1.87113e-08
       3210.00   1.86637e-08
       3212.50   1.86164e-08
       3215.00   1.85691e-08
       3217.50   1.85219e-08
       3220.00   1.84746e-08
       3222.50   1.84586e-08
       3225.00   1.84426e-08
       3227.50   1.84266e-08
       3230.00   1.84106e-08
       3232.50   1.83943e-08
       3235.00   1.83783e-08
       3237.50   1.83623e-08
       3240.00   1.83463e-08
       3260.00   1.85252e-08
       3270.00   1.77309e-08
       3280.00   1.71689e-08
       3290.00   1.77076e-08
       3300.00   1.77294e-08
       3310.00   1.74244e-08
       3320.00   1.72307e-08
       3330.00   1.75098e-08
       3340.00   1.68988e-08
       3350.00   1.67203e-08
       3360.00   1.68035e-08
       3370.00   1.68191e-08
       3380.00   1.63676e-08
       3390.00   1.66214e-08
       3400.00   1.61753e-08
       3410.00   1.58943e-08
       3420.00   1.58013e-08
       3430.00   1.56722e-08
       3440.00   1.52145e-08
       3450.00   1.57100e-08
       3460.00   1.57377e-08
       3470.00   1.53494e-08
       3480.00   1.47856e-08
       3490.00   1.48343e-08
       3500.00   1.45726e-08
       3510.00   1.42076e-08
       3520.00   1.41356e-08
       3530.00   1.40556e-08
       3540.00   1.40284e-08
       3550.00   1.37343e-08
       3560.00   1.37430e-08
       3570.00   1.34609e-08
       3580.00   1.35474e-08
       3590.00   1.29578e-08
       3600.00   1.28520e-08
       3610.00   1.32061e-08
       3620.00   1.28927e-08
       3630.00   1.26572e-08
       3640.00   1.24401e-08
       3650.00   1.25434e-08
       3660.00   1.23453e-08
       3670.00   1.22540e-08
       3680.00   1.19948e-08
       3690.00   1.20094e-08
       3700.00   1.15877e-08
       3710.00   1.16829e-08
       3720.00   1.16437e-08
       3730.00   1.14099e-08
       3740.00   1.16131e-08
       3750.00   1.17211e-08
       3760.00   1.16204e-08
       3770.00   1.14975e-08
       3780.00   1.19915e-08
       3790.00   1.20726e-08
       3800.00   1.12343e-08
       3810.00   1.20130e-08
       3820.00   1.23307e-08
       3830.00   1.08664e-08
       3840.00   1.07952e-08
       3850.00   1.24100e-08
       3860.00   1.26306e-08
       3870.00   1.23693e-08
       3880.00   1.12009e-08
       3890.00   1.01885e-08
       3900.00   1.09795e-08
       3910.00   1.21740e-08
       3920.00   1.19003e-08
       3930.00   1.19945e-08
       3940.00   1.20806e-08
       3950.00   1.20334e-08
       3960.00   1.10791e-08
       3970.00   9.56903e-09
       3980.00   1.03779e-08
       3990.00   1.17731e-08
       4000.00   1.18567e-08
       4010.00   1.15411e-08
       4020.00   1.09322e-08
       4030.00   1.09446e-08
       4040.00   1.14899e-08
       4050.00   1.14732e-08
       4060.00   1.13176e-08
       4070.00   1.08425e-08
       4080.00   1.06454e-08
       4090.00   1.02237e-08
       4100.00   8.94595e-09
       4110.00   9.13353e-09
       4120.00   1.02354e-08
       4130.00   1.06251e-08
       4140.00   1.01049e-08
       4150.00   1.01252e-08
       4160.00   1.01965e-08
       4170.00   1.03161e-08
       4180.00   1.01794e-08
       4190.00   1.02794e-08
       4200.00   1.00827e-08
       4210.00   1.00536e-08
       4220.00   9.93292e-09
       4230.00   9.91001e-09
       4240.00   9.78496e-09
       4250.00   9.76897e-09
       4260.00   9.66936e-09
       4270.00   9.59993e-09
       4280.00   9.34219e-09
       4290.00   9.21568e-09
       4300.00   9.32547e-09
       4310.00   8.91360e-09
       4320.00   8.50027e-09
       4330.00   7.80012e-09
       4340.00   7.07235e-09
       4350.00   7.57365e-09
       4360.00   8.17346e-09
       4370.00   8.47192e-09
       4380.00   8.43338e-09
       4390.00   8.19746e-09
       4400.00   8.49700e-09
       4410.00   8.32433e-09
       4420.00   8.05277e-09
       4430.00   7.97825e-09
       4440.00   7.82084e-09
       4450.00   7.94481e-09
       4460.00   7.71288e-09
       4470.00   7.31918e-09
       4480.00   7.37298e-09
       4490.00   7.57765e-09
       4500.00   7.57110e-09
       4510.00   7.55366e-09
       4520.00   7.47731e-09
       4530.00   7.41261e-09
       4540.00   7.32173e-09
       4550.00   7.24793e-09
       4560.00   7.23703e-09
       4570.00   7.18468e-09
       4580.00   7.20467e-09
       4590.00   7.05999e-09
       4600.00   6.94221e-09
       4610.00   6.86078e-09
       4620.00   6.91822e-09
       4630.00   6.76626e-09
       4640.00   6.56087e-09
       4650.00   6.60268e-09
       4660.00   6.57941e-09
       4670.00   6.51616e-09
       4680.00   6.45400e-09
       4690.00   6.42164e-09
       4700.00   6.30059e-09
       4710.00   6.24970e-09
       4720.00   6.30095e-09
       4730.00   6.40056e-09
       4740.00   6.28678e-09
       4750.00   6.24097e-09
       4760.00   6.11447e-09
       4770.00   6.14573e-09
       4780.00   6.06321e-09
       4790.00   6.08029e-09
       4800.00   5.92761e-09
       4810.00   5.90289e-09
       4820.00   5.86436e-09
       4830.00   5.86363e-09
       4840.00   5.73277e-09
       4850.00   5.36270e-09
       4860.00   4.68291e-09
       4870.00   4.87885e-09
       4880.00   5.47939e-09
       4890.00   5.55282e-09
       4900.00   5.49829e-09
       4910.00   5.41250e-09
       4920.00   5.18421e-09
       4930.00   5.22165e-09
       4940.00   5.35579e-09
       4950.00   5.34779e-09
       4960.00   5.30381e-09
       4970.00   5.21256e-09
       4980.00   5.16531e-09
       4990.00   5.23619e-09
       5000.00   5.01953e-09
       5010.00   4.96064e-09
       5020.00   4.97991e-09
       5030.00   5.02462e-09
       5040.00   4.94901e-09
       5050.00   4.97627e-09
       5060.00   4.93120e-09
       5070.00   4.90757e-09
       5080.00   4.80833e-09
       5090.00   4.78106e-09
       5100.00   4.71199e-09
       5110.00   4.66001e-09
       5120.00   4.60075e-09
       5130.00   4.57458e-09
       5140.00   4.55277e-09
       5150.00   4.51860e-09
       5160.00   4.46007e-09
       5170.00   4.49606e-09
       5180.00   4.44189e-09
       5190.00   4.43717e-09
       5200.00   4.40372e-09
       5210.00   4.34302e-09
       5220.00   4.31866e-09
       5230.00   4.25831e-09
       5240.00   4.19870e-09
       5250.00   4.17470e-09
       5260.00   4.19397e-09
       5270.00   4.19761e-09
       5280.00   4.09618e-09
       5290.00   4.16598e-09
       5300.00   4.02239e-09
       5310.00   4.00348e-09
       5320.00   3.99258e-09
       5330.00   3.93950e-09
       5340.00   3.91697e-09
       5350.00   3.87952e-09
       5360.00   3.87661e-09
       5370.00   3.88461e-09
       5380.00   3.88170e-09
       5390.00   3.83336e-09
       5400.00   3.77446e-09
       5410.00   3.77519e-09
       5420.00   3.74647e-09
       5430.00   3.84717e-09
       5440.00   3.74865e-09
       5450.00   3.65050e-09
       5460.00   3.62898e-09
       5470.00   3.61859e-09
       5480.00   3.58732e-09
       5490.00   3.49244e-09
       5500.00   3.58929e-09
       5510.00   3.54475e-09
       5520.00   3.58736e-09
       5530.00   3.50640e-09
       5540.00   3.52033e-09
       5550.00   3.47976e-09
       5560.00   3.41734e-09
       5570.00   3.41418e-09
       5580.00   3.43024e-09
       5590.00   3.38564e-09
       5600.00   3.33994e-09
       5610.00   3.36775e-09
       5620.00   3.29352e-09
       5630.00   3.27978e-09
       5640.00   3.24866e-09
       5650.00   3.23209e-09
       5660.00   3.19828e-09
       5670.00   3.20595e-09
       5680.00   3.13575e-09
       5690.00   3.17472e-09
       5700.00   3.10307e-09
       5710.00   3.09955e-09
       5720.00   3.09835e-09
       5730.00   3.04949e-09
       5740.00   3.02699e-09
       5760.00   3.01125e-09
       5780.00   2.94687e-09
       5800.00   2.93949e-09
       5820.00   2.92735e-09
       5840.00   2.89521e-09
       5860.00   2.77805e-09
       5880.00   2.69066e-09
       5900.00   2.71552e-09
       5920.00   2.70527e-09
       5940.00   2.71170e-09
       5960.00   2.67092e-09
       5980.00   2.64002e-09
       6000.00   2.62064e-09
       6020.00   2.59214e-09
       6040.00   2.54496e-09
       6060.00   2.54565e-09
       6080.00   2.56858e-09
       6100.00   2.59236e-09
       6120.00   2.54034e-09
       6140.00   2.45004e-09
       6160.00   2.42125e-09
       6180.00   2.34135e-09
       6200.00   2.33869e-09
       6220.00   2.33546e-09
       6240.00   2.28453e-09
       6260.00   2.24363e-09
       6280.00   2.19354e-09
       6300.00   2.18619e-09
       6320.00   2.16747e-09
       6340.00   2.16191e-09
       6360.00   2.13897e-09
       6380.00   2.12236e-09
       6400.00   2.09957e-09
       6420.00   2.06990e-09
       6440.00   2.04736e-09
       6460.00   2.01494e-09
       6480.00   1.96626e-09
       6500.00   1.95034e-09
       6520.00   1.91973e-09
       6540.00   1.84910e-09
       6560.00   1.71914e-09
       6580.00   1.78879e-09
       6600.00   1.87098e-09
       6620.00   1.83765e-09
       6640.00   1.83765e-09
       6660.00   1.80140e-09
       6680.00   1.76240e-09
       6700.00   1.77734e-09
       6720.00   1.76676e-09
       6740.00   1.74339e-09
       6760.00   1.74208e-09
       6780.00   1.69471e-09
       6800.00   1.71910e-09
       6820.00   1.74895e-09
       6840.00   1.79424e-09
       6860.00   1.66883e-09
       6880.00   1.57580e-09
       6900.00   1.59521e-09
       6920.00   1.62571e-09
       6940.00   1.55432e-09
       6960.00   1.54516e-09
       6980.00   1.53007e-09
       7000.00   1.52425e-09
       7020.00   1.51469e-09
       7040.00   1.48899e-09
       7060.00   1.45769e-09
       7080.00   1.43254e-09
       7100.00   1.44842e-09
       7120.00   1.41883e-09
       7140.00   1.39557e-09
       7160.00   1.39731e-09
       7180.00   1.36532e-09
       7200.00   1.34413e-09
       7220.00   1.33148e-09
       7240.00   1.28473e-09
       7260.00   1.26303e-09
       7280.00   1.24052e-09
       7300.00   1.26695e-09
       7320.00   1.26593e-09
       7340.00   1.22980e-09
       7360.00   1.23296e-09
       7380.00   1.23187e-09
       7400.00   1.22878e-09
       7420.00   1.20519e-09
       7440.00   1.20857e-09
       7460.00   1.17825e-09
       7480.00   1.16691e-09
       7500.00   1.14990e-09
       7520.00   1.17491e-09
       7540.00   1.21722e-09
       7560.00   1.25605e-09
       7580.00   1.21879e-09
       7600.00   9.82677e-10
       7620.00   1.18392e-09
       7640.00   1.10420e-09
       7660.00   1.06603e-09
       7680.00   9.65809e-10
       7700.00   1.00918e-09
       7720.00   1.03731e-09
       7740.00   1.02415e-09
       7760.00   1.03531e-09
       7780.00   1.01187e-09
       7800.00   9.89729e-10
       7820.00   9.86094e-10
       7840.00   9.80532e-10
       7860.00   9.79587e-10
       7880.00   9.57485e-10
       7900.00   9.49705e-10
       7920.00   9.58575e-10
       7940.00   9.41853e-10
       7960.00   9.34728e-10
       7980.00   9.35346e-10
       8000.00   9.20660e-10
       8020.00   9.04410e-10
       8040.00   9.01429e-10
       8060.00   9.18878e-10
       8080.00   9.05355e-10
       8100.00   8.96085e-10
       8120.00   9.00230e-10
       8140.00   8.61551e-10
       8160.00   8.33814e-10
       8180.00   8.35922e-10
       8200.00   8.50136e-10
       8220.00   8.34250e-10
       8240.00   8.40612e-10
       8260.00   8.73329e-10
       8280.00   8.11421e-10
       8300.00   8.12075e-10
       8320.00   8.43375e-10
       8340.00   7.89937e-10
       8360.00   7.65035e-10
       8380.00   7.81212e-10
       8400.00   7.51621e-10
       8420.00   7.72415e-10
       8440.00   7.67071e-10
       8460.00   7.91245e-10
       8480.00   7.75868e-10
       8500.00   7.66962e-10
       8520.00   7.82521e-10
       8540.00   7.49949e-10
       8560.00   7.58310e-10
       8580.00   7.13306e-10
       8600.00   7.19995e-10
       8620.00   7.05236e-10
       8640.00   7.05781e-10
       8660.00   6.86878e-10
       8680.00   6.53143e-10
       8700.00   7.45296e-10
       8720.00   7.36171e-10
       8740.00   6.84042e-10
       8760.00   6.91822e-10
       8780.00   6.94584e-10
       8800.00   7.18213e-10
       8820.00   6.87168e-10
       8840.00   6.36675e-10
       8860.00   6.45836e-10
       8880.00   6.17445e-10
       8900.00   6.42782e-10
       8920.00   6.72809e-10
       8940.00   6.63830e-10
       8960.00   6.55724e-10
       8980.00   6.00250e-10
       9000.00   5.83637e-10
       9020.00   5.81565e-10
       9040.00   6.54124e-10
       9060.00   5.83346e-10
       9080.00   5.98178e-10
       9100.00   6.18390e-10
       9120.00   5.81310e-10
       9140.00   5.59535e-10
       9160.00   5.62771e-10
       9180.00   6.03922e-10
       9200.00   5.59172e-10
       9220.00   5.26964e-10
       9240.00   5.39469e-10
       9260.00   5.85527e-10
       9280.00   5.74949e-10
       9300.00   5.81492e-10
       9320.00   5.39251e-10
       9340.00   6.13410e-10
       9360.00   5.78293e-10
       9380.00   5.59172e-10
       9400.00   6.82443e-10
       9420.00   5.06897e-10
       9440.00   4.85631e-10
       9460.00   5.50120e-10
       9480.00   3.89043e-10
       9500.00   5.38269e-10
       9520.00   5.97851e-10
       9540.00   4.86140e-10
       9560.00   4.74216e-10
       9580.00   5.28600e-10
       9600.00   5.24165e-10
       9620.00   5.19657e-10
       9640.00   5.00536e-10
       9660.00   4.93701e-10
       9680.00   5.29908e-10
       9700.00   4.81996e-10
       9720.00   4.84868e-10
       9740.00   5.00027e-10
       9760.00   4.73598e-10
       9780.00   4.84504e-10
       9800.00   4.75489e-10
       9820.00   4.78288e-10
       9840.00   4.95192e-10
       9860.00   4.98354e-10
       9880.00   4.62257e-10
       9900.00   4.78470e-10
       9920.00   4.62293e-10
       9940.00   4.59675e-10
       9960.00   4.60548e-10
       9980.00   4.52369e-10
       10000.0   4.59385e-10
       10020.0   4.10672e-10
       10040.0   3.91806e-10
       10060.0   3.94241e-10
       10080.0   4.27104e-10
       10100.0   4.16053e-10
       10120.0   4.32956e-10
       10140.0   4.28631e-10
       10160.0   4.28521e-10
       10180.0   4.29140e-10
       10200.0   4.29140e-10
       10220.0   4.06856e-10
       10240.0   4.31357e-10
       10260.0   4.16162e-10
       10280.0   4.29758e-10
       10300.0   3.87334e-10
       10320.0   4.07037e-10
       10340.0   4.13217e-10
       10360.0   3.88825e-10
       10380.0   4.33429e-10
       10400.0   3.84535e-10
       10420.0   3.89079e-10
       10440.0   4.12599e-10
       10460.0   3.93950e-10
       10480.0   4.09764e-10
       10500.0   4.07328e-10
       10520.0   4.07837e-10
       10540.0   3.69122e-10
       10560.0   3.52225e-10
       10580.0   3.67486e-10
       10600.0   3.80645e-10
       10800.0   3.55210e-10
       11000.0   3.26062e-10
       11200.0   2.95690e-10
       11400.0   2.66056e-10
       11600.0   2.38570e-10
       11800.0   2.14104e-10
       12000.0   1.93151e-10
       12200.0   1.75924e-10
       12400.0   1.62480e-10
       12600.0   1.52938e-10
       12800.0   1.44290e-10
       13000.0   1.36245e-10
       13200.0   1.28749e-10
       13400.0   1.21755e-10
       13600.0   1.15237e-10
       13800.0   1.09148e-10
       14000.0   1.03455e-10
       14200.0   9.81223e-11
       14400.0   9.31311e-11
       14600.0   8.84525e-11
       14800.0   8.40648e-11
       15000.0   7.99461e-11
       15200.0   7.60709e-11
       15400.0   7.24284e-11
       15600.0   6.90077e-11
       15800.0   6.57832e-11
       16000.0   6.27405e-11
       16200.0   5.98760e-11
       16400.0   5.71713e-11
       16600.0   5.46158e-11
       16800.0   5.22020e-11
       17000.0   4.99227e-11
       17200.0   4.77634e-11
       17400.0   4.57204e-11
       17600.0   4.37864e-11
       17800.0   4.19506e-11
       18000.0   4.02130e-11
       18200.0   3.85626e-11
       18400.0   3.69958e-11
       18600.0   3.55075e-11
       18800.0   3.40956e-11
       19000.0   3.27502e-11
       19200.0   3.14710e-11
       19400.0   3.02546e-11
       19600.0   2.90953e-11
       19800.0   2.79931e-11
       20000.0   2.69404e-11
       20200.0   2.59374e-11
       20400.0   2.49802e-11
       20600.0   2.40671e-11
       20800.0   2.31950e-11
       21000.0   2.23625e-11
       21200.0   2.15668e-11
       21400.0   2.08059e-11
       21600.0   2.00785e-11
       21800.0   1.93823e-11
       22000.0   1.87160e-11
       22200.0   1.80784e-11
       22400.0   1.74677e-11
       22600.0   1.68820e-11
       22800.0   1.63211e-11
       23000.0   1.57831e-11
       23200.0   1.52673e-11
       23400.0   1.47721e-11
       23600.0   1.42970e-11
       23800.0   1.38408e-11
       24000.0   1.34027e-11
       24200.0   1.29818e-11
       24400.0   1.25772e-11
       24600.0   1.21882e-11
       24800.0   1.18142e-11
       25000.0   1.14543e-11
       25200.0   1.11078e-11
       25400.0   1.07748e-11
       25600.0   1.04538e-11
