       229.000       0.00000
       234.000       0.00000
       243.000       0.00000
       252.000       0.00000
       256.000       0.00000
       260.000       0.00000
       266.000       0.00000
       275.000       0.00000
       283.000       0.00000
       293.000       0.00000
       301.000       0.00000
       309.000       0.00000
       325.000       0.00000
       342.000       0.00000
       351.000       0.00000
       356.000       0.00000
       365.000       0.00000
       375.000       0.00000
       384.000       0.00000
       400.000       0.00000
       415.000       0.00000
       425.000       0.00000
       445.000       0.00000
       472.000       0.00000
       494.000       0.00000
       506.000       0.00000
       516.000       0.00000
       540.000       0.00000
       564.000       0.00000
       587.000       0.00000
       612.000       0.00000
       640.000       0.00000
       671.000       0.00000
       705.000       0.00000
       736.000       0.00000
       770.000       0.00000
       810.000       0.00000
       850.000       0.00000
       890.000       0.00000
       920.000   3.80650e-21
       940.000   1.28642e-20
       962.000   2.73779e-20
       987.000   6.14250e-20
       1012.00   1.25015e-19
       1037.00   2.35270e-19
       1062.00   4.55449e-19
       1087.00   8.47523e-19
       1112.00   1.38767e-17
       1120.00   1.70734e-17
       1140.00   2.47043e-17
       1160.00   3.90437e-17
       1180.00   5.63681e-17
       1200.00   7.92443e-17
       1220.00   1.17149e-16
       1240.00   1.78618e-16
       1260.00   2.56582e-16
       1280.00   3.51371e-16
       1300.00   4.86118e-16
       1320.00   6.45356e-16
       1340.00   8.32461e-16
       1360.00   1.08174e-15
       1380.00   1.42787e-15
       1400.00   1.88215e-15
       1420.00   2.45034e-15
       1440.00   3.18596e-15
       1460.00   4.15139e-15
       1480.00   5.30466e-15
       1500.00   6.87848e-15
       1520.00   5.59607e-14
       1540.00   1.00592e-13
       1560.00   1.04667e-13
       1580.00   1.33913e-13
       1600.00   1.73477e-13
       1620.00   2.13078e-13
       1640.00   2.48061e-13
       1660.00   2.71418e-13
       1680.00   3.48985e-12
       1700.00   5.32103e-12
       1720.00   6.64237e-12
       1740.00   8.75500e-12
       1760.00   8.62694e-12
       1780.00   1.19518e-11
       1800.00   1.13249e-11
       1820.00   9.19811e-12
       1840.00   9.57647e-12
       1860.00   1.23210e-11
       1880.00   1.42081e-11
       1900.00   1.65808e-11
       1920.00   1.98249e-11
       1940.00   1.75878e-11
       1960.00   1.77574e-11
       1980.00   2.50855e-11
       2000.00   2.63428e-11
       2002.50   2.78152e-11
       2005.00   3.45234e-11
       2007.50   3.68718e-11
       2010.00   3.81014e-11
       2012.50   3.84034e-11
       2015.00   3.85562e-11
       2017.50   3.79195e-11
       2020.00   3.76976e-11
       2022.50   3.77995e-11
       2025.00   3.77849e-11
       2027.50   3.77704e-11
       2030.00   3.93675e-11
       2032.50   4.18413e-11
       2035.00   4.59815e-11
       2037.50   4.86773e-11
       2040.00   5.04090e-11
       2042.50   5.15804e-11
       2045.00   5.22353e-11
       2047.50   5.32467e-11
       2050.00   5.40252e-11
       2052.50   5.42471e-11
       2055.00   5.42690e-11
       2057.50   5.36614e-11
       2060.00   5.44982e-11
       2062.50   5.62117e-11
       2065.00   5.94459e-11
       2067.50   6.26838e-11
       2070.00   6.40881e-11
       2072.50   6.59071e-11
       2075.00   6.85920e-11
       2077.50   7.21064e-11
       2080.00   7.60064e-11
       2082.50   8.10051e-11
       2085.00   8.67314e-11
       2087.50   8.63458e-11
       2090.00   8.68915e-11
       2092.50   8.88415e-11
       2095.00   9.02821e-11
       2097.50   9.06278e-11
       2100.00   9.09770e-11
       2102.50   8.95800e-11
       2105.00   9.87006e-11
       2107.50   9.54082e-11
       2110.00   9.32217e-11
       2112.50   1.00509e-10
       2115.00   1.11172e-10
       2117.50   1.26557e-10
       2120.00   1.24123e-10
       2122.50   9.84569e-11
       2125.00   8.97146e-11
       2127.50   1.03026e-10
       2130.00   1.06501e-10
       2132.50   1.03343e-10
       2135.00   1.05380e-10
       2137.50   1.10677e-10
       2140.00   1.23378e-10
       2142.50   1.42634e-10
       2145.00   1.44369e-10
       2147.50   1.32218e-10
       2150.00   1.29580e-10
       2152.50   1.33455e-10
       2155.00   1.27481e-10
       2157.50   1.10513e-10
       2160.00   1.13220e-10
       2162.50   1.25066e-10
       2165.00   1.13071e-10
       2167.50   1.01320e-10
       2170.00   1.09204e-10
       2172.50   1.14464e-10
       2175.00   1.10612e-10
       2177.50   1.25040e-10
       2180.00   1.56328e-10
       2182.50   1.65019e-10
       2185.00   1.46188e-10
       2187.50   1.31370e-10
       2190.00   1.40407e-10
       2192.50   1.57921e-10
       2195.00   1.60504e-10
       2197.50   1.58081e-10
       2200.00   1.62883e-10
       2202.50   1.75747e-10
       2205.00   1.69596e-10
       2207.50   1.34579e-10
       2210.00   1.14886e-10
       2212.50   1.24502e-10
       2215.00   1.28005e-10
       2217.50   1.30301e-10
       2220.00   1.54159e-10
       2222.50   1.68435e-10
       2225.00   1.62305e-10
       2227.50   1.60759e-10
       2230.00   1.76544e-10
       2232.50   2.12219e-10
       2235.00   2.31057e-10
       2237.50   2.13263e-10
       2240.00   1.92839e-10
       2242.50   1.78156e-10
       2245.00   1.83035e-10
       2247.50   1.96273e-10
       2250.00   1.86880e-10
       2252.50   1.73154e-10
       2255.00   1.66325e-10
       2257.50   1.62097e-10
       2260.00   1.56342e-10
       2262.50   1.43623e-10
       2265.00   1.24731e-10
       2267.50   1.10033e-10
       2270.00   1.06701e-10
       2272.50   1.13639e-10
       2275.00   1.24891e-10
       2277.50   1.39334e-10
       2280.00   1.62017e-10
       2282.50   1.78083e-10
       2285.00   1.72488e-10
       2287.50   1.57288e-10
       2290.00   1.50441e-10
       2292.50   1.56444e-10
       2295.00   1.57845e-10
       2297.50   1.40167e-10
       2300.00   1.32134e-10
       2302.50   1.50881e-10
       2305.00   1.83424e-10
       2307.50   1.89336e-10
       2310.00   1.52173e-10
       2312.50   1.36784e-10
       2315.00   1.60097e-10
       2317.50   1.65404e-10
       2320.00   1.58172e-10
       2322.50   1.73285e-10
       2325.00   1.72302e-10
       2327.50   1.57841e-10
       2330.00   1.49932e-10
       2332.50   1.42889e-10
       2335.00   1.44467e-10
       2337.50   1.34608e-10
       2340.00   1.27558e-10
       2342.50   1.18746e-10
       2345.00   1.06348e-10
       2347.50   1.19128e-10
       2350.00   1.51474e-10
       2352.50   1.73328e-10
       2355.00   1.76835e-10
       2357.50   1.65274e-10
       2360.00   1.47374e-10
       2362.50   1.45217e-10
       2365.00   1.43030e-10
       2367.50   1.47090e-10
       2370.00   1.66852e-10
       2372.50   1.64033e-10
       2375.00   1.55112e-10
       2377.50   1.51485e-10
       2380.00   1.24440e-10
       2382.50   1.09771e-10
       2385.00   1.26521e-10
       2387.50   1.39767e-10
       2390.00   1.52890e-10
       2392.50   1.53301e-10
       2395.00   1.29773e-10
       2397.50   1.22595e-10
       2400.00   1.35129e-10
       2402.50   1.38486e-10
       2405.00   1.15290e-10
       2407.50   1.22723e-10
       2410.00   1.21504e-10
       2412.50   1.23672e-10
       2415.00   1.51805e-10
       2417.50   1.84934e-10
       2420.00   2.11004e-10
       2422.50   2.15515e-10
       2425.00   2.08879e-10
       2427.50   2.18517e-10
       2430.00   2.12106e-10
       2432.50   1.99180e-10
       2435.00   1.85854e-10
       2437.50   1.88921e-10
       2440.00   1.98704e-10
       2442.50   2.04867e-10
       2445.00   1.89565e-10
       2447.50   1.68362e-10
       2450.00   1.53686e-10
       2452.50   1.46668e-10
       2455.00   1.49335e-10
       2457.50   1.55091e-10
       2460.00   1.48131e-10
       2462.50   1.38232e-10
       2465.00   1.49004e-10
       2467.50   1.63222e-10
       2470.00   1.68140e-10
       2472.50   1.67660e-10
       2475.00   1.76220e-10
       2477.50   1.66809e-10
       2480.00   1.53963e-10
       2482.50   1.37501e-10
       2485.00   1.34470e-10
       2487.50   1.29497e-10
       2490.00   1.13478e-10
       2492.50   1.47698e-10
       2495.00   1.89870e-10
       2497.50   1.97001e-10
       2500.00   1.86214e-10
       2502.50   1.82001e-10
       2505.00   1.66681e-10
       2507.50   1.62218e-10
       2510.00   1.69545e-10
       2512.50   1.46807e-10
       2515.00   1.22341e-10
       2517.50   1.22010e-10
       2520.00   1.33008e-10
       2522.50   1.27056e-10
       2525.00   1.27805e-10
       2527.50   1.25382e-10
       2530.00   1.37340e-10
       2532.50   1.60784e-10
       2535.00   1.61741e-10
       2537.50   1.62119e-10
       2540.00   1.68617e-10
       2542.50   1.77723e-10
       2545.00   1.81779e-10
       2547.50   1.70738e-10
       2550.00   1.90060e-10
       2552.50   2.39268e-10
       2555.00   2.50743e-10
       2557.50   2.53835e-10
       2560.00   2.66936e-10
       2562.50   2.44678e-10
       2565.00   2.74397e-10
       2567.50   3.41338e-10
       2570.00   3.80905e-10
       2572.50   3.84507e-10
       2575.00   3.13157e-10
       2577.50   3.27742e-10
       2580.00   4.37004e-10
       2582.50   4.12483e-10
       2585.00   2.98725e-10
       2587.50   3.37368e-10
       2590.00   4.17540e-10
       2592.50   3.46962e-10
       2595.00   3.02177e-10
       2597.50   2.39414e-10
       2600.00   2.20769e-10
       2602.50   2.99660e-10
       2605.00   2.71512e-10
       2607.50   2.37827e-10
       2610.00   2.51350e-10
       2612.50   2.20376e-10
       2615.00   2.60660e-10
       2617.50   3.03491e-10
       2620.00   3.26680e-10
       2622.50   3.45907e-10
       2625.00   3.26061e-10
       2627.50   2.81539e-10
       2630.00   2.52038e-10
       2632.50   2.95585e-10
       2635.00   4.38896e-10
       2637.50   6.04937e-10
       2640.00   7.12478e-10
       2642.50   7.66430e-10
       2645.00   7.73779e-10
       2647.50   6.40444e-10
       2650.00   5.76342e-10
       2652.50   6.74642e-10
       2655.00   7.83711e-10
       2657.50   7.76253e-10
       2660.00   7.20627e-10
       2662.50   6.63146e-10
       2665.00   6.66056e-10
       2667.50   6.77589e-10
       2670.00   6.75661e-10
       2672.50   6.80791e-10
       2675.00   7.54243e-10
       2677.50   6.91341e-10
       2680.00   6.66784e-10
       2682.50   6.84938e-10
       2685.00   6.92250e-10
       2687.50   6.60490e-10
       2690.00   6.26183e-10
       2692.50   6.60199e-10
       2695.00   6.20617e-10
       2697.50   6.48193e-10
       2700.00   7.49768e-10
       2702.50   7.87349e-10
       2705.00   7.86949e-10
       2707.50   7.26266e-10
       2710.00   6.99126e-10
       2712.50   6.93451e-10
       2715.00   6.28002e-10
       2717.50   5.14895e-10
       2720.00   4.27727e-10
       2722.50   4.86009e-10
       2725.00   5.31630e-10
       2727.50   6.29166e-10
       2730.00   7.10877e-10
       2732.50   6.20217e-10
       2735.00   5.10966e-10
       2737.50   4.29983e-10
       2740.00   3.77231e-10
       2742.50   3.51022e-10
       2745.00   3.60346e-10
       2747.50   3.45721e-10
       2750.00   3.96330e-10
       2752.50   4.87209e-10
       2755.00   4.48355e-10
       2757.50   5.74304e-10
       2760.00   6.68494e-10
       2762.50   6.51177e-10
       2765.00   7.00036e-10
       2767.50   6.63910e-10
       2770.00   6.60527e-10
       2772.50   7.02764e-10
       2775.00   6.61181e-10
       2777.50   5.46219e-10
       2780.00   4.68255e-10
       2782.50   4.54940e-10
       2785.00   4.58214e-10
       2787.50   4.08809e-10
       2790.00   3.14132e-10
       2792.50   2.46857e-10
       2795.00   2.19433e-10
       2797.50   2.05496e-10
       2800.00   2.12325e-10
       2802.50   2.25243e-10
       2805.00   2.60663e-10
       2807.50   3.57483e-10
       2810.00   4.40788e-10
       2812.50   5.18133e-10
       2815.00   6.11740e-10
       2817.50   6.70931e-10
       2820.00   7.30013e-10
       2822.50   7.76544e-10
       2825.00   7.97645e-10
       2827.50   7.99973e-10
       2830.00   8.71680e-10
       2832.50   8.82994e-10
       2835.00   8.21365e-10
       2837.50   8.23039e-10
       2840.00   8.56000e-10
       2842.50   7.66612e-10
       2845.00   6.68348e-10
       2847.50   4.97687e-10
       2850.00   2.93737e-10
       2852.50   2.49134e-10
       2855.00   3.84761e-10
       2857.50   5.91549e-10
       2860.00   8.02193e-10
       2862.50   8.99984e-10
       2865.00   9.29016e-10
       2867.50   8.79356e-10
       2870.00   9.32763e-10
       2872.50   1.03572e-09
       2875.00   9.51353e-10
       2877.50   8.36863e-10
       2880.00   5.94387e-10
       2882.50   6.35315e-10
       2885.00   9.55719e-10
       2887.50   1.05460e-09
       2890.00   1.05162e-09
       2892.50   1.08734e-09
       2895.00   1.22803e-09
       2897.50   1.39294e-09
       2900.00   1.53872e-09
       2902.50   1.61272e-09
       2905.00   1.60606e-09
       2907.50   1.49892e-09
       2910.00   1.50758e-09
       2912.50   1.56615e-09
       2915.00   1.45464e-09
       2917.50   1.41735e-09
       2920.00   1.44395e-09
       2922.50   1.33633e-09
       2925.00   1.21078e-09
       2927.50   1.23771e-09
       2930.00   1.47163e-09
       2932.50   1.58459e-09
       2935.00   1.41390e-09
       2937.50   1.19747e-09
       2940.00   1.27605e-09
       2942.50   1.39341e-09
       2945.00   1.38414e-09
       2947.50   1.18299e-09
       2950.00   1.28966e-09
       2952.50   1.44078e-09
       2955.00   1.41411e-09
       2957.50   1.48222e-09
       2960.00   1.55429e-09
       2962.50   1.54232e-09
       2965.00   1.21926e-09
       2967.50   1.00716e-09
       2970.00   1.07679e-09
       2972.50   1.17790e-09
       2975.00   1.44478e-09
       2977.50   1.66849e-09
       2980.00   1.39883e-09
       2982.50   9.96720e-10
       2985.00   8.88815e-10
       2987.50   1.16793e-09
       2990.00   1.47240e-09
       2992.50   1.34390e-09
       2995.00   1.20525e-09
       2997.50   1.28180e-09
       3000.00   9.02640e-10
       3002.50   9.40803e-10
       3005.00   1.12965e-09
       3007.50   1.05798e-09
       3010.00   1.19925e-09
       3012.50   1.32844e-09
       3015.00   1.28231e-09
       3017.50   1.01091e-09
       3020.00   7.89132e-10
       3022.50   1.06879e-09
       3025.00   1.29497e-09
       3027.50   1.52046e-09
       3030.00   1.58267e-09
       3032.50   1.68835e-09
       3035.00   1.66674e-09
       3037.50   1.39400e-09
       3040.00   1.35772e-09
       3042.50   1.47083e-09
       3045.00   1.57597e-09
       3047.50   1.42303e-09
       3050.00   1.63218e-09
       3052.50   1.70028e-09
       3055.00   1.41204e-09
       3057.50   1.10884e-09
       3060.00   1.27121e-09
       3062.50   1.45348e-09
       3065.00   1.28089e-09
       3067.50   1.36780e-09
       3070.00   1.56258e-09
       3072.50   1.50154e-09
       3075.00   1.46894e-09
       3077.50   1.51020e-09
       3080.00   1.44824e-09
       3082.50   1.44096e-09
       3085.00   1.59376e-09
       3087.50   1.44697e-09
       3090.00   1.23072e-09
       3092.50   1.07090e-09
       3095.00   1.14865e-09
       3097.50   1.10393e-09
       3100.00   1.09797e-09
       3102.50   1.20976e-09
       3105.00   1.32265e-09
       3107.50   1.43722e-09
       3110.00   1.55072e-09
       3112.50   1.64120e-09
       3115.00   1.64077e-09
       3117.50   1.60486e-09
       3120.00   1.54534e-09
       3122.50   1.52475e-09
       3125.00   1.52191e-09
       3127.50   1.54563e-09
       3130.00   1.56720e-09
       3132.50   1.58474e-09
       3135.00   1.58831e-09
       3137.50   1.59376e-09
       3140.00   1.60049e-09
       3142.50   1.57586e-09
       3145.00   1.57310e-09
       3147.50   1.60308e-09
       3150.00   1.61839e-09
       3152.50   1.62574e-09
       3155.00   1.61588e-09
       3157.50   1.54589e-09
       3160.00   1.43580e-09
       3162.50   1.41073e-09
       3165.00   1.43365e-09
       3167.50   1.52853e-09
       3170.00   1.66958e-09
       3172.50   1.79717e-09
       3175.00   1.82445e-09
       3177.50   1.77603e-09
       3180.00   1.67711e-09
       3182.50   1.59744e-09
       3185.00   1.56433e-09
       3187.50   1.60104e-09
       3190.00   1.64451e-09
       3192.50   1.68490e-09
       3195.00   1.70592e-09
       3197.50   1.70738e-09
       3200.00   1.69574e-09
       3202.50   1.68286e-09
       3205.00   1.67002e-09
       3207.50   1.65714e-09
       3210.00   1.64429e-09
       3212.50   1.63145e-09
       3215.00   1.61857e-09
       3217.50   1.60573e-09
       3220.00   1.59285e-09
       3222.50   1.63665e-09
       3225.00   1.68046e-09
       3227.50   1.72426e-09
       3230.00   1.76810e-09
       3232.50   1.81190e-09
       3235.00   1.85570e-09
       3237.50   1.89950e-09
       3240.00   1.94331e-09
       3260.00   2.00439e-09
       3270.00   2.17509e-09
       3280.00   1.93643e-09
       3290.00   2.04990e-09
       3300.00   2.17723e-09
       3310.00   2.09563e-09
       3320.00   2.08403e-09
       3330.00   2.00293e-09
       3340.00   1.97314e-09
       3350.00   2.07926e-09
       3360.00   1.96248e-09
       3370.00   1.88292e-09
       3380.00   1.77330e-09
       3390.00   1.97103e-09
       3400.00   2.11390e-09
       3410.00   2.12528e-09
       3420.00   2.04215e-09
       3430.00   2.14267e-09
       3440.00   1.94578e-09
       3450.00   1.89474e-09
       3460.00   2.02556e-09
       3470.00   1.94345e-09
       3480.00   1.90860e-09
       3490.00   1.91220e-09
       3500.00   2.06053e-09
       3510.00   2.21074e-09
       3520.00   2.16708e-09
       3530.00   2.17516e-09
       3540.00   2.32825e-09
       3550.00   2.39217e-09
       3560.00   2.34480e-09
       3570.00   2.03506e-09
       3580.00   1.84733e-09
       3590.00   1.90380e-09
       3600.00   2.27084e-09
       3610.00   2.08912e-09
       3620.00   2.08857e-09
       3630.00   2.12139e-09
       3640.00   2.16050e-09
       3650.00   2.30508e-09
       3660.00   2.48421e-09
       3670.00   2.54184e-09
       3680.00   2.35961e-09
       3690.00   2.40829e-09
       3700.00   2.43881e-09
       3710.00   2.49295e-09
       3720.00   2.32425e-09
       3730.00   2.01152e-09
       3740.00   2.05205e-09
       3750.00   2.16567e-09
       3760.00   2.28518e-09
       3770.00   2.44372e-09
       3780.00   2.81419e-09
       3790.00   2.61904e-09
       3800.00   2.43808e-09
       3810.00   2.62573e-09
       3820.00   2.24268e-09
       3830.00   1.76657e-09
       3840.00   1.80601e-09
       3850.00   2.26739e-09
       3860.00   2.40061e-09
       3870.00   2.37424e-09
       3880.00   2.34808e-09
       3890.00   2.28070e-09
       3900.00   2.49218e-09
       3910.00   2.74124e-09
       3920.00   2.67627e-09
       3930.00   1.65786e-09
       3940.00   1.63458e-09
       3950.00   2.54322e-09
       3960.00   2.38355e-09
       3970.00   1.79389e-09
       3980.00   2.55727e-09
       3990.00   3.34691e-09
       4000.00   3.57065e-09
       4010.00   3.61176e-09
       4020.00   3.68536e-09
       4030.00   3.66098e-09
       4040.00   3.48337e-09
       4050.00   3.62275e-09
       4060.00   3.49596e-09
       4070.00   3.57665e-09
       4080.00   3.74466e-09
       4090.00   3.83888e-09
       4100.00   3.52968e-09
       4110.00   3.66535e-09
       4120.00   3.92219e-09
       4130.00   3.80760e-09
       4140.00   3.79486e-09
       4150.00   3.83052e-09
       4160.00   3.88800e-09
       4170.00   3.78177e-09
       4180.00   3.62806e-09
       4190.00   3.75266e-09
       4200.00   3.77413e-09
       4210.00   3.80105e-09
       4220.00   3.65261e-09
       4230.00   3.52124e-09
       4240.00   3.73993e-09
       4250.00   3.70609e-09
       4260.00   3.70573e-09
       4270.00   3.58793e-09
       4280.00   3.46471e-09
       4290.00   3.35571e-09
       4300.00   2.89186e-09
       4310.00   2.98881e-09
       4320.00   3.59753e-09
       4330.00   3.74720e-09
       4340.00   3.59019e-09
       4350.00   3.69845e-09
       4360.00   4.10883e-09
       4370.00   4.03788e-09
       4380.00   3.75193e-09
       4390.00   3.64097e-09
       4400.00   3.74175e-09
       4410.00   3.85562e-09
       4420.00   4.04552e-09
       4430.00   4.01315e-09
       4440.00   4.05826e-09
       4450.00   3.95494e-09
       4460.00   3.82906e-09
       4470.00   4.04589e-09
       4480.00   4.13393e-09
       4490.00   4.08700e-09
       4500.00   4.26053e-09
       4510.00   4.34057e-09
       4520.00   4.22452e-09
       4530.00   3.95930e-09
       4540.00   4.07863e-09
       4550.00   4.06190e-09
       4560.00   4.13648e-09
       4570.00   4.17249e-09
       4580.00   4.12556e-09
       4590.00   4.05644e-09
       4600.00   4.06735e-09
       4610.00   4.15976e-09
       4620.00   4.19650e-09
       4630.00   4.16813e-09
       4640.00   4.05680e-09
       4650.00   3.99459e-09
       4660.00   4.01205e-09
       4670.00   4.01060e-09
       4680.00   4.02843e-09
       4690.00   4.07754e-09
       4700.00   3.96039e-09
       4710.00   4.01205e-09
       4720.00   4.13466e-09
       4730.00   4.20305e-09
       4740.00   4.20196e-09
       4750.00   4.26927e-09
       4760.00   4.10992e-09
       4770.00   4.22343e-09
       4780.00   4.30637e-09
       4790.00   4.33948e-09
       4800.00   4.33730e-09
       4810.00   4.32820e-09
       4820.00   4.36713e-09
       4830.00   4.35876e-09
       4840.00   4.24125e-09
       4850.00   4.07026e-09
       4860.00   3.65916e-09
       4870.00   3.71373e-09
       4880.00   3.96294e-09
       4890.00   4.04480e-09
       4900.00   4.14412e-09
       4910.00   4.05935e-09
       4920.00   3.91201e-09
       4930.00   3.93966e-09
       4940.00   3.99205e-09
       4950.00   4.02042e-09
       4960.00   4.03279e-09
       4970.00   4.00587e-09
       4980.00   3.91965e-09
       4990.00   3.89455e-09
       5000.00   3.86108e-09
       5010.00   3.79595e-09
       5020.00   3.76212e-09
       5030.00   3.85744e-09
       5040.00   3.83852e-09
       5050.00   3.83888e-09
       5060.00   3.86399e-09
       5070.00   3.82906e-09
       5080.00   3.78613e-09
       5090.00   3.79050e-09
       5100.00   3.80905e-09
       5110.00   3.84143e-09
       5120.00   3.81633e-09
       5130.00   3.75339e-09
       5140.00   3.79923e-09
       5150.00   3.75630e-09
       5160.00   3.66862e-09
       5170.00   3.41163e-09
       5180.00   3.38081e-09
       5190.00   3.53310e-09
       5200.00   3.66280e-09
       5210.00   3.69263e-09
       5220.00   3.68026e-09
       5230.00   3.66135e-09
       5240.00   3.73447e-09
       5250.00   3.77958e-09
       5260.00   3.60703e-09
       5270.00   3.50131e-09
       5280.00   3.59994e-09
       5290.00   3.80760e-09
       5300.00   3.75521e-09
       5310.00   3.84325e-09
       5320.00   3.76758e-09
       5330.00   3.61885e-09
       5340.00   3.67699e-09
       5350.00   3.75921e-09
       5360.00   3.75703e-09
       5370.00   3.73556e-09
       5380.00   3.73774e-09
       5390.00   3.72356e-09
       5400.00   3.63333e-09
       5410.00   3.60412e-09
       5420.00   3.81960e-09
       5430.00   3.81305e-09
       5440.00   3.84361e-09
       5450.00   3.85926e-09
       5460.00   3.78613e-09
       5470.00   3.84252e-09
       5480.00   3.77704e-09
       5490.00   3.78140e-09
       5500.00   3.76794e-09
       5510.00   3.77922e-09
       5520.00   3.81305e-09
       5530.00   3.71592e-09
       5540.00   3.69918e-09
       5550.00   3.76066e-09
       5560.00   3.72246e-09
       5570.00   3.72319e-09
       5580.00   3.74175e-09
       5590.00   3.62617e-09
       5600.00   3.52554e-09
       5610.00   3.63879e-09
       5620.00   3.63282e-09
       5630.00   3.64788e-09
       5640.00   3.62806e-09
       5650.00   3.63952e-09
       5660.00   3.58167e-09
       5670.00   3.56566e-09
       5680.00   3.56359e-09
       5690.00   3.59186e-09
       5700.00   3.54536e-09
       5710.00   3.54635e-09
       5720.00   3.53059e-09
       5730.00   3.66571e-09
       5740.00   3.56301e-09
       5760.00   3.56134e-09
       5780.00   3.52041e-09
       5800.00   3.51240e-09
       5820.00   3.53405e-09
       5840.00   3.56494e-09
       5860.00   3.46660e-09
       5880.00   3.38242e-09
       5900.00   3.28994e-09
       5920.00   3.34964e-09
       5940.00   3.41774e-09
       5960.00   3.41330e-09
       5980.00   3.41217e-09
       6000.00   3.37732e-09
       6020.00   3.38835e-09
       6040.00   3.37492e-09
       6060.00   3.43979e-09
       6080.00   3.36935e-09
       6100.00   3.41858e-09
       6120.00   3.39628e-09
       6140.00   3.28935e-09
       6160.00   3.18374e-09
       6180.00   3.22376e-09
       6200.00   3.26320e-09
       6220.00   3.28793e-09
       6240.00   3.22427e-09
       6260.00   3.19535e-09
       6280.00   3.19440e-09
       6300.00   3.19920e-09
       6320.00   3.16802e-09
       6340.00   3.17279e-09
       6360.00   3.16635e-09
       6380.00   3.19804e-09
       6400.00   3.18072e-09
       6420.00   3.13153e-09
       6440.00   3.17053e-09
       6460.00   3.11407e-09
       6480.00   3.07642e-09
       6500.00   3.09937e-09
       6520.00   3.12710e-09
       6540.00   3.11822e-09
       6560.00   2.93031e-09
       6580.00   2.92766e-09
       6600.00   3.09461e-09
       6620.00   3.11131e-09
       6640.00   3.10250e-09
       6660.00   3.05903e-09
       6680.00   3.07547e-09
       6700.00   3.04961e-09
       6720.00   3.01213e-09
       6740.00   3.03538e-09
       6760.00   3.02483e-09
       6780.00   3.06685e-09
       6800.00   3.00588e-09
       6820.00   3.01668e-09
       6840.00   3.10752e-09
       6860.00   2.92547e-09
       6880.00   2.85268e-09
       6900.00   2.91023e-09
       6920.00   2.96931e-09
       6940.00   2.87451e-09
       6960.00   2.91478e-09
       6980.00   2.88691e-09
       7000.00   2.85017e-09
       7020.00   2.82732e-09
       7040.00   2.82008e-09
       7060.00   2.79294e-09
       7080.00   2.77068e-09
       7100.00   2.78344e-09
       7120.00   2.76780e-09
       7140.00   2.72858e-09
       7160.00   2.74146e-09
       7180.00   2.60212e-09
       7200.00   2.45802e-09
       7220.00   2.64727e-09
       7240.00   2.63705e-09
       7260.00   2.56807e-09
       7280.00   2.59146e-09
       7300.00   2.58957e-09
       7320.00   2.58786e-09
       7340.00   2.61675e-09
       7360.00   2.61260e-09
       7380.00   2.56221e-09
       7400.00   2.55236e-09
       7420.00   2.54457e-09
       7440.00   2.56087e-09
       7460.00   2.58266e-09
       7480.00   2.53162e-09
       7500.00   2.50240e-09
       7520.00   2.46384e-09
       7540.00   2.48934e-09
       7560.00   2.45500e-09
       7580.00   2.65502e-09
       7600.00   2.24236e-09
       7620.00   2.08999e-09
       7640.00   2.33411e-09
       7660.00   2.30504e-09
       7680.00   2.24436e-09
       7700.00   2.36103e-09
       7720.00   2.41364e-09
       7740.00   2.34033e-09
       7760.00   2.33011e-09
       7780.00   2.32912e-09
       7800.00   2.36798e-09
       7820.00   2.35408e-09
       7840.00   2.37529e-09
       7860.00   2.34590e-09
       7880.00   2.32014e-09
       7900.00   2.27746e-09
       7920.00   2.25065e-09
       7940.00   2.22737e-09
       7960.00   2.19415e-09
       7980.00   2.23373e-09
       8000.00   2.25618e-09
       8020.00   2.19317e-09
       8040.00   2.21216e-09
       8060.00   2.24741e-09
       8080.00   2.24130e-09
       8100.00   2.17618e-09
       8120.00   2.26313e-09
       8140.00   2.09276e-09
       8160.00   1.96172e-09
       8180.00   1.93403e-09
       8200.00   2.16708e-09
       8220.00   2.20066e-09
       8240.00   2.06813e-09
       8260.00   2.19717e-09
       8280.00   2.08530e-09
       8300.00   2.03360e-09
       8320.00   2.03659e-09
       8340.00   2.06482e-09
       8360.00   2.08494e-09
       8380.00   2.11433e-09
       8400.00   2.12918e-09
       8420.00   2.08181e-09
       8440.00   2.02094e-09
       8460.00   2.11295e-09
       8480.00   2.00341e-09
       8500.00   1.99402e-09
       8520.00   2.04539e-09
       8540.00   1.89368e-09
       8560.00   1.88794e-09
       8580.00   1.98234e-09
       8600.00   2.02389e-09
       8620.00   2.11692e-09
       8640.00   2.13212e-09
       8660.00   1.93570e-09
       8680.00   1.86829e-09
       8700.00   1.92963e-09
       8720.00   1.95408e-09
       8740.00   1.92643e-09
       8760.00   1.94480e-09
       8780.00   1.93312e-09
       8800.00   1.90165e-09
       8820.00   1.83638e-09
       8840.00   1.93381e-09
       8860.00   1.87462e-09
       8880.00   1.85636e-09
       8900.00   1.89667e-09
       8920.00   1.85909e-09
       8940.00   1.89077e-09
       8960.00   1.80270e-09
       8980.00   1.71549e-09
       9000.00   1.70785e-09
       9020.00   1.84115e-09
       9040.00   2.01239e-09
       9060.00   1.94036e-09
       9080.00   1.75005e-09
       9100.00   1.72641e-09
       9120.00   1.69890e-09
       9140.00   1.55822e-09
       9160.00   1.61450e-09
       9180.00   1.69905e-09
       9200.00   1.73590e-09
       9220.00   1.74263e-09
       9240.00   1.65379e-09
       9260.00   1.70712e-09
       9280.00   1.93145e-09
       9300.00   1.66318e-09
       9320.00   1.41368e-09
       9340.00   1.29126e-09
       9360.00   1.29337e-09
       9380.00   1.73517e-09
       9400.00   2.01090e-09
       9420.00   1.74394e-09
       9440.00   1.64262e-09
       9460.00   1.62581e-09
       9480.00   1.76129e-09
       9500.00   1.73430e-09
       9520.00   1.73677e-09
       9540.00   1.68824e-09
       9560.00   1.74030e-09
       9580.00   1.62494e-09
       9600.00   1.53090e-09
       9620.00   1.49954e-09
       9640.00   1.53242e-09
       9660.00   1.58048e-09
       9680.00   1.62450e-09
       9700.00   1.60610e-09
       9720.00   1.60537e-09
       9740.00   1.48950e-09
       9760.00   1.41513e-09
       9780.00   1.41059e-09
       9800.00   1.50234e-09
       9820.00   1.43682e-09
       9840.00   1.49579e-09
       9860.00   1.44213e-09
       9880.00   1.50518e-09
       9900.00   1.48116e-09
       9920.00   1.46956e-09
       9940.00   1.44024e-09
       9960.00   1.45337e-09
       9980.00   1.43758e-09
       10000.0   1.41753e-09
       10020.0   1.46450e-09
       10040.0   1.37344e-09
       10060.0   1.32767e-09
       10080.0   1.34958e-09
       10100.0   1.37442e-09
       10120.0   1.36151e-09
       10140.0   1.31963e-09
       10160.0   1.33688e-09
       10180.0   1.31887e-09
       10200.0   1.30952e-09
       10220.0   1.34976e-09
       10240.0   1.28140e-09
       10260.0   1.30781e-09
       10280.0   1.37988e-09
       10300.0   1.35274e-09
       10320.0   1.28027e-09
       10340.0   1.32371e-09
       10360.0   1.35460e-09
       10380.0   1.35554e-09
       10400.0   1.33098e-09
       10420.0   1.35420e-09
       10440.0   1.35314e-09
       10460.0   1.29249e-09
       10480.0   1.27554e-09
       10500.0   1.39574e-09
       10520.0   1.28776e-09
       10540.0   1.28093e-09
       10560.0   1.27900e-09
       10580.0   1.25750e-09
       10600.0   1.28696e-09
       10800.0   1.24582e-09
       11000.0   1.19714e-09
       11200.0   1.14355e-09
       11400.0   1.08756e-09
       11600.0   1.03124e-09
       11800.0   9.76492e-10
       12000.0   9.24686e-10
       12200.0   8.76918e-10
       12400.0   8.34244e-10
       12600.0   7.95935e-10
       12800.0   7.63811e-10
       13000.0   7.31432e-10
       13200.0   7.05457e-10
       13400.0   6.79554e-10
       13600.0   6.50740e-10
       13800.0   6.24692e-10
       14000.0   6.01663e-10
       14200.0   5.81981e-10
       14400.0   5.62408e-10
       14600.0   5.42799e-10
       14800.0   5.23153e-10
       15000.0   5.03653e-10
       15200.0   4.84262e-10
       15400.0   4.66145e-10
       15600.0   4.50465e-10
       15800.0   4.35512e-10
       16000.0   4.25508e-10
       16200.0   4.18632e-10
       16400.0   4.05426e-10
       16600.0   3.86035e-10
       16800.0   3.72938e-10
       17000.0   3.58509e-10
       17200.0   3.42844e-10
       17400.0   3.29135e-10
       17600.0   3.14296e-10
       17800.0   3.01825e-10
       18000.0   2.89455e-10
       18200.0   2.79665e-10
       18400.0   2.69253e-10
       18600.0   2.59972e-10
       18800.0   2.50801e-10
       19000.0   2.41731e-10
       19200.0   2.31937e-10
       19400.0   2.24105e-10
       19600.0   2.16272e-10
       19800.0   2.08435e-10
       20000.0   2.01840e-10
       20200.0   1.95346e-10
       20400.0   1.88746e-10
       20600.0   1.81587e-10
       20800.0   1.75038e-10
       21000.0   1.68439e-10
       21200.0   1.61948e-10
       21400.0   1.57306e-10
       21600.0   1.51998e-10
       21800.0   1.47356e-10
       22000.0   1.42823e-10
       22200.0   1.38854e-10
       22400.0   1.34299e-10
       22600.0   1.30326e-10
       22800.0   1.26379e-10
       23000.0   1.22461e-10
       23200.0   1.18546e-10
       23400.0   1.15247e-10
       23600.0   1.12543e-10
       23800.0   1.08603e-10
       24000.0   1.05347e-10
       24200.0   1.02710e-10
       24400.0   9.94501e-11
       24600.0   9.61940e-11
       24800.0   9.35964e-11
       25000.0   9.03731e-11
       25200.0   8.83612e-11
       25400.0   8.57528e-11
       25600.0   8.31588e-11
