       229.000       0.00000
       234.000       0.00000
       243.000       0.00000
       252.000       0.00000
       256.000       0.00000
       260.000       0.00000
       266.000       0.00000
       275.000       0.00000
       283.000       0.00000
       293.000       0.00000
       301.000       0.00000
       309.000       0.00000
       325.000       0.00000
       342.000       0.00000
       351.000       0.00000
       356.000       0.00000
       365.000       0.00000
       375.000       0.00000
       384.000       0.00000
       400.000       0.00000
       415.000       0.00000
       425.000       0.00000
       445.000       0.00000
       472.000       0.00000
       494.000       0.00000
       506.000   1.81528e-28
       516.000   4.17981e-28
       540.000   2.61656e-27
       564.000   1.38701e-26
       587.000   6.08738e-26
       612.000   2.74875e-25
       640.000   1.34609e-24
       671.000   7.15549e-24
       705.000   4.08719e-23
       736.000   1.84831e-22
       770.000   8.80597e-22
       810.000   4.84132e-21
       850.000   2.30922e-20
       890.000   9.62793e-20
       920.000   8.69001e-18
       940.000   2.74871e-17
       962.000   4.83111e-17
       987.000   8.99633e-17
       1012.00   1.49382e-16
       1037.00   2.32920e-16
       1062.00   3.83593e-16
       1087.00   5.93131e-16
       1112.00   2.02087e-14
       1120.00   2.33835e-14
       1140.00   3.02393e-14
       1160.00   4.33625e-14
       1180.00   5.56591e-14
       1200.00   6.58297e-14
       1220.00   9.28989e-14
       1240.00   3.49212e-13
       1260.00   7.29954e-13
       1280.00   9.97801e-13
       1300.00   1.22998e-12
       1320.00   1.48693e-12
       1340.00   1.79420e-12
       1360.00   2.07499e-12
       1380.00   2.46139e-12
       1400.00   2.96179e-12
       1420.00   3.49329e-12
       1440.00   4.22175e-12
       1460.00   5.30262e-12
       1480.00   6.05967e-12
       1500.00   7.31923e-12
       1520.00   8.95695e-11
       1540.00   1.39175e-10
       1560.00   9.15277e-11
       1580.00   1.40721e-10
       1600.00   1.65249e-10
       1620.00   1.66656e-10
       1640.00   2.29208e-10
       1660.00   2.94173e-10
       1680.00   4.34464e-10
       1700.00   5.46125e-10
       1720.00   9.42007e-10
       1740.00   1.14502e-09
       1760.00   1.40488e-09
       1780.00   1.47982e-09
       1800.00   1.80463e-09
       1820.00   1.76626e-09
       1840.00   1.56708e-09
       1860.00   1.54294e-09
       1880.00   1.85134e-09
       1900.00   1.72141e-09
       1920.00   1.75408e-09
       1940.00   1.78231e-09
       1960.00   1.95709e-09
       1980.00   1.91042e-09
       2000.00   1.66861e-09
       2002.50   1.66000e-09
       2005.00   1.65139e-09
       2007.50   1.64279e-09
       2010.00   1.63418e-09
       2012.50   1.62561e-09
       2015.00   1.61701e-09
       2017.50   1.60840e-09
       2020.00   1.59979e-09
       2022.50   1.61879e-09
       2025.00   1.63779e-09
       2027.50   1.65679e-09
       2030.00   1.67583e-09
       2032.50   1.69483e-09
       2035.00   1.71382e-09
       2037.50   1.73282e-09
       2040.00   1.75186e-09
       2042.50   1.75616e-09
       2045.00   1.76047e-09
       2047.50   1.76481e-09
       2050.00   1.76911e-09
       2052.50   1.77341e-09
       2055.00   1.77771e-09
       2057.50   1.78205e-09
       2060.00   1.78636e-09
       2062.50   1.79981e-09
       2065.00   1.81327e-09
       2067.50   1.82673e-09
       2070.00   1.84015e-09
       2072.50   1.85360e-09
       2075.00   1.86706e-09
       2077.50   1.88051e-09
       2080.00   1.89397e-09
       2082.50   1.88963e-09
       2085.00   1.88533e-09
       2087.50   1.88102e-09
       2090.00   1.87672e-09
       2092.50   1.87238e-09
       2095.00   1.86808e-09
       2097.50   1.86378e-09
       2100.00   1.85944e-09
       2102.50   1.84500e-09
       2105.00   1.83055e-09
       2107.50   1.81611e-09
       2110.00   1.80167e-09
       2112.50   1.78723e-09
       2115.00   1.77283e-09
       2117.50   1.75839e-09
       2120.00   1.74395e-09
       2122.50   1.73224e-09
       2125.00   1.72053e-09
       2127.50   1.70883e-09
       2130.00   1.69712e-09
       2132.50   1.68545e-09
       2135.00   1.67375e-09
       2137.50   1.66204e-09
       2140.00   1.65034e-09
       2142.50   1.64403e-09
       2145.00   1.63772e-09
       2147.50   1.63137e-09
       2150.00   1.62506e-09
       2152.50   1.61876e-09
       2155.00   1.61241e-09
       2157.50   1.60610e-09
       2160.00   1.59979e-09
       2162.50   1.59979e-09
       2165.00   1.59979e-09
       2167.50   1.59979e-09
       2170.00   1.59979e-09
       2172.50   1.59979e-09
       2175.00   1.59979e-09
       2177.50   1.59979e-09
       2180.00   1.59979e-09
       2182.50   1.61934e-09
       2185.00   1.63889e-09
       2187.50   1.65840e-09
       2190.00   1.67794e-09
       2192.50   1.69749e-09
       2195.00   1.71703e-09
       2197.50   1.73658e-09
       2200.00   1.75613e-09
       2202.50   1.75839e-09
       2205.00   1.76061e-09
       2207.50   1.76287e-09
       2210.00   1.76513e-09
       2212.50   1.76739e-09
       2215.00   1.76966e-09
       2217.50   1.77192e-09
       2220.00   1.77418e-09
       2222.50   1.76583e-09
       2225.00   1.75748e-09
       2227.50   1.74912e-09
       2230.00   1.74077e-09
       2232.50   1.73242e-09
       2235.00   1.72407e-09
       2237.50   1.71572e-09
       2240.00   1.70737e-09
       2242.50   1.69267e-09
       2245.00   1.67794e-09
       2247.50   1.66325e-09
       2250.00   1.64851e-09
       2252.50   1.63378e-09
       2255.00   1.61908e-09
       2257.50   1.60435e-09
       2260.00   1.58962e-09
       2262.50   1.58404e-09
       2265.00   1.57842e-09
       2267.50   1.57281e-09
       2270.00   1.56719e-09
       2272.50   1.56161e-09
       2275.00   1.55600e-09
       2277.50   1.55038e-09
       2280.00   1.54477e-09
       2282.50   1.56307e-09
       2285.00   1.58138e-09
       2287.50   1.59965e-09
       2290.00   1.61795e-09
       2292.50   1.63626e-09
       2295.00   1.65457e-09
       2297.50   1.67284e-09
       2300.00   1.69114e-09
       2302.50   1.67718e-09
       2305.00   1.66317e-09
       2307.50   1.64921e-09
       2310.00   1.63520e-09
       2312.50   1.62124e-09
       2315.00   1.60723e-09
       2317.50   1.59327e-09
       2320.00   1.57926e-09
       2322.50   1.56227e-09
       2325.00   1.54528e-09
       2327.50   1.52828e-09
       2330.00   1.51125e-09
       2332.50   1.49426e-09
       2335.00   1.47727e-09
       2337.50   1.46027e-09
       2340.00   1.44324e-09
       2342.50   1.42526e-09
       2345.00   1.40729e-09
       2347.50   1.38927e-09
       2350.00   1.37129e-09
       2352.50   1.35332e-09
       2355.00   1.33530e-09
       2357.50   1.31732e-09
       2360.00   1.29931e-09
       2362.50   1.30336e-09
       2365.00   1.30740e-09
       2367.50   1.31141e-09
       2370.00   1.31546e-09
       2372.50   1.31951e-09
       2375.00   1.32352e-09
       2377.50   1.32757e-09
       2380.00   1.33158e-09
       2382.50   1.31284e-09
       2385.00   1.29409e-09
       2387.50   1.27535e-09
       2390.00   1.25657e-09
       2392.50   1.23783e-09
       2395.00   1.21908e-09
       2397.50   1.20034e-09
       2400.00   1.18156e-09
       2402.50   1.18943e-09
       2405.00   1.19731e-09
       2407.50   1.20519e-09
       2410.00   1.21303e-09
       2412.50   1.22090e-09
       2415.00   1.22878e-09
       2417.50   1.23662e-09
       2420.00   1.24450e-09
       2422.50   1.27291e-09
       2425.00   1.30135e-09
       2427.50   1.32976e-09
       2430.00   1.35820e-09
       2432.50   1.38661e-09
       2435.00   1.41505e-09
       2437.50   1.44346e-09
       2440.00   1.47187e-09
       2442.50   1.47515e-09
       2445.00   1.47843e-09
       2447.50   1.48171e-09
       2450.00   1.48500e-09
       2452.50   1.48824e-09
       2455.00   1.49152e-09
       2457.50   1.49481e-09
       2460.00   1.49809e-09
       2462.50   1.48842e-09
       2465.00   1.47880e-09
       2467.50   1.46913e-09
       2470.00   1.45951e-09
       2472.50   1.44984e-09
       2475.00   1.44022e-09
       2477.50   1.43059e-09
       2480.00   1.42092e-09
       2482.50   1.43566e-09
       2485.00   1.45035e-09
       2487.50   1.46509e-09
       2490.00   1.47982e-09
       2492.50   1.49451e-09
       2495.00   1.50925e-09
       2497.50   1.52394e-09
       2500.00   1.53868e-09
       2502.50   1.52296e-09
       2505.00   1.50720e-09
       2507.50   1.49149e-09
       2510.00   1.47573e-09
       2512.50   1.46002e-09
       2515.00   1.44426e-09
       2517.50   1.42855e-09
       2520.00   1.41279e-09
       2522.50   1.38668e-09
       2525.00   1.36057e-09
       2527.50   1.33446e-09
       2530.00   1.30835e-09
       2532.50   1.28224e-09
       2535.00   1.25613e-09
       2537.50   1.23002e-09
       2540.00   1.20391e-09
       2542.50   1.22061e-09
       2545.00   1.23735e-09
       2547.50   1.25405e-09
       2550.00   1.27079e-09
       2552.50   1.28753e-09
       2555.00   1.30423e-09
       2557.50   1.32097e-09
       2560.00   1.33767e-09
       2562.50   1.37224e-09
       2565.00   1.40678e-09
       2567.50   1.44131e-09
       2570.00   1.47584e-09
       2572.50   1.51038e-09
       2575.00   1.54491e-09
       2577.50   1.57945e-09
       2580.00   1.61398e-09
       2582.50   1.60563e-09
       2585.00   1.59724e-09
       2587.50   1.58889e-09
       2590.00   1.58050e-09
       2592.50   1.57212e-09
       2595.00   1.56376e-09
       2597.50   1.55538e-09
       2600.00   1.54699e-09
       2602.50   1.53200e-09
       2605.00   1.51701e-09
       2607.50   1.50199e-09
       2610.00   1.48700e-09
       2612.50   1.47201e-09
       2615.00   1.45703e-09
       2617.50   1.44200e-09
       2620.00   1.42701e-09
       2622.50   1.46534e-09
       2625.00   1.50367e-09
       2627.50   1.54199e-09
       2630.00   1.58028e-09
       2632.50   1.61861e-09
       2635.00   1.65694e-09
       2637.50   1.69526e-09
       2640.00   1.73359e-09
       2642.50   1.78081e-09
       2645.00   1.82804e-09
       2647.50   1.87526e-09
       2650.00   1.92249e-09
       2652.50   1.96971e-09
       2655.00   2.01694e-09
       2657.50   2.06416e-09
       2660.00   2.11138e-09
       2662.50   2.09107e-09
       2665.00   2.07080e-09
       2667.50   2.05049e-09
       2670.00   2.03017e-09
       2672.50   2.00990e-09
       2675.00   1.98959e-09
       2677.50   1.96927e-09
       2680.00   1.94896e-09
       2682.50   1.94462e-09
       2685.00   1.94028e-09
       2687.50   1.93594e-09
       2690.00   1.93160e-09
       2692.50   1.92726e-09
       2695.00   1.92292e-09
       2697.50   1.91859e-09
       2700.00   1.91425e-09
       2702.50   1.91275e-09
       2705.00   1.91122e-09
       2707.50   1.90969e-09
       2710.00   1.90816e-09
       2712.50   1.90666e-09
       2715.00   1.90513e-09
       2717.50   1.90360e-09
       2720.00   1.90207e-09
       2722.50   1.89598e-09
       2725.00   1.88989e-09
       2727.50   1.88380e-09
       2730.00   1.87771e-09
       2732.50   1.87162e-09
       2735.00   1.86553e-09
       2737.50   1.85944e-09
       2740.00   1.85335e-09
       2742.50   1.81735e-09
       2745.00   1.78132e-09
       2747.50   1.74533e-09
       2750.00   1.70930e-09
       2752.50   1.67331e-09
       2755.00   1.63728e-09
       2757.50   1.60129e-09
       2760.00   1.56526e-09
       2762.50   1.59775e-09
       2765.00   1.63024e-09
       2767.50   1.66273e-09
       2770.00   1.69519e-09
       2772.50   1.72768e-09
       2775.00   1.76017e-09
       2777.50   1.79267e-09
       2780.00   1.82512e-09
       2782.50   1.74923e-09
       2785.00   1.67335e-09
       2787.50   1.59742e-09
       2790.00   1.52154e-09
       2792.50   1.44561e-09
       2795.00   1.36973e-09
       2797.50   1.29380e-09
       2800.00   1.21791e-09
       2802.50   1.30343e-09
       2805.00   1.38894e-09
       2807.50   1.47446e-09
       2810.00   1.56001e-09
       2812.50   1.64552e-09
       2815.00   1.73104e-09
       2817.50   1.81655e-09
       2820.00   1.90207e-09
       2822.50   1.92570e-09
       2825.00   1.94933e-09
       2827.50   1.97296e-09
       2830.00   1.99659e-09
       2832.50   2.02022e-09
       2835.00   2.04385e-09
       2837.50   2.06748e-09
       2840.00   2.09107e-09
       2842.50   2.07131e-09
       2845.00   2.05151e-09
       2847.50   2.03171e-09
       2850.00   2.01190e-09
       2852.50   1.99214e-09
       2855.00   1.97234e-09
       2857.50   1.95254e-09
       2860.00   1.93273e-09
       2862.50   1.93828e-09
       2865.00   1.94386e-09
       2867.50   1.94940e-09
       2870.00   1.95498e-09
       2872.50   1.96052e-09
       2875.00   1.96610e-09
       2877.50   1.97164e-09
       2880.00   1.97719e-09
       2882.50   1.99878e-09
       2885.00   2.02040e-09
       2887.50   2.04199e-09
       2890.00   2.06358e-09
       2892.50   2.08517e-09
       2895.00   2.10679e-09
       2897.50   2.12838e-09
       2900.00   2.14997e-09
       2902.50   2.16291e-09
       2905.00   2.17586e-09
       2907.50   2.18880e-09
       2910.00   2.20175e-09
       2912.50   2.21466e-09
       2915.00   2.22764e-09
       2917.50   2.24055e-09
       2920.00   2.25350e-09
       2922.50   2.23322e-09
       2925.00   2.21291e-09
       2927.50   2.19260e-09
       2930.00   2.17228e-09
       2932.50   2.15201e-09
       2935.00   2.13170e-09
       2937.50   2.11138e-09
       2940.00   2.09107e-09
       2942.50   2.09844e-09
       2945.00   2.10581e-09
       2947.50   2.11317e-09
       2950.00   2.12054e-09
       2952.50   2.12790e-09
       2955.00   2.13523e-09
       2957.50   2.14260e-09
       2960.00   2.14997e-09
       2962.50   2.15759e-09
       2965.00   2.16517e-09
       2967.50   2.17279e-09
       2970.00   2.18042e-09
       2972.50   2.18804e-09
       2975.00   2.19566e-09
       2977.50   2.20324e-09
       2980.00   2.21087e-09
       2982.50   2.22381e-09
       2985.00   2.23676e-09
       2987.50   2.24970e-09
       2990.00   2.26265e-09
       2992.50   2.27559e-09
       2995.00   2.28854e-09
       2997.50   2.30145e-09
       3000.00   2.31439e-09
       3002.50   2.32683e-09
       3005.00   2.33926e-09
       3007.50   2.35170e-09
       3010.00   2.36414e-09
       3012.50   2.37657e-09
       3015.00   2.38901e-09
       3017.50   2.40144e-09
       3020.00   2.41388e-09
       3022.50   2.41920e-09
       3025.00   2.42456e-09
       3027.50   2.42988e-09
       3030.00   2.43521e-09
       3032.50   2.44053e-09
       3035.00   2.44586e-09
       3037.50   2.45118e-09
       3040.00   2.45651e-09
       3042.50   2.45373e-09
       3045.00   2.45093e-09
       3047.50   2.44815e-09
       3050.00   2.44535e-09
       3052.50   2.44258e-09
       3055.00   2.43977e-09
       3057.50   2.43700e-09
       3060.00   2.43419e-09
       3062.50   2.44458e-09
       3065.00   2.45501e-09
       3067.50   2.46540e-09
       3070.00   2.47580e-09
       3072.50   2.48623e-09
       3075.00   2.49662e-09
       3077.50   2.50701e-09
       3080.00   2.51744e-09
       3082.50   2.51463e-09
       3085.00   2.51186e-09
       3087.50   2.50905e-09
       3090.00   2.50628e-09
       3092.50   2.50347e-09
       3095.00   2.50067e-09
       3097.50   2.49790e-09
       3100.00   2.49509e-09
       3102.50   2.50041e-09
       3105.00   2.50577e-09
       3107.50   2.51110e-09
       3110.00   2.51642e-09
       3112.50   2.52174e-09
       3115.00   2.52707e-09
       3117.50   2.53239e-09
       3120.00   2.53772e-09
       3122.50   2.53239e-09
       3125.00   2.52707e-09
       3127.50   2.52174e-09
       3130.00   2.51642e-09
       3132.50   2.51110e-09
       3135.00   2.50577e-09
       3137.50   2.50041e-09
       3140.00   2.49509e-09
       3142.50   2.50271e-09
       3145.00   2.51033e-09
       3147.50   2.51795e-09
       3150.00   2.52554e-09
       3152.50   2.53316e-09
       3155.00   2.54078e-09
       3157.50   2.54840e-09
       3160.00   2.55599e-09
       3162.50   2.55854e-09
       3165.00   2.56109e-09
       3167.50   2.56361e-09
       3170.00   2.56616e-09
       3172.50   2.56868e-09
       3175.00   2.57123e-09
       3177.50   2.57378e-09
       3180.00   2.57630e-09
       3182.50   2.58162e-09
       3185.00   2.58695e-09
       3187.50   2.59231e-09
       3190.00   2.59763e-09
       3192.50   2.60296e-09
       3195.00   2.60828e-09
       3197.50   2.61360e-09
       3200.00   2.61893e-09
       3202.50   2.61109e-09
       3205.00   2.60321e-09
       3207.50   2.59533e-09
       3210.00   2.58746e-09
       3212.50   2.57962e-09
       3215.00   2.57174e-09
       3217.50   2.56386e-09
       3220.00   2.55599e-09
       3222.50   2.54840e-09
       3225.00   2.54078e-09
       3227.50   2.53316e-09
       3230.00   2.52554e-09
       3232.50   2.51795e-09
       3235.00   2.51033e-09
       3237.50   2.50271e-09
       3240.00   2.49509e-09
       3260.00   2.74423e-09
       3270.00   2.75298e-09
       3280.00   2.39812e-09
       3290.00   2.50909e-09
       3300.00   2.73230e-09
       3310.00   2.63880e-09
       3320.00   2.61302e-09
       3330.00   2.62203e-09
       3340.00   2.53071e-09
       3350.00   2.61918e-09
       3360.00   2.62006e-09
       3370.00   2.54858e-09
       3380.00   2.51245e-09
       3390.00   2.64445e-09
       3400.00   2.64595e-09
       3410.00   2.63235e-09
       3420.00   2.59825e-09
       3430.00   2.67250e-09
       3440.00   2.62185e-09
       3450.00   2.62965e-09
       3460.00   2.64004e-09
       3470.00   2.63950e-09
       3480.00   2.67494e-09
       3490.00   2.56882e-09
       3500.00   2.59355e-09
       3510.00   2.72016e-09
       3520.00   2.71356e-09
       3530.00   2.73165e-09
       3540.00   2.84298e-09
       3550.00   2.88699e-09
       3560.00   2.78084e-09
       3570.00   2.73267e-09
       3580.00   2.55755e-09
       3590.00   2.64533e-09
       3600.00   2.68814e-09
       3610.00   2.67749e-09
       3620.00   2.61255e-09
       3630.00   2.59482e-09
       3640.00   2.61032e-09
       3650.00   2.65689e-09
       3660.00   2.69802e-09
       3670.00   2.76388e-09
       3680.00   2.67443e-09
       3690.00   2.65591e-09
       3700.00   2.72486e-09
       3710.00   2.83514e-09
       3720.00   2.93075e-09
       3730.00   2.97017e-09
       3740.00   3.16111e-09
       3750.00   3.28521e-09
       3760.00   3.44986e-09
       3770.00   3.40234e-09
       3780.00   3.84067e-09
       3790.00   4.12766e-09
       3800.00   3.63405e-09
       3810.00   4.19695e-09
       3820.00   4.61851e-09
       3830.00   3.78196e-09
       3840.00   3.45992e-09
       3850.00   4.52260e-09
       3860.00   5.34018e-09
       3870.00   5.31794e-09
       3880.00   4.56782e-09
       3890.00   3.59241e-09
       3900.00   3.95700e-09
       3910.00   5.19395e-09
       3920.00   5.63082e-09
       3930.00   4.54193e-09
       3940.00   4.36214e-09
       3950.00   5.34419e-09
       3960.00   4.89237e-09
       3970.00   3.57764e-09
       3980.00   4.40627e-09
       3990.00   5.82993e-09
       4000.00   6.26716e-09
       4010.00   6.37438e-09
       4020.00   6.56546e-09
       4030.00   6.37729e-09
       4040.00   6.26242e-09
       4050.00   6.36854e-09
       4060.00   6.36635e-09
       4070.00   6.04545e-09
       4080.00   5.78617e-09
       4090.00   5.33106e-09
       4100.00   4.22175e-09
       4110.00   4.33881e-09
       4120.00   5.55388e-09
       4130.00   5.95063e-09
       4140.00   6.20918e-09
       4150.00   6.13406e-09
       4160.00   6.08046e-09
       4170.00   5.94225e-09
       4180.00   5.84306e-09
       4190.00   6.08848e-09
       4200.00   6.03524e-09
       4210.00   5.99366e-09
       4220.00   5.98929e-09
       4230.00   5.90031e-09
       4240.00   5.96960e-09
       4250.00   5.99439e-09
       4260.00   5.98929e-09
       4270.00   5.95100e-09
       4280.00   5.84670e-09
       4290.00   5.63884e-09
       4300.00   5.33799e-09
       4310.00   5.29679e-09
       4320.00   5.28256e-09
       4330.00   4.61304e-09
       4340.00   3.76737e-09
       4350.00   4.23378e-09
       4360.00   5.30590e-09
       4370.00   5.54294e-09
       4380.00   5.41020e-09
       4390.00   5.38905e-09
       4400.00   5.37592e-09
       4410.00   5.36717e-09
       4420.00   5.43937e-09
       4430.00   5.47511e-09
       4440.00   5.39051e-09
       4450.00   5.38358e-09
       4460.00   5.33909e-09
       4470.00   5.32705e-09
       4480.00   5.42077e-09
       4490.00   5.37337e-09
       4500.00   5.42624e-09
       4510.00   5.46125e-09
       4520.00   5.36753e-09
       4530.00   5.23078e-09
       4540.00   5.28074e-09
       4550.00   5.25667e-09
       4560.00   5.13706e-09
       4570.00   5.35550e-09
       4580.00   5.25923e-09
       4590.00   5.16368e-09
       4600.00   5.30663e-09
       4610.00   5.27855e-09
       4620.00   5.33836e-09
       4630.00   5.24318e-09
       4640.00   5.28730e-09
       4650.00   5.24938e-09
       4660.00   5.16077e-09
       4670.00   5.19906e-09
       4680.00   5.27199e-09
       4690.00   5.28949e-09
       4700.00   5.17790e-09
       4710.00   5.11081e-09
       4720.00   5.20781e-09
       4730.00   5.19067e-09
       4740.00   5.15420e-09
       4750.00   5.14217e-09
       4760.00   5.05756e-09
       4770.00   4.99812e-09
       4780.00   5.09221e-09
       4790.00   5.09476e-09
       4800.00   5.02620e-09
       4810.00   4.97661e-09
       4820.00   4.92300e-09
       4830.00   4.78042e-09
       4840.00   4.60137e-09
       4850.00   4.02738e-09
       4860.00   3.30013e-09
       4870.00   3.46485e-09
       4880.00   4.26551e-09
       4890.00   4.51859e-09
       4900.00   4.63565e-09
       4910.00   4.65753e-09
       4920.00   4.55287e-09
       4930.00   4.53463e-09
       4940.00   4.58350e-09
       4950.00   4.57839e-09
       4960.00   4.57329e-09
       4970.00   4.58131e-09
       4980.00   4.48358e-09
       4990.00   4.46133e-09
       5000.00   4.39971e-09
       5010.00   4.29213e-09
       5020.00   4.32823e-09
       5030.00   4.36907e-09
       5040.00   4.29395e-09
       5050.00   4.25384e-09
       5060.00   4.29176e-09
       5070.00   4.25384e-09
       5080.00   4.25384e-09
       5090.00   4.29176e-09
       5100.00   4.25822e-09
       5110.00   4.24983e-09
       5120.00   4.15647e-09
       5130.00   4.11818e-09
       5140.00   4.16304e-09
       5150.00   4.12730e-09
       5160.00   4.06677e-09
       5170.00   4.00404e-09
       5180.00   3.97414e-09
       5190.00   3.99638e-09
       5200.00   3.95773e-09
       5210.00   4.00003e-09
       5220.00   4.00295e-09
       5230.00   3.88115e-09
       5240.00   3.94715e-09
       5250.00   4.02629e-09
       5260.00   3.87568e-09
       5270.00   3.71960e-09
       5280.00   3.85489e-09
       5290.00   3.93439e-09
       5300.00   3.92345e-09
       5310.00   3.83228e-09
       5320.00   3.83265e-09
       5330.00   3.76446e-09
       5340.00   3.73528e-09
       5350.00   3.80931e-09
       5360.00   3.81697e-09
       5370.00   3.76883e-09
       5380.00   3.78415e-09
       5390.00   3.75972e-09
       5400.00   3.75023e-09
       5410.00   3.67037e-09
       5420.00   3.81113e-09
       5430.00   3.88297e-09
       5440.00   3.83921e-09
       5450.00   3.83228e-09
       5460.00   3.83301e-09
       5470.00   3.76373e-09
       5480.00   3.68459e-09
       5490.00   3.72544e-09
       5500.00   3.74805e-09
       5510.00   3.71997e-09
       5520.00   3.68496e-09
       5530.00   3.68605e-09
       5540.00   3.69809e-09
       5550.00   3.69918e-09
       5560.00   3.67511e-09
       5570.00   3.65506e-09
       5580.00   3.63445e-09
       5590.00   3.58292e-09
       5600.00   3.53876e-09
       5610.00   3.57133e-09
       5620.00   3.54132e-09
       5630.00   3.52531e-09
       5640.00   3.51626e-09
       5650.00   3.53811e-09
       5660.00   3.47436e-09
       5670.00   3.42809e-09
       5680.00   3.42962e-09
       5690.00   3.47163e-09
       5700.00   3.41230e-09
       5710.00   3.49803e-09
       5720.00   3.31891e-09
       5730.00   3.48363e-09
       5740.00   3.29681e-09
       5760.00   3.21483e-09
       5780.00   3.18216e-09
       5800.00   3.14460e-09
       5820.00   3.10718e-09
       5840.00   3.12833e-09
       5860.00   3.06492e-09
       5880.00   3.04665e-09
       5900.00   3.04774e-09
       5920.00   3.10346e-09
       5940.00   3.10802e-09
       5960.00   3.06470e-09
       5980.00   3.04730e-09
       6000.00   3.01211e-09
       6020.00   3.02024e-09
       6040.00   2.98706e-09
       6060.00   2.97335e-09
       6080.00   2.98728e-09
       6100.00   2.96770e-09
       6120.00   2.93375e-09
       6140.00   2.87489e-09
       6160.00   2.78230e-09
       6180.00   2.81224e-09
       6200.00   2.82774e-09
       6220.00   2.79258e-09
       6240.00   2.76910e-09
       6260.00   2.76487e-09
       6280.00   2.78894e-09
       6300.00   2.76574e-09
       6320.00   2.73070e-09
       6340.00   2.68843e-09
       6360.00   2.66994e-09
       6380.00   2.66535e-09
       6400.00   2.62757e-09
       6420.00   2.56576e-09
       6440.00   2.56835e-09
       6460.00   2.50628e-09
       6480.00   2.50858e-09
       6500.00   2.47266e-09
       6520.00   2.47944e-09
       6540.00   2.36465e-09
       6560.00   2.08294e-09
       6580.00   2.14165e-09
       6600.00   2.37591e-09
       6620.00   2.43583e-09
       6640.00   2.44976e-09
       6660.00   2.41800e-09
       6680.00   2.40676e-09
       6700.00   2.37508e-09
       6720.00   2.36702e-09
       6740.00   2.37205e-09
       6760.00   2.35181e-09
       6780.00   2.33555e-09
       6800.00   2.29007e-09
       6820.00   2.29671e-09
       6840.00   2.38835e-09
       6860.00   2.23110e-09
       6880.00   2.13622e-09
       6900.00   2.14318e-09
       6920.00   2.18505e-09
       6940.00   2.17976e-09
       6960.00   2.19008e-09
       6980.00   2.16295e-09
       7000.00   2.13717e-09
       7020.00   2.11255e-09
       7040.00   2.10125e-09
       7060.00   2.13531e-09
       7080.00   2.10949e-09
       7100.00   2.11478e-09
       7120.00   2.07678e-09
       7140.00   2.06321e-09
       7160.00   2.10150e-09
       7180.00   2.06941e-09
       7200.00   1.97701e-09
       7220.00   1.99360e-09
       7240.00   1.94812e-09
       7260.00   1.92096e-09
       7280.00   1.93729e-09
       7300.00   1.93244e-09
       7320.00   1.90389e-09
       7340.00   1.90028e-09
       7360.00   1.90513e-09
       7380.00   1.90163e-09
       7400.00   1.88657e-09
       7420.00   1.86348e-09
       7440.00   1.85408e-09
       7460.00   1.85754e-09
       7480.00   1.82549e-09
       7500.00   1.82414e-09
       7520.00   1.75886e-09
       7540.00   1.74125e-09
       7560.00   1.69103e-09
       7580.00   1.74464e-09
       7600.00   1.53160e-09
       7620.00   1.45637e-09
       7640.00   1.60548e-09
       7660.00   1.68487e-09
       7680.00   1.59549e-09
       7700.00   1.70143e-09
       7720.00   1.69023e-09
       7740.00   1.68717e-09
       7760.00   1.68593e-09
       7780.00   1.65340e-09
       7800.00   1.63484e-09
       7820.00   1.67254e-09
       7840.00   1.61675e-09
       7860.00   1.63072e-09
       7880.00   1.58947e-09
       7900.00   1.59020e-09
       7920.00   1.55425e-09
       7940.00   1.54728e-09
       7960.00   1.53919e-09
       7980.00   1.53200e-09
       8000.00   1.52296e-09
       8020.00   1.50447e-09
       8040.00   1.51836e-09
       8060.00   1.50527e-09
       8080.00   1.47584e-09
       8100.00   1.50330e-09
       8120.00   1.48394e-09
       8140.00   1.49616e-09
       8160.00   1.49805e-09
       8180.00   1.42311e-09
       8200.00   1.43653e-09
       8220.00   1.42242e-09
       8240.00   1.42264e-09
       8260.00   1.47067e-09
       8280.00   1.41658e-09
       8300.00   1.48102e-09
       8320.00   1.39113e-09
       8340.00   1.38023e-09
       8360.00   1.44226e-09
       8380.00   1.41480e-09
       8400.00   1.41677e-09
       8420.00   1.41454e-09
       8440.00   1.38001e-09
       8460.00   1.31929e-09
       8480.00   1.39748e-09
       8500.00   1.35226e-09
       8520.00   1.35977e-09
       8540.00   1.36287e-09
       8560.00   1.24304e-09
       8580.00   1.34799e-09
       8600.00   1.26456e-09
       8620.00   1.36838e-09
       8640.00   1.37775e-09
       8660.00   1.23717e-09
       8680.00   1.28352e-09
       8700.00   1.38588e-09
       8720.00   1.35113e-09
       8740.00   1.21733e-09
       8760.00   1.19377e-09
       8780.00   1.26197e-09
       8800.00   1.28622e-09
       8820.00   1.32279e-09
       8840.00   1.20045e-09
       8860.00   1.16726e-09
       8880.00   1.16730e-09
       8900.00   1.27407e-09
       8920.00   1.23976e-09
       8940.00   1.23571e-09
       8960.00   1.25394e-09
       8980.00   1.30011e-09
       9000.00   1.11880e-09
       9020.00   1.08718e-09
       9040.00   1.23239e-09
       9060.00   1.22360e-09
       9080.00   1.16971e-09
       9100.00   1.18046e-09
       9120.00   1.13076e-09
       9140.00   1.15691e-09
       9160.00   1.12576e-09
       9180.00   1.17153e-09
       9200.00   1.15468e-09
       9220.00   1.02504e-09
       9240.00   9.89195e-10
       9260.00   1.05786e-09
       9280.00   1.15406e-09
       9300.00   1.09984e-09
       9320.00   1.06246e-09
       9340.00   1.08955e-09
       9360.00   1.12131e-09
       9380.00   1.02088e-09
       9400.00   1.11300e-09
       9420.00   1.05917e-09
       9440.00   9.71071e-10
       9460.00   1.06049e-09
       9480.00   9.53276e-10
       9500.00   1.03788e-09
       9520.00   9.74900e-10
       9540.00   9.28187e-10
       9560.00   9.24686e-10
       9580.00   1.01356e-09
       9600.00   1.00568e-09
       9620.00   1.01556e-09
       9640.00   9.61845e-10
       9660.00   1.05414e-09
       9680.00   1.00794e-09
       9700.00   9.66513e-10
       9720.00   9.96270e-10
       9740.00   9.91055e-10
       9760.00   9.63523e-10
       9780.00   9.90508e-10
       9800.00   9.74718e-10
       9820.00   9.68154e-10
       9840.00   9.77562e-10
       9860.00   1.01159e-09
       9880.00   1.00717e-09
       9900.00   9.46201e-10
       9920.00   9.67425e-10
       9940.00   9.71327e-10
       9960.00   9.83981e-10
       9980.00   9.85877e-10
       10000.0   9.50942e-10
       10020.0   9.33584e-10
       10040.0   8.58717e-10
       10060.0   7.86659e-10
       10080.0   8.39937e-10
       10100.0   8.27174e-10
       10120.0   9.01967e-10
       10140.0   8.42380e-10
       10160.0   8.59957e-10
       10180.0   8.47486e-10
       10200.0   8.70095e-10
       10220.0   8.51278e-10
       10240.0   8.87854e-10
       10260.0   9.09880e-10
       10280.0   8.96315e-10
       10300.0   8.51716e-10
       10320.0   8.19005e-10
       10340.0   8.43183e-10
       10360.0   8.45772e-10
       10380.0   8.77790e-10
       10400.0   8.17802e-10
       10420.0   8.16890e-10
       10440.0   7.99569e-10
       10460.0   7.81189e-10
       10480.0   7.27255e-10
       10500.0   8.19078e-10
       10520.0   7.79439e-10
       10540.0   8.25898e-10
       10560.0   7.73057e-10
       10580.0   7.58799e-10
       10600.0   7.74224e-10
       10800.0   7.38159e-10
       11000.0   7.03041e-10
       11200.0   6.68799e-10
       11400.0   6.35396e-10
       11600.0   6.02867e-10
       11800.0   5.71178e-10
       12000.0   5.40327e-10
       12200.0   5.10315e-10
       12400.0   4.81141e-10
       12600.0   4.55505e-10
       12800.0   4.17398e-10
       13000.0   4.11636e-10
       13200.0   3.93074e-10
       13400.0   3.74513e-10
       13600.0   3.56283e-10
       13800.0   3.39742e-10
       14000.0   3.24889e-10
       14200.0   3.10718e-10
       14400.0   2.96551e-10
       14600.0   2.84396e-10
       14800.0   2.72242e-10
       15000.0   2.60091e-10
       15200.0   2.48947e-10
       15400.0   2.38076e-10
       15600.0   2.28759e-10
       15800.0   2.20583e-10
       16000.0   2.14508e-10
       16200.0   2.06081e-10
       16400.0   1.97307e-10
       16600.0   1.91213e-10
       16800.0   1.79409e-10
       17000.0   1.75412e-10
       17200.0   1.69122e-10
       17400.0   1.59199e-10
       17600.0   1.55067e-10
       17800.0   1.50166e-10
       18000.0   1.43945e-10
       18200.0   1.34741e-10
       18400.0   1.32768e-10
       18600.0   1.28242e-10
       18800.0   1.19676e-10
       19000.0   1.18787e-10
       19200.0   1.14221e-10
       19400.0   1.08554e-10
       19600.0   1.05713e-10
       19800.0   1.02770e-10
       20000.0   9.86861e-11
       20200.0   9.52072e-11
       20400.0   9.18304e-11
       20600.0   8.84135e-11
       20800.0   8.53393e-11
       21000.0   8.21631e-11
       21200.0   7.91911e-11
       21400.0   7.66238e-11
       21600.0   7.23061e-11
       21800.0   7.07490e-11
       22000.0   6.92940e-11
       22200.0   6.71680e-11
       22400.0   6.50055e-11
       22600.0   6.29780e-11
       22800.0   6.10525e-11
       23000.0   5.92255e-11
       23200.0   5.74022e-11
       23400.0   5.57138e-11
       23600.0   5.41603e-11
       23800.0   5.24354e-11
       24000.0   5.08491e-11
       24200.0   4.94962e-11
       24400.0   4.79099e-11
       24600.0   4.65242e-11
       24800.0   4.51713e-11
       25000.0   4.37856e-11
       25200.0   4.25712e-11
       25400.0   4.13204e-11
       25600.0   4.00696e-11
