       229.000       0.00000
       234.000       0.00000
       243.000       0.00000
       252.000       0.00000
       256.000       0.00000
       260.000       0.00000
       266.000       0.00000
       275.000       0.00000
       283.000       0.00000
       293.000       0.00000
       301.000       0.00000
       309.000       0.00000
       325.000       0.00000
       342.000       0.00000
       351.000       0.00000
       356.000       0.00000
       365.000       0.00000
       375.000       0.00000
       384.000       0.00000
       400.000       0.00000
       415.000       0.00000
       425.000       0.00000
       445.000       0.00000
       472.000       0.00000
       494.000       0.00000
       506.000       0.00000
       516.000       0.00000
       540.000       0.00000
       564.000       0.00000
       587.000       0.00000
       612.000       0.00000
       640.000       0.00000
       671.000       0.00000
       705.000       0.00000
       736.000       0.00000
       770.000       0.00000
       810.000       0.00000
       850.000       0.00000
       890.000       0.00000
       920.000       0.00000
       940.000       0.00000
       962.000       0.00000
       987.000       0.00000
       1012.00       0.00000
       1037.00       0.00000
       1062.00       0.00000
       1087.00       0.00000
       1112.00       0.00000
       1120.00       0.00000
       1140.00       0.00000
       1160.00       0.00000
       1180.00       0.00000
       1200.00       0.00000
       1220.00       0.00000
       1240.00       0.00000
       1260.00       0.00000
       1280.00       0.00000
       1300.00       0.00000
       1320.00       0.00000
       1340.00       0.00000
       1360.00       0.00000
       1380.00       0.00000
       1400.00       0.00000
       1420.00       0.00000
       1440.00       0.00000
       1460.00       0.00000
       1480.00       0.00000
       1500.00       0.00000
       1520.00       0.00000
       1540.00       0.00000
       1560.00       0.00000
       1580.00       0.00000
       1600.00       0.00000
       1620.00       0.00000
       1640.00       0.00000
       1660.00       0.00000
       1680.00       0.00000
       1700.00       0.00000
       1720.00       0.00000
       1740.00       0.00000
       1760.00       0.00000
       1780.00       0.00000
       1800.00       0.00000
       1820.00       0.00000
       1840.00       0.00000
       1860.00       0.00000
       1880.00       0.00000
       1900.00       0.00000
       1920.00       0.00000
       1940.00       0.00000
       1960.00       0.00000
       1980.00       0.00000
       2000.00   1.62426e-12
       2002.50   1.62426e-12
       2005.00   1.69811e-12
       2007.50   1.73343e-12
       2010.00   1.64678e-12
       2012.50   1.68450e-12
       2015.00   1.79087e-12
       2017.50   1.86453e-12
       2020.00   1.93824e-12
       2022.50   2.21207e-12
       2025.00   2.35142e-12
       2027.50   2.23678e-12
       2030.00   2.21853e-12
       2032.50   2.24564e-12
       2035.00   2.20204e-12
       2037.50   2.11137e-12
       2040.00   1.79725e-12
       2042.50   1.58978e-12
       2045.00   1.54231e-12
       2047.50   1.50444e-12
       2050.00   1.48704e-12
       2052.50   1.46022e-12
       2055.00   1.45624e-12
       2057.50   1.64619e-12
       2060.00   1.84370e-12
       2062.50   2.22211e-12
       2065.00   2.48803e-12
       2067.50   2.61073e-12
       2070.00   2.66681e-12
       2072.50   2.70184e-12
       2075.00   2.82984e-12
       2077.50   2.98735e-12
       2080.00   2.98155e-12
       2082.50   2.96550e-12
       2085.00   2.93828e-12
       2087.50   2.90234e-12
       2090.00   2.85330e-12
       2092.50   3.04603e-12
       2095.00   3.26874e-12
       2097.50   3.36974e-12
       2100.00   3.44027e-12
       2102.50   3.28721e-12
       2105.00   3.15932e-12
       2107.50   3.06350e-12
       2110.00   3.08167e-12
       2112.50   3.12159e-12
       2115.00   3.22664e-12
       2117.50   3.34456e-12
       2120.00   3.42195e-12
       2122.50   3.49774e-12
       2125.00   3.57228e-12
       2127.50   3.71914e-12
       2130.00   3.94463e-12
       2132.50   4.11028e-12
       2135.00   4.13838e-12
       2137.50   3.83371e-12
       2140.00   3.59749e-12
       2142.50   3.63486e-12
       2145.00   3.64142e-12
       2147.50   3.61953e-12
       2150.00   3.54856e-12
       2152.50   3.41509e-12
       2155.00   3.41436e-12
       2157.50   3.47665e-12
       2160.00   3.65821e-12
       2162.50   3.77424e-12
       2165.00   3.54408e-12
       2167.50   3.53638e-12
       2170.00   3.70345e-12
       2172.50   3.78591e-12
       2175.00   3.86473e-12
       2177.50   3.87604e-12
       2180.00   3.88735e-12
       2182.50   3.92238e-12
       2185.00   3.97528e-12
       2187.50   4.04023e-12
       2190.00   4.15261e-12
       2192.50   4.30950e-12
       2195.00   4.61527e-12
       2197.50   4.81449e-12
       2200.00   4.76049e-12
       2202.50   4.67766e-12
       2205.00   4.50179e-12
       2207.50   4.29710e-12
       2210.00   4.07745e-12
       2212.50   3.89063e-12
       2215.00   3.70382e-12
       2217.50   3.45516e-12
       2220.00   3.31972e-12
       2222.50   3.48234e-12
       2225.00   3.76256e-12
       2227.50   4.09824e-12
       2230.00   4.51201e-12
       2232.50   4.97795e-12
       2235.00   5.41580e-12
       2237.50   5.83576e-12
       2240.00   6.22873e-12
       2242.50   6.64979e-12
       2245.00   7.13069e-12
       2247.50   7.47732e-12
       2250.00   7.75244e-12
       2252.50   7.88635e-12
       2255.00   8.01843e-12
       2257.50   8.10563e-12
       2260.00   8.11804e-12
       2262.50   7.99690e-12
       2265.00   7.79659e-12
       2267.50   7.57146e-12
       2270.00   7.33174e-12
       2272.50   7.10807e-12
       2275.00   7.14711e-12
       2277.50   7.12157e-12
       2280.00   7.02634e-12
       2282.50   6.94315e-12
       2285.00   6.87820e-12
       2287.50   6.77640e-12
       2290.00   6.66074e-12
       2292.50   6.52647e-12
       2295.00   6.38161e-12
       2297.50   6.15977e-12
       2300.00   6.06344e-12
       2302.50   6.12730e-12
       2305.00   6.09738e-12
       2307.50   6.04994e-12
       2310.00   6.23238e-12
       2312.50   6.53851e-12
       2315.00   7.11646e-12
       2317.50   7.63130e-12
       2320.00   8.09724e-12
       2322.50   8.70293e-12
       2325.00   9.46004e-12
       2327.50   1.03383e-11
       2330.00   1.10290e-11
       2332.50   1.11939e-11
       2335.00   1.13574e-11
       2337.50   1.15146e-11
       2340.00   1.16106e-11
       2342.50   1.16496e-11
       2345.00   1.13913e-11
       2347.50   1.11071e-11
       2350.00   1.10217e-11
       2352.50   1.10742e-11
       2355.00   1.14428e-11
       2357.50   1.15953e-11
       2360.00   1.16263e-11
       2362.50   1.17259e-11
       2365.00   1.18788e-11
       2367.50   1.19995e-11
       2370.00   1.21189e-11
       2372.50   1.21378e-11
       2375.00   1.21532e-11
       2377.50   1.22090e-11
       2380.00   1.22126e-11
       2382.50   1.21820e-11
       2385.00   1.21192e-11
       2387.50   1.20269e-11
       2390.00   1.20940e-11
       2392.50   1.21167e-11
       2395.00   1.20163e-11
       2397.50   1.18302e-11
       2400.00   1.13709e-11
       2402.50   1.12081e-11
       2405.00   1.12060e-11
       2407.50   1.10418e-11
       2410.00   1.08776e-11
       2412.50   1.07590e-11
       2415.00   1.07758e-11
       2417.50   1.11359e-11
       2420.00   1.14971e-11
       2422.50   1.18583e-11
       2425.00   1.25082e-11
       2427.50   1.33499e-11
       2430.00   1.40253e-11
       2432.50   1.45653e-11
       2435.00   1.49017e-11
       2437.50   1.51524e-11
       2440.00   1.52221e-11
       2442.50   1.53662e-11
       2445.00   1.55815e-11
       2447.50   1.61073e-11
       2450.00   1.66320e-11
       2452.50   1.71253e-11
       2455.00   1.75120e-11
       2457.50   1.77094e-11
       2460.00   1.72862e-11
       2462.50   1.66670e-11
       2465.00   1.62879e-11
       2467.50   1.60394e-11
       2470.00   1.59876e-11
       2472.50   1.61098e-11
       2475.00   1.64203e-11
       2477.50   1.64539e-11
       2480.00   1.60712e-11
       2482.50   1.55935e-11
       2485.00   1.50346e-11
       2487.50   1.42453e-11
       2490.00   1.36729e-11
       2492.50   1.46894e-11
       2495.00   1.53932e-11
       2497.50   1.56983e-11
       2500.00   1.58894e-11
       2502.50   1.62755e-11
       2505.00   1.66579e-11
       2507.50   1.67940e-11
       2510.00   1.66936e-11
       2512.50   1.59314e-11
       2515.00   1.53950e-11
       2517.50   1.47186e-11
       2520.00   1.36261e-11
       2522.50   1.25906e-11
       2525.00   1.42216e-11
       2527.50   1.69706e-11
       2530.00   1.87464e-11
       2532.50   2.14359e-11
       2535.00   2.51645e-11
       2537.50   2.71498e-11
       2540.00   2.64788e-11
       2542.50   2.69903e-11
       2545.00   2.78638e-11
       2547.50   2.84761e-11
       2550.00   2.90599e-11
       2552.50   2.91814e-11
       2555.00   2.90172e-11
       2557.50   2.81287e-11
       2560.00   2.69498e-11
       2562.50   2.67977e-11
       2565.00   2.75143e-11
       2567.50   2.89168e-11
       2570.00   3.00235e-11
       2572.50   3.17577e-11
       2575.00   2.84224e-11
       2577.50   2.59501e-11
       2580.00   2.50189e-11
       2582.50   2.48117e-11
       2585.00   2.42939e-11
       2587.50   2.65784e-11
       2590.00   3.08539e-11
       2592.50   3.31187e-11
       2595.00   3.40867e-11
       2597.50   3.41816e-11
       2600.00   3.49777e-11
       2602.50   3.53120e-11
       2605.00   3.50131e-11
       2607.50   3.46585e-11
       2610.00   3.51598e-11
       2612.50   3.62500e-11
       2615.00   3.62533e-11
       2617.50   3.66186e-11
       2620.00   3.76074e-11
       2622.50   3.88698e-11
       2625.00   3.94865e-11
       2627.50   4.14568e-11
       2630.00   4.44998e-11
       2632.50   4.69153e-11
       2635.00   5.08267e-11
       2637.50   5.77738e-11
       2640.00   6.32579e-11
       2642.50   6.52537e-11
       2645.00   6.64943e-11
       2647.50   6.73992e-11
       2650.00   6.71328e-11
       2652.50   6.71729e-11
       2655.00   6.86799e-11
       2657.50   7.06830e-11
       2660.00   7.27956e-11
       2662.50   7.49301e-11
       2665.00   7.69771e-11
       2667.50   7.60831e-11
       2670.00   7.48097e-11
       2672.50   7.42405e-11
       2675.00   7.37589e-11
       2677.50   7.30583e-11
       2680.00   7.40873e-11
       2682.50   7.73383e-11
       2685.00   7.75900e-11
       2687.50   7.65903e-11
       2690.00   7.53023e-11
       2692.50   7.47112e-11
       2695.00   7.33247e-11
       2697.50   7.34998e-11
       2700.00   7.54446e-11
       2702.50   7.77214e-11
       2705.00   8.09359e-11
       2707.50   8.41395e-11
       2710.00   8.52159e-11
       2712.50   8.39169e-11
       2715.00   8.09067e-11
       2717.50   7.54774e-11
       2720.00   7.08983e-11
       2722.50   7.01065e-11
       2725.00   7.23176e-11
       2727.50   7.57912e-11
       2730.00   7.94035e-11
       2732.50   8.07827e-11
       2735.00   7.77980e-11
       2737.50   7.32335e-11
       2740.00   6.85303e-11
       2742.50   6.66694e-11
       2745.00   6.65928e-11
       2747.50   6.95592e-11
       2750.00   7.39815e-11
       2752.50   7.89656e-11
       2755.00   8.40008e-11
       2757.50   8.87880e-11
       2760.00   9.44471e-11
       2762.50   9.92817e-11
       2765.00   1.01770e-10
       2767.50   1.04645e-10
       2770.00   1.06991e-10
       2772.50   1.07210e-10
       2775.00   1.05404e-10
       2777.50   1.03109e-10
       2780.00   9.92124e-11
       2782.50   9.31993e-11
       2785.00   8.71023e-11
       2787.50   8.30157e-11
       2790.00   8.11475e-11
       2792.50   7.99398e-11
       2795.00   7.85789e-11
       2797.50   7.86591e-11
       2800.00   7.98997e-11
       2802.50   7.88416e-11
       2805.00   7.81957e-11
       2807.50   8.02500e-11
       2810.00   8.77371e-11
       2812.50   9.61474e-11
       2815.00   1.04645e-10
       2817.50   1.14088e-10
       2820.00   1.24093e-10
       2822.50   1.28198e-10
       2825.00   1.30015e-10
       2827.50   1.29982e-10
       2830.00   1.29219e-10
       2832.50   1.27818e-10
       2835.00   1.28015e-10
       2837.50   1.25899e-10
       2840.00   1.17879e-10
       2842.50   1.09520e-10
       2845.00   9.59358e-11
       2847.50   7.90933e-11
       2850.00   6.41591e-11
       2852.50   5.94413e-11
       2855.00   6.05067e-11
       2857.50   6.80888e-11
       2860.00   8.25961e-11
       2862.50   1.04664e-10
       2865.00   1.22812e-10
       2867.50   1.36714e-10
       2870.00   1.49255e-10
       2872.50   1.57070e-10
       2875.00   1.51509e-10
       2877.50   1.52808e-10
       2880.00   1.57413e-10
       2882.50   1.65451e-10
       2885.00   1.80039e-10
       2887.50   1.98932e-10
       2890.00   2.22214e-10
       2892.50   2.43242e-10
       2895.00   2.66309e-10
       2897.50   2.93737e-10
       2900.00   3.22857e-10
       2902.50   3.40046e-10
       2905.00   3.50456e-10
       2907.50   3.55163e-10
       2910.00   3.57392e-10
       2912.50   3.59180e-10
       2915.00   3.65456e-10
       2917.50   3.68119e-10
       2920.00   3.61260e-10
       2922.50   3.51317e-10
       2925.00   3.43877e-10
       2927.50   3.43728e-10
       2930.00   3.44166e-10
       2932.50   3.46877e-10
       2935.00   3.47676e-10
       2937.50   3.50029e-10
       2940.00   3.47464e-10
       2942.50   3.34869e-10
       2945.00   3.31110e-10
       2947.50   3.35208e-10
       2950.00   3.49212e-10
       2952.50   3.52525e-10
       2955.00   3.61493e-10
       2957.50   3.65711e-10
       2960.00   3.57297e-10
       2962.50   3.36605e-10
       2965.00   3.03497e-10
       2967.50   2.80390e-10
       2970.00   2.73979e-10
       2972.50   2.88347e-10
       2975.00   3.09908e-10
       2977.50   3.24707e-10
       2980.00   3.24448e-10
       2982.50   3.13980e-10
       2985.00   3.02209e-10
       2987.50   2.88191e-10
       2990.00   2.82254e-10
       2992.50   2.87563e-10
       2995.00   2.80853e-10
       2997.50   2.66357e-10
       3000.00   2.49908e-10
       3002.50   2.36900e-10
       3005.00   2.34744e-10
       3007.50   2.44512e-10
       3010.00   2.58085e-10
       3012.50   2.64645e-10
       3015.00   2.62792e-10
       3017.50   2.55155e-10
       3020.00   2.52605e-10
       3022.50   2.63551e-10
       3025.00   2.83597e-10
       3027.50   3.29064e-10
       3030.00   3.77934e-10
       3032.50   4.12524e-10
       3035.00   4.16830e-10
       3037.50   4.15845e-10
       3040.00   4.08839e-10
       3042.50   4.00046e-10
       3045.00   4.05957e-10
       3047.50   4.23872e-10
       3050.00   4.35840e-10
       3052.50   4.34344e-10
       3055.00   4.20442e-10
       3057.50   4.01724e-10
       3060.00   3.82349e-10
       3062.50   3.67098e-10
       3065.00   3.72279e-10
       3067.50   3.98185e-10
       3070.00   4.26426e-10
       3072.50   4.54302e-10
       3075.00   4.79953e-10
       3077.50   5.00605e-10
       3080.00   5.16914e-10
       3082.50   5.28700e-10
       3085.00   5.23190e-10
       3087.50   5.05202e-10
       3090.00   4.83930e-10
       3092.50   4.52843e-10
       3095.00   4.19129e-10
       3097.50   4.16173e-10
       3100.00   4.41897e-10
       3102.50   4.86776e-10
       3105.00   5.52708e-10
       3107.50   6.27106e-10
       3110.00   6.77859e-10
       3112.50   6.97526e-10
       3115.00   6.84245e-10
       3117.50   6.52902e-10
       3120.00   6.13715e-10
       3122.50   5.82993e-10
       3125.00   5.64968e-10
       3127.50   5.67631e-10
       3130.00   5.77191e-10
       3132.50   5.97733e-10
       3135.00   6.23311e-10
       3137.50   6.43671e-10
       3140.00   6.48524e-10
       3142.50   6.44765e-10
       3145.00   6.44364e-10
       3147.50   6.44510e-10
       3150.00   6.38855e-10
       3152.50   6.30098e-10
       3155.00   6.13751e-10
       3157.50   5.95179e-10
       3160.00   5.76133e-10
       3162.50   5.82847e-10
       3165.00   6.10905e-10
       3167.50   6.64505e-10
       3170.00   7.25037e-10
       3172.50   7.76265e-10
       3175.00   7.93305e-10
       3177.50   7.62400e-10
       3180.00   7.35874e-10
       3182.50   7.12668e-10
       3185.00   6.96650e-10
       3187.50   6.83770e-10
       3190.00   6.99606e-10
       3192.50   7.14055e-10
       3195.00   7.13872e-10
       3197.50   7.17411e-10
       3200.00   7.33940e-10
       3202.50   7.25402e-10
       3205.00   7.16864e-10
       3207.50   7.08326e-10
       3210.00   6.99788e-10
       3212.50   6.91214e-10
       3215.00   6.82676e-10
       3217.50   6.74138e-10
       3220.00   6.65600e-10
       3222.50   6.89462e-10
       3225.00   7.13361e-10
       3227.50   7.37224e-10
       3230.00   7.61123e-10
       3232.50   7.84986e-10
       3235.00   8.08885e-10
       3237.50   8.32748e-10
       3240.00   8.56610e-10
       3260.00   1.06284e-09
       3270.00   1.00562e-09
       3280.00   9.66072e-10
       3290.00   1.08823e-09
       3300.00   1.10910e-09
       3310.00   1.09130e-09
       3320.00   1.01048e-09
       3330.00   9.63043e-10
       3340.00   1.09564e-09
       3350.00   1.24790e-09
       3360.00   8.90215e-10
       3370.00   7.67363e-10
       3380.00   8.90580e-10
       3390.00   1.12231e-09
       3400.00   1.12910e-09
       3410.00   1.17489e-09
       3420.00   1.14438e-09
       3430.00   1.24779e-09
       3440.00   1.15358e-09
       3450.00   1.04361e-09
       3460.00   1.20309e-09
       3470.00   1.13088e-09
       3480.00   1.15639e-09
       3490.00   1.07889e-09
       3500.00   1.16584e-09
       3510.00   1.26793e-09
       3520.00   1.16427e-09
       3530.00   1.12388e-09
       3540.00   1.27213e-09
       3550.00   1.30894e-09
       3560.00   1.10414e-09
       3570.00   1.05890e-09
       3580.00   7.99216e-10
       3590.00   8.71898e-10
       3600.00   1.20955e-09
       3610.00   1.21397e-09
       3620.00   1.13968e-09
       3630.00   1.20984e-09
       3640.00   1.29763e-09
       3650.00   1.34368e-09
       3660.00   1.53805e-09
       3670.00   1.60697e-09
       3680.00   1.48047e-09
       3690.00   1.45701e-09
       3700.00   1.49609e-09
       3710.00   1.54188e-09
       3720.00   1.31361e-09
       3730.00   1.08535e-09
       3740.00   1.05185e-09
       3750.00   1.10844e-09
       3760.00   1.18718e-09
       3770.00   1.35926e-09
       3780.00   1.65659e-09
       3790.00   1.49751e-09
       3800.00   1.33324e-09
       3810.00   1.32401e-09
       3820.00   1.04087e-09
       3830.00   8.03010e-10
       3840.00   9.31701e-10
       3850.00   1.03069e-09
       3860.00   1.00311e-09
       3870.00   9.80156e-10
       3880.00   9.79572e-10
       3890.00   1.25469e-09
       3900.00   1.44409e-09
       3910.00   1.56559e-09
       3920.00   1.52743e-09
       3930.00   9.36152e-10
       3940.00   8.51502e-10
       3950.00   1.47306e-09
       3960.00   1.51221e-09
       3970.00   1.05010e-09
       3980.00   1.54527e-09
       3990.00   2.26286e-09
       4000.00   2.41622e-09
       4010.00   2.49923e-09
       4020.00   2.56830e-09
       4030.00   2.49489e-09
       4040.00   2.43100e-09
       4050.00   2.46223e-09
       4060.00   2.45081e-09
       4070.00   2.27501e-09
       4080.00   2.52061e-09
       4090.00   2.66116e-09
       4100.00   2.58826e-09
       4110.00   2.57633e-09
       4120.00   2.62190e-09
       4130.00   2.45800e-09
       4140.00   2.37316e-09
       4150.00   2.35850e-09
       4160.00   2.47449e-09
       4170.00   2.51036e-09
       4180.00   2.36973e-09
       4190.00   2.41020e-09
       4200.00   2.42695e-09
       4210.00   2.45727e-09
       4220.00   2.50222e-09
       4230.00   2.41928e-09
       4240.00   2.53962e-09
       4250.00   2.56140e-09
       4260.00   2.54936e-09
       4270.00   2.42512e-09
       4280.00   2.35945e-09
       4290.00   2.28410e-09
       4300.00   1.82681e-09
       4310.00   1.91251e-09
       4320.00   2.42333e-09
       4330.00   2.81130e-09
       4340.00   2.85480e-09
       4350.00   2.81185e-09
       4360.00   2.95736e-09
       4370.00   2.89457e-09
       4380.00   2.70534e-09
       4390.00   2.62584e-09
       4400.00   2.88840e-09
       4410.00   2.85308e-09
       4420.00   3.13261e-09
       4430.00   3.06828e-09
       4440.00   3.16176e-09
       4450.00   3.06591e-09
       4460.00   3.05883e-09
       4470.00   3.21861e-09
       4480.00   3.36587e-09
       4490.00   3.40199e-09
       4500.00   3.58753e-09
       4510.00   3.71586e-09
       4520.00   3.40845e-09
       4530.00   3.29954e-09
       4540.00   3.46118e-09
       4550.00   3.47220e-09
       4560.00   3.66186e-09
       4570.00   3.68302e-09
       4580.00   3.56673e-09
       4590.00   3.50182e-09
       4600.00   3.66441e-09
       4610.00   3.68265e-09
       4620.00   3.72461e-09
       4630.00   3.70382e-09
       4640.00   3.61957e-09
       4650.00   3.61581e-09
       4660.00   3.53302e-09
       4670.00   3.57170e-09
       4680.00   3.55951e-09
       4690.00   3.62635e-09
       4700.00   3.51726e-09
       4710.00   3.48135e-09
       4720.00   3.61172e-09
       4730.00   3.65091e-09
       4740.00   3.70637e-09
       4750.00   3.74322e-09
       4760.00   3.67390e-09
       4770.00   3.62982e-09
       4780.00   3.71111e-09
       4790.00   3.79102e-09
       4800.00   3.78774e-09
       4810.00   3.83116e-09
       4820.00   3.86910e-09
       4830.00   3.74651e-09
       4840.00   3.69105e-09
       4850.00   3.67061e-09
       4860.00   3.48489e-09
       4870.00   3.27688e-09
       4880.00   3.57589e-09
       4890.00   3.53857e-09
       4900.00   3.68959e-09
       4910.00   3.67828e-09
       4920.00   3.50879e-09
       4930.00   3.47001e-09
       4940.00   3.66660e-09
       4950.00   3.71075e-09
       4960.00   3.69324e-09
       4970.00   3.76621e-09
       4980.00   3.59574e-09
       4990.00   3.56805e-09
       5000.00   3.57812e-09
       5010.00   3.40506e-09
       5020.00   3.46446e-09
       5030.00   3.56400e-09
       5040.00   3.61395e-09
       5050.00   3.57578e-09
       5060.00   3.66514e-09
       5070.00   3.62256e-09
       5080.00   3.53065e-09
       5090.00   3.48774e-09
       5100.00   3.49409e-09
       5110.00   3.40623e-09
       5120.00   3.51328e-09
       5130.00   3.42896e-09
       5140.00   3.45749e-09
       5150.00   3.38149e-09
       5160.00   3.33763e-09
       5170.00   3.16362e-09
       5180.00   3.09568e-09
       5190.00   3.26218e-09
       5200.00   3.48792e-09
       5210.00   3.50635e-09
       5220.00   3.49540e-09
       5230.00   3.51481e-09
       5240.00   3.67609e-09
       5250.00   3.61220e-09
       5260.00   3.40199e-09
       5270.00   3.26874e-09
       5280.00   3.48825e-09
       5290.00   3.74395e-09
       5300.00   3.69761e-09
       5310.00   3.75380e-09
       5320.00   3.73264e-09
       5330.00   3.59965e-09
       5340.00   3.61723e-09
       5350.00   3.70017e-09
       5360.00   3.87312e-09
       5370.00   3.74979e-09
       5380.00   3.76293e-09
       5390.00   3.77643e-09
       5400.00   3.64854e-09
       5410.00   3.55488e-09
       5420.00   3.59454e-09
       5430.00   3.68119e-09
       5440.00   3.70601e-09
       5450.00   3.79066e-09
       5460.00   3.62526e-09
       5470.00   3.74797e-09
       5480.00   3.61913e-09
       5490.00   3.61256e-09
       5500.00   3.71841e-09
       5510.00   3.65383e-09
       5520.00   3.64412e-09
       5530.00   3.61413e-09
       5540.00   3.63960e-09
       5550.00   3.73410e-09
       5560.00   3.78518e-09
       5570.00   3.65055e-09
       5580.00   3.63369e-09
       5590.00   3.60318e-09
       5600.00   3.55506e-09
       5610.00   3.68630e-09
       5620.00   3.69433e-09
       5630.00   3.67426e-09
       5640.00   3.64726e-09
       5650.00   3.64500e-09
       5660.00   3.63898e-09
       5670.00   3.60877e-09
       5680.00   3.67171e-09
       5690.00   3.70309e-09
       5700.00   3.62212e-09
       5710.00   3.54499e-09
       5720.00   3.62727e-09
       5730.00   3.71914e-09
       5740.00   3.72644e-09
       5760.00   3.68411e-09
       5780.00   3.73447e-09
       5800.00   3.73191e-09
       5820.00   3.90231e-09
       5840.00   3.89866e-09
       5860.00   3.76220e-09
       5880.00   3.68229e-09
       5900.00   3.61939e-09
       5920.00   3.81291e-09
       5940.00   3.84393e-09
       5960.00   3.83335e-09
       5980.00   3.79576e-09
       6000.00   3.75490e-09
       6020.00   3.74249e-09
       6040.00   3.79029e-09
       6060.00   3.78920e-09
       6080.00   3.77351e-09
       6100.00   3.79321e-09
       6120.00   3.76584e-09
       6140.00   3.67061e-09
       6160.00   3.63529e-09
       6180.00   3.67572e-09
       6200.00   3.68375e-09
       6220.00   3.69725e-09
       6240.00   3.60818e-09
       6260.00   3.53992e-09
       6280.00   3.59596e-09
       6300.00   3.61508e-09
       6320.00   3.63661e-09
       6340.00   3.58049e-09
       6360.00   3.60457e-09
       6380.00   3.58739e-09
       6400.00   3.58396e-09
       6420.00   3.56166e-09
       6440.00   3.49153e-09
       6460.00   3.49383e-09
       6480.00   3.40893e-09
       6500.00   3.46935e-09
       6520.00   3.53926e-09
       6540.00   3.46337e-09
       6560.00   3.38813e-09
       6580.00   3.46209e-09
       6600.00   3.55298e-09
       6620.00   3.46585e-09
       6640.00   3.48770e-09
       6660.00   3.46187e-09
       6680.00   3.49318e-09
       6700.00   3.46260e-09
       6720.00   3.46891e-09
       6740.00   3.46304e-09
       6760.00   3.54440e-09
       6780.00   3.49686e-09
       6800.00   3.47395e-09
       6820.00   3.56090e-09
       6840.00   3.67244e-09
       6860.00   3.45578e-09
       6880.00   3.36795e-09
       6900.00   3.48570e-09
       6920.00   3.49781e-09
       6940.00   3.42268e-09
       6960.00   3.35967e-09
       6980.00   3.34270e-09
       7000.00   3.26017e-09
       7020.00   3.36532e-09
       7040.00   3.34847e-09
       7060.00   3.30731e-09
       7080.00   3.28867e-09
       7100.00   3.26801e-09
       7120.00   3.26046e-09
       7140.00   3.20960e-09
       7160.00   3.20256e-09
       7180.00   3.13316e-09
       7200.00   3.08809e-09
       7220.00   3.14326e-09
       7240.00   3.09207e-09
       7260.00   3.10871e-09
       7280.00   3.10404e-09
       7300.00   3.09754e-09
       7320.00   3.15297e-09
       7340.00   3.10696e-09
       7360.00   3.14950e-09
       7380.00   3.12422e-09
       7400.00   3.10732e-09
       7420.00   3.10871e-09
       7440.00   3.12206e-09
       7460.00   3.10732e-09
       7480.00   3.07686e-09
       7500.00   3.06241e-09
       7520.00   3.14987e-09
       7540.00   3.29301e-09
       7560.00   3.35296e-09
       7580.00   3.27947e-09
       7600.00   2.76194e-09
       7620.00   3.02588e-09
       7640.00   3.01195e-09
       7660.00   2.97367e-09
       7680.00   2.75723e-09
       7700.00   2.87935e-09
       7720.00   2.96105e-09
       7740.00   2.99750e-09
       7760.00   3.02804e-09
       7780.00   2.99224e-09
       7800.00   2.95514e-09
       7820.00   2.95634e-09
       7840.00   2.91971e-09
       7860.00   2.89052e-09
       7880.00   2.82597e-09
       7900.00   2.82590e-09
       7920.00   2.77624e-09
       7940.00   2.77631e-09
       7960.00   2.77292e-09
       7980.00   2.80083e-09
       8000.00   2.80579e-09
       8020.00   2.77295e-09
       8040.00   2.80185e-09
       8060.00   2.76252e-09
       8080.00   2.76073e-09
       8100.00   2.74880e-09
       8120.00   2.78726e-09
       8140.00   2.74679e-09
       8160.00   2.68517e-09
       8180.00   2.59274e-09
       8200.00   2.82199e-09
       8220.00   2.74610e-09
       8240.00   2.70826e-09
       8260.00   2.91591e-09
       8280.00   2.77587e-09
       8300.00   2.77697e-09
       8320.00   2.63412e-09
       8340.00   2.71060e-09
       8360.00   2.56293e-09
       8380.00   2.70053e-09
       8400.00   2.82900e-09
       8420.00   2.80306e-09
       8440.00   2.70896e-09
       8460.00   2.79361e-09
       8480.00   2.71118e-09
       8500.00   2.74738e-09
       8520.00   2.57903e-09
       8540.00   2.51984e-09
       8560.00   2.56556e-09
       8580.00   2.66933e-09
       8600.00   2.60913e-09
       8620.00   2.72209e-09
       8640.00   2.56418e-09
       8660.00   2.54199e-09
       8680.00   2.51707e-09
       8700.00   2.71479e-09
       8720.00   2.60905e-09
       8740.00   2.58410e-09
       8760.00   2.62281e-09
       8780.00   2.50605e-09
       8800.00   2.56323e-09
       8820.00   2.53181e-09
       8840.00   2.54863e-09
       8860.00   2.52028e-09
       8880.00   2.55947e-09
       8900.00   2.50043e-09
       8920.00   2.58665e-09
       8940.00   2.49058e-09
       8960.00   2.40640e-09
       8980.00   2.48620e-09
       9000.00   2.23882e-09
       9020.00   2.40436e-09
       9040.00   2.69173e-09
       9060.00   2.39531e-09
       9080.00   2.20354e-09
       9100.00   2.40509e-09
       9120.00   2.40786e-09
       9140.00   2.29395e-09
       9160.00   2.28665e-09
       9180.00   2.30296e-09
       9200.00   2.46300e-09
       9220.00   2.40805e-09
       9240.00   2.35609e-09
       9260.00   2.35755e-09
       9280.00   2.59041e-09
       9300.00   2.33985e-09
       9320.00   2.03796e-09
       9340.00   2.36813e-09
       9360.00   2.08754e-09
       9380.00   2.10006e-09
       9400.00   2.57228e-09
       9420.00   2.06226e-09
       9440.00   1.89704e-09
       9460.00   2.27505e-09
       9480.00   2.15574e-09
       9500.00   2.04489e-09
       9520.00   2.35277e-09
       9540.00   2.49251e-09
       9560.00   2.35361e-09
       9580.00   2.24371e-09
       9600.00   2.16833e-09
       9620.00   2.18438e-09
       9640.00   2.13483e-09
       9660.00   2.26126e-09
       9680.00   2.13848e-09
       9700.00   2.20853e-09
       9720.00   2.20769e-09
       9740.00   2.19978e-09
       9760.00   2.19076e-09
       9780.00   2.13319e-09
       9800.00   2.11867e-09
       9820.00   2.20996e-09
       9840.00   2.22619e-09
       9860.00   2.08845e-09
       9880.00   2.15607e-09
       9900.00   2.24104e-09
       9920.00   2.22981e-09
       9940.00   2.16365e-09
       9960.00   2.25210e-09
       9980.00   2.18307e-09
       10000.0   2.24736e-09
       10020.0   2.27928e-09
       10040.0   2.16913e-09
       10060.0   2.18785e-09
       10080.0   2.18026e-09
       10100.0   2.15866e-09
       10120.0   2.12961e-09
       10140.0   2.19222e-09
       10160.0   2.18901e-09
       10180.0   2.23375e-09
       10200.0   2.20912e-09
       10220.0   2.19201e-09
       10240.0   2.15391e-09
       10260.0   2.18117e-09
       10280.0   2.17694e-09
       10300.0   2.14651e-09
       10320.0   2.09462e-09
       10340.0   2.00256e-09
       10360.0   2.12385e-09
       10380.0   2.01705e-09
       10400.0   1.97549e-09
       10420.0   2.12903e-09
       10440.0   2.07317e-09
       10460.0   1.95290e-09
       10480.0   2.14906e-09
       10500.0   2.07357e-09
       10520.0   1.99071e-09
       10540.0   2.08780e-09
       10560.0   2.12655e-09
       10580.0   2.04927e-09
       10600.0   2.00570e-09
       10800.0   1.90817e-09
       11000.0   1.80776e-09
       11200.0   1.70797e-09
       11400.0   1.61160e-09
       11600.0   1.52097e-09
       11800.0   1.43771e-09
       12000.0   1.36316e-09
       12200.0   1.29840e-09
       12400.0   1.24410e-09
       12600.0   1.20203e-09
       12800.0   1.16004e-09
       13000.0   1.12570e-09
       13200.0   1.09228e-09
       13400.0   1.05827e-09
       13600.0   1.02467e-09
       13800.0   9.94094e-10
       14000.0   9.64612e-10
       14200.0   9.24039e-10
       14400.0   8.95870e-10
       14600.0   8.74161e-10
       14800.0   8.50955e-10
       15000.0   8.29683e-10
       15200.0   8.05601e-10
       15400.0   7.82614e-10
       15600.0   7.59591e-10
       15800.0   7.39231e-10
       16000.0   7.23176e-10
       16200.0   7.06064e-10
       16400.0   6.87382e-10
       16600.0   6.65490e-10
       16800.0   6.40788e-10
       17000.0   6.16707e-10
       17200.0   5.92625e-10
       17400.0   5.69018e-10
       17600.0   5.47965e-10
       17800.0   5.27605e-10
       18000.0   5.06588e-10
       18200.0   4.89257e-10
       18400.0   4.71926e-10
       18600.0   4.54120e-10
       18800.0   4.38941e-10
       19000.0   4.25295e-10
       19200.0   4.12305e-10
       19400.0   3.97565e-10
       19600.0   3.82824e-10
       19800.0   3.69141e-10
       20000.0   3.56571e-10
       20200.0   3.46621e-10
       20400.0   3.35124e-10
       20600.0   3.23850e-10
       20800.0   3.12568e-10
       21000.0   3.00012e-10
       21200.0   2.90022e-10
       21400.0   2.80061e-10
       21600.0   2.69878e-10
       21800.0   2.59902e-10
       22000.0   2.51444e-10
       22200.0   2.43870e-10
       22400.0   2.36415e-10
       22600.0   2.27728e-10
       22800.0   2.21328e-10
       23000.0   2.13957e-10
       23200.0   2.06583e-10
       23400.0   2.00289e-10
       23600.0   1.93919e-10
       23800.0   1.87544e-10
       24000.0   1.81436e-10
       24200.0   1.75325e-10
       24400.0   1.70293e-10
       24600.0   1.65265e-10
       24800.0   1.60412e-10
       25000.0   1.56596e-10
       25200.0   1.52692e-10
       25400.0   1.48875e-10
       25600.0   1.45106e-10
