       229.000       0.00000
       234.000       0.00000
       243.000       0.00000
       252.000       0.00000
       256.000       0.00000
       260.000       0.00000
       266.000       0.00000
       275.000       0.00000
       283.000       0.00000
       293.000       0.00000
       301.000       0.00000
       309.000       0.00000
       325.000       0.00000
       342.000       0.00000
       351.000       0.00000
       356.000       0.00000
       365.000       0.00000
       375.000       0.00000
       384.000       0.00000
       400.000       0.00000
       415.000       0.00000
       425.000       0.00000
       445.000       0.00000
       472.000       0.00000
       494.000       0.00000
       506.000       0.00000
       516.000       0.00000
       540.000       0.00000
       564.000       0.00000
       587.000       0.00000
       612.000       0.00000
       640.000       0.00000
       671.000       0.00000
       705.000       0.00000
       736.000       0.00000
       770.000       0.00000
       810.000       0.00000
       850.000       0.00000
       890.000       0.00000
       920.000       0.00000
       940.000       0.00000
       962.000       0.00000
       987.000       0.00000
       1012.00       0.00000
       1037.00       0.00000
       1062.00       0.00000
       1087.00       0.00000
       1112.00       0.00000
       1120.00       0.00000
       1140.00       0.00000
       1160.00       0.00000
       1180.00       0.00000
       1200.00       0.00000
       1220.00       0.00000
       1240.00       0.00000
       1260.00       0.00000
       1280.00       0.00000
       1300.00       0.00000
       1320.00       0.00000
       1340.00       0.00000
       1360.00       0.00000
       1380.00       0.00000
       1400.00       0.00000
       1420.00       0.00000
       1440.00       0.00000
       1460.00       0.00000
       1480.00       0.00000
       1500.00       0.00000
       1520.00       0.00000
       1540.00       0.00000
       1560.00       0.00000
       1580.00       0.00000
       1600.00       0.00000
       1620.00       0.00000
       1640.00       0.00000
       1660.00       0.00000
       1680.00       0.00000
       1700.00       0.00000
       1720.00       0.00000
       1740.00       0.00000
       1760.00       0.00000
       1780.00       0.00000
       1800.00       0.00000
       1820.00       0.00000
       1840.00       0.00000
       1860.00       0.00000
       1880.00       0.00000
       1900.00       0.00000
       1920.00       0.00000
       1940.00       0.00000
       1960.00       0.00000
       1980.00       0.00000
       2000.00   8.63570e-13
       2002.50   6.12197e-12
       2005.00   6.67413e-12
       2007.50   5.26363e-12
       2010.00   4.32003e-12
       2012.50   3.88215e-12
       2015.00   3.61133e-12
       2017.50   3.23530e-12
       2020.00   2.52878e-12
       2022.50   2.36274e-12
       2025.00   2.79975e-12
       2027.50   2.51315e-12
       2030.00   2.28245e-12
       2032.50   3.34817e-12
       2035.00   4.40927e-12
       2037.50   4.16802e-12
       2040.00   3.86111e-12
       2042.50   3.47971e-12
       2045.00   3.72579e-12
       2047.50   4.08639e-12
       2050.00   3.61949e-12
       2052.50   3.01386e-12
       2055.00   2.44433e-12
       2057.50   2.51126e-12
       2060.00   3.29977e-12
       2062.50   4.54024e-12
       2065.00   6.09331e-12
       2067.50   5.90394e-12
       2070.00   5.78966e-12
       2072.50   6.34653e-12
       2075.00   7.11781e-12
       2077.50   8.37123e-12
       2080.00   8.71225e-12
       2082.50   8.43544e-12
       2085.00   8.42274e-12
       2087.50   8.51054e-12
       2090.00   8.56604e-12
       2092.50   8.44814e-12
       2095.00   8.04908e-12
       2097.50   7.55606e-12
       2100.00   7.03074e-12
       2102.50   6.42998e-12
       2105.00   5.81070e-12
       2107.50   5.57272e-12
       2110.00   5.35178e-12
       2112.50   6.35415e-12
       2115.00   7.47697e-12
       2117.50   8.72930e-12
       2120.00   9.27964e-12
       2122.50   9.55427e-12
       2125.00   9.99541e-12
       2127.50   1.05958e-11
       2130.00   1.05802e-11
       2132.50   1.06372e-11
       2135.00   1.09336e-11
       2137.50   1.08639e-11
       2140.00   1.00208e-11
       2142.50   9.57712e-12
       2145.00   9.39754e-12
       2147.50   9.82527e-12
       2150.00   1.02087e-11
       2152.50   1.04456e-11
       2155.00   1.02174e-11
       2157.50   9.33406e-12
       2160.00   9.99577e-12
       2162.50   1.09281e-11
       2165.00   1.08998e-11
       2167.50   1.06981e-11
       2170.00   1.13003e-11
       2172.50   1.17778e-11
       2175.00   1.20948e-11
       2177.50   1.26310e-11
       2180.00   1.34128e-11
       2182.50   1.34865e-11
       2185.00   1.36087e-11
       2187.50   1.45277e-11
       2190.00   1.53305e-11
       2192.50   1.54299e-11
       2195.00   1.54288e-11
       2197.50   1.53976e-11
       2200.00   1.47939e-11
       2202.50   1.40680e-11
       2205.00   1.34045e-11
       2207.50   1.27003e-11
       2210.00   1.18228e-11
       2212.50   1.16776e-11
       2215.00   1.23883e-11
       2217.50   1.28414e-11
       2220.00   1.30656e-11
       2222.50   1.36218e-11
       2225.00   1.42008e-11
       2227.50   1.48531e-11
       2230.00   1.55776e-11
       2232.50   1.60963e-11
       2235.00   1.61159e-11
       2237.50   1.58805e-11
       2240.00   1.61421e-11
       2242.50   1.67700e-11
       2245.00   1.77807e-11
       2247.50   1.86453e-11
       2250.00   1.93393e-11
       2252.50   1.97855e-11
       2255.00   2.02183e-11
       2257.50   1.98533e-11
       2260.00   1.90810e-11
       2262.50   1.87098e-11
       2265.00   1.82164e-11
       2267.50   1.78500e-11
       2270.00   1.75507e-11
       2272.50   1.72859e-11
       2275.00   1.74706e-11
       2277.50   1.78294e-11
       2280.00   1.78696e-11
       2282.50   1.79505e-11
       2285.00   1.86775e-11
       2287.50   1.91122e-11
       2290.00   1.90929e-11
       2292.50   1.89939e-11
       2295.00   1.87309e-11
       2297.50   1.81265e-11
       2300.00   1.76501e-11
       2302.50   1.85488e-11
       2305.00   1.88459e-11
       2307.50   1.81969e-11
       2310.00   1.80670e-11
       2312.50   1.85865e-11
       2315.00   1.92185e-11
       2317.50   1.99310e-11
       2320.00   2.09979e-11
       2322.50   2.22568e-11
       2325.00   2.31017e-11
       2327.50   2.39190e-11
       2330.00   2.47306e-11
       2332.50   2.51246e-11
       2335.00   2.51358e-11
       2337.50   2.48735e-11
       2340.00   2.45361e-11
       2342.50   2.40003e-11
       2345.00   2.32740e-11
       2347.50   2.28209e-11
       2350.00   2.28855e-11
       2352.50   2.30955e-11
       2355.00   2.32334e-11
       2357.50   2.30339e-11
       2360.00   2.29939e-11
       2362.50   2.32795e-11
       2365.00   2.45118e-11
       2367.50   2.49247e-11
       2370.00   2.46069e-11
       2372.50   2.46649e-11
       2375.00   2.52363e-11
       2377.50   2.54562e-11
       2380.00   2.54355e-11
       2382.50   2.51405e-11
       2385.00   2.48060e-11
       2387.50   2.47948e-11
       2390.00   2.47030e-11
       2392.50   2.46352e-11
       2395.00   2.42107e-11
       2397.50   2.37957e-11
       2400.00   2.43642e-11
       2402.50   2.46439e-11
       2405.00   2.28902e-11
       2407.50   2.26018e-11
       2410.00   2.27251e-11
       2412.50   2.26859e-11
       2415.00   2.30897e-11
       2417.50   2.63921e-11
       2420.00   2.87049e-11
       2422.50   3.04959e-11
       2425.00   3.23741e-11
       2427.50   3.42747e-11
       2430.00   3.48805e-11
       2432.50   3.44684e-11
       2435.00   3.46146e-11
       2437.50   3.51838e-11
       2440.00   3.54407e-11
       2442.50   3.50656e-11
       2445.00   3.43654e-11
       2447.50   3.38535e-11
       2450.00   3.26875e-11
       2452.50   3.24154e-11
       2455.00   3.26541e-11
       2457.50   3.30641e-11
       2460.00   3.40781e-11
       2462.50   3.45083e-11
       2465.00   3.45533e-11
       2467.50   3.34973e-11
       2470.00   3.37098e-11
       2472.50   3.44601e-11
       2475.00   3.48240e-11
       2477.50   3.50398e-11
       2480.00   3.64090e-11
       2482.50   3.58191e-11
       2485.00   3.29407e-11
       2487.50   3.15723e-11
       2490.00   3.12596e-11
       2492.50   3.19707e-11
       2495.00   3.40178e-11
       2497.50   3.72796e-11
       2500.00   3.95180e-11
       2502.50   4.08059e-11
       2505.00   4.11977e-11
       2507.50   3.99425e-11
       2510.00   3.79036e-11
       2512.50   3.60571e-11
       2515.00   3.40937e-11
       2517.50   3.21085e-11
       2520.00   2.96764e-11
       2522.50   2.89733e-11
       2525.00   2.97145e-11
       2527.50   3.11968e-11
       2530.00   3.35535e-11
       2532.50   3.66375e-11
       2535.00   3.94055e-11
       2537.50   4.11832e-11
       2540.00   4.28012e-11
       2542.50   4.44265e-11
       2545.00   4.57760e-11
       2547.50   4.74158e-11
       2550.00   4.96506e-11
       2552.50   5.16967e-11
       2555.00   5.31804e-11
       2557.50   5.47985e-11
       2560.00   5.73343e-11
       2562.50   6.00080e-11
       2565.00   6.31570e-11
       2567.50   6.71041e-11
       2570.00   7.15373e-11
       2572.50   7.00063e-11
       2575.00   6.84826e-11
       2577.50   6.76374e-11
       2580.00   6.70279e-11
       2582.50   6.73000e-11
       2585.00   7.09713e-11
       2587.50   7.45375e-11
       2590.00   7.34491e-11
       2592.50   7.25168e-11
       2595.00   7.00970e-11
       2597.50   6.76664e-11
       2600.00   6.60375e-11
       2602.50   6.67377e-11
       2605.00   6.75249e-11
       2607.50   6.82904e-11
       2610.00   6.89144e-11
       2612.50   7.06231e-11
       2615.00   7.27816e-11
       2617.50   7.48132e-11
       2620.00   7.60830e-11
       2622.50   7.78497e-11
       2625.00   7.79259e-11
       2627.50   7.82306e-11
       2630.00   8.47607e-11
       2632.50   9.56987e-11
       2635.00   1.10156e-10
       2637.50   1.21681e-10
       2640.00   1.33620e-10
       2642.50   1.39508e-10
       2645.00   1.41569e-10
       2647.50   1.41743e-10
       2650.00   1.43851e-10
       2652.50   1.45324e-10
       2655.00   1.48349e-10
       2657.50   1.51767e-10
       2660.00   1.54223e-10
       2662.50   1.55903e-10
       2665.00   1.58402e-10
       2667.50   1.60013e-10
       2670.00   1.60865e-10
       2672.50   1.60713e-10
       2675.00   1.58311e-10
       2677.50   1.55286e-10
       2680.00   1.52935e-10
       2682.50   1.52536e-10
       2685.00   1.49655e-10
       2687.50   1.45712e-10
       2690.00   1.43129e-10
       2692.50   1.40716e-10
       2695.00   1.38206e-10
       2697.50   1.38718e-10
       2700.00   1.43071e-10
       2702.50   1.48774e-10
       2705.00   1.54317e-10
       2707.50   1.58319e-10
       2710.00   1.58373e-10
       2712.50   1.54912e-10
       2715.00   1.47653e-10
       2717.50   1.40045e-10
       2720.00   1.32333e-10
       2722.50   1.32768e-10
       2725.00   1.33613e-10
       2727.50   1.37647e-10
       2730.00   1.40967e-10
       2732.50   1.41272e-10
       2735.00   1.35699e-10
       2737.50   1.25831e-10
       2740.00   1.18692e-10
       2742.50   1.10867e-10
       2745.00   1.07710e-10
       2747.50   1.09238e-10
       2750.00   1.17360e-10
       2752.50   1.26630e-10
       2755.00   1.36189e-10
       2757.50   1.44101e-10
       2760.00   1.50805e-10
       2762.50   1.55870e-10
       2765.00   1.58253e-10
       2767.50   1.60949e-10
       2770.00   1.63126e-10
       2772.50   1.62843e-10
       2775.00   1.57390e-10
       2777.50   1.49808e-10
       2780.00   1.39080e-10
       2782.50   1.27881e-10
       2785.00   1.17157e-10
       2787.50   1.12213e-10
       2790.00   1.13130e-10
       2792.50   1.22331e-10
       2795.00   1.27337e-10
       2797.50   1.35728e-10
       2800.00   1.40383e-10
       2802.50   1.39360e-10
       2805.00   1.30000e-10
       2807.50   1.28516e-10
       2810.00   1.29340e-10
       2812.50   1.34567e-10
       2815.00   1.45364e-10
       2817.50   1.59969e-10
       2820.00   1.71288e-10
       2822.50   1.82433e-10
       2825.00   1.93204e-10
       2827.50   1.99262e-10
       2830.00   2.02078e-10
       2832.50   2.03286e-10
       2835.00   2.04555e-10
       2837.50   1.96542e-10
       2840.00   1.83507e-10
       2842.50   1.67998e-10
       2845.00   1.52485e-10
       2847.50   1.29488e-10
       2850.00   1.06238e-10
       2852.50   1.00520e-10
       2855.00   1.16845e-10
       2857.50   1.33388e-10
       2860.00   1.58627e-10
       2862.50   1.85371e-10
       2865.00   2.12352e-10
       2867.50   2.25913e-10
       2870.00   2.31938e-10
       2872.50   2.32305e-10
       2875.00   2.30008e-10
       2877.50   2.28173e-10
       2880.00   2.31750e-10
       2882.50   2.44705e-10
       2885.00   2.60928e-10
       2887.50   2.83646e-10
       2890.00   3.09850e-10
       2892.50   3.38038e-10
       2895.00   3.70402e-10
       2897.50   4.00005e-10
       2900.00   4.29028e-10
       2902.50   4.54024e-10
       2905.00   4.71582e-10
       2907.50   4.77351e-10
       2910.00   4.78439e-10
       2912.50   4.74775e-10
       2915.00   4.67229e-10
       2917.50   4.51448e-10
       2920.00   4.36936e-10
       2922.50   4.23659e-10
       2925.00   4.20938e-10
       2927.50   4.37662e-10
       2930.00   4.50505e-10
       2932.50   4.60300e-10
       2935.00   4.61715e-10
       2937.50   4.61424e-10
       2940.00   4.42306e-10
       2942.50   4.29898e-10
       2945.00   4.25980e-10
       2947.50   4.27649e-10
       2950.00   4.30334e-10
       2952.50   4.43829e-10
       2955.00   4.57543e-10
       2957.50   4.52246e-10
       2960.00   4.41471e-10
       2962.50   4.24457e-10
       2965.00   4.01202e-10
       2967.50   3.68697e-10
       2970.00   3.78129e-10
       2972.50   3.92604e-10
       2975.00   3.99824e-10
       2977.50   4.05701e-10
       2980.00   4.03343e-10
       2982.50   3.97901e-10
       2985.00   3.90101e-10
       2987.50   3.90029e-10
       2990.00   3.90609e-10
       2992.50   3.86546e-10
       2995.00   3.75880e-10
       2997.50   3.47039e-10
       3000.00   3.42979e-10
       3002.50   3.35604e-10
       3005.00   3.41851e-10
       3007.50   3.61851e-10
       3010.00   3.67935e-10
       3012.50   3.69422e-10
       3015.00   3.67028e-10
       3017.50   3.63799e-10
       3020.00   3.62468e-10
       3022.50   3.80088e-10
       3025.00   4.08567e-10
       3027.50   4.45208e-10
       3030.00   4.89830e-10
       3032.50   5.07570e-10
       3035.00   5.14754e-10
       3037.50   5.18454e-10
       3040.00   5.16386e-10
       3042.50   5.03217e-10
       3045.00   5.09783e-10
       3047.50   5.29120e-10
       3050.00   5.20776e-10
       3052.50   5.09312e-10
       3055.00   4.99444e-10
       3057.50   4.82030e-10
       3060.00   4.50867e-10
       3062.50   4.48691e-10
       3065.00   4.59792e-10
       3067.50   4.73106e-10
       3070.00   4.90520e-10
       3072.50   5.17837e-10
       3075.00   5.38879e-10
       3077.50   5.51250e-10
       3080.00   5.58832e-10
       3082.50   5.63475e-10
       3085.00   5.52918e-10
       3087.50   5.30317e-10
       3090.00   5.02854e-10
       3092.50   4.81740e-10
       3095.00   4.63928e-10
       3097.50   4.59175e-10
       3100.00   4.81305e-10
       3102.50   5.18563e-10
       3105.00   5.54406e-10
       3107.50   5.92970e-10
       3110.00   6.29611e-10
       3112.50   6.29901e-10
       3115.00   6.11544e-10
       3117.50   5.89124e-10
       3120.00   5.65761e-10
       3122.50   5.42833e-10
       3125.00   5.35432e-10
       3127.50   5.38153e-10
       3130.00   5.48093e-10
       3132.50   5.59884e-10
       3135.00   5.73887e-10
       3137.50   5.84227e-10
       3140.00   5.85279e-10
       3142.50   5.84916e-10
       3145.00   5.85061e-10
       3147.50   5.82231e-10
       3150.00   5.74831e-10
       3152.50   5.56329e-10
       3155.00   5.38552e-10
       3157.50   5.24041e-10
       3160.00   5.07026e-10
       3162.50   4.85259e-10
       3165.00   5.11815e-10
       3167.50   5.49944e-10
       3170.00   5.82304e-10
       3172.50   6.07771e-10
       3175.00   6.28885e-10
       3177.50   6.25112e-10
       3180.00   6.03817e-10
       3182.50   5.95654e-10
       3185.00   5.90430e-10
       3187.50   5.75411e-10
       3190.00   5.63149e-10
       3192.50   5.56038e-10
       3195.00   5.49145e-10
       3197.50   5.39967e-10
       3200.00   5.43776e-10
       3202.50   5.39604e-10
       3205.00   5.35396e-10
       3207.50   5.31188e-10
       3210.00   5.27016e-10
       3212.50   5.22807e-10
       3215.00   5.18635e-10
       3217.50   5.14427e-10
       3220.00   5.10255e-10
       3222.50   5.04704e-10
       3225.00   4.99118e-10
       3227.50   4.93567e-10
       3230.00   4.88016e-10
       3232.50   4.82466e-10
       3235.00   4.76915e-10
       3237.50   4.71365e-10
       3240.00   4.65814e-10
       3260.00   6.92481e-10
       3270.00   6.33855e-10
       3280.00   5.95691e-10
       3290.00   7.15300e-10
       3300.00   7.19218e-10
       3310.00   6.81706e-10
       3320.00   6.15317e-10
       3330.00   5.95944e-10
       3340.00   6.43796e-10
       3350.00   6.29502e-10
       3360.00   5.53354e-10
       3370.00   5.21211e-10
       3380.00   5.81723e-10
       3390.00   7.04743e-10
       3400.00   6.67449e-10
       3410.00   7.01841e-10
       3420.00   6.83811e-10
       3430.00   7.34346e-10
       3440.00   7.08008e-10
       3450.00   7.10512e-10
       3460.00   7.96818e-10
       3470.00   7.29739e-10
       3480.00   7.00063e-10
       3490.00   6.73580e-10
       3500.00   7.89018e-10
       3510.00   8.26675e-10
       3520.00   7.22665e-10
       3530.00   7.39570e-10
       3540.00   8.20761e-10
       3550.00   7.96020e-10
       3560.00   6.66324e-10
       3570.00   6.30699e-10
       3580.00   5.06446e-10
       3590.00   6.77934e-10
       3600.00   8.63207e-10
       3610.00   8.15356e-10
       3620.00   9.48389e-10
       3630.00   9.84377e-10
       3640.00   9.29596e-10
       3650.00   1.11077e-09
       3660.00   1.20887e-09
       3670.00   1.13402e-09
       3680.00   1.10007e-09
       3690.00   1.15518e-09
       3700.00   1.14647e-09
       3710.00   1.09601e-09
       3720.00   1.15822e-09
       3730.00   8.78952e-10
       3740.00   7.94278e-10
       3750.00   9.49912e-10
       3760.00   9.95006e-10
       3770.00   1.11287e-09
       3780.00   1.19229e-09
       3790.00   9.90907e-10
       3800.00   9.58873e-10
       3810.00   9.16427e-10
       3820.00   7.04925e-10
       3830.00   5.86621e-10
       3840.00   6.55550e-10
       3850.00   6.39515e-10
       3860.00   5.87455e-10
       3870.00   6.42997e-10
       3880.00   7.75522e-10
       3890.00   1.08770e-09
       3900.00   1.26709e-09
       3910.00   1.28966e-09
       3920.00   1.12162e-09
       3930.00   6.53627e-10
       3940.00   7.51361e-10
       3950.00   1.24094e-09
       3960.00   1.03411e-09
       3970.00   8.55298e-10
       3980.00   1.47123e-09
       3990.00   1.89874e-09
       4000.00   2.05745e-09
       4010.00   2.16977e-09
       4020.00   2.23377e-09
       4030.00   2.20493e-09
       4040.00   2.06986e-09
       4050.00   2.03333e-09
       4060.00   1.95337e-09
       4070.00   1.91307e-09
       4080.00   2.02680e-09
       4090.00   2.17050e-09
       4100.00   2.09602e-09
       4110.00   2.10422e-09
       4120.00   2.05945e-09
       4130.00   2.00206e-09
       4140.00   1.92841e-09
       4150.00   1.85934e-09
       4160.00   1.96244e-09
       4170.00   1.89819e-09
       4180.00   1.92975e-09
       4190.00   1.99937e-09
       4200.00   2.00870e-09
       4210.00   2.25038e-09
       4220.00   2.23417e-09
       4230.00   2.31398e-09
       4240.00   2.46018e-09
       4250.00   2.49827e-09
       4260.00   2.51710e-09
       4270.00   2.51808e-09
       4280.00   2.35396e-09
       4290.00   2.22441e-09
       4300.00   1.88462e-09
       4310.00   2.24857e-09
       4320.00   2.69755e-09
       4330.00   2.60591e-09
       4340.00   2.80508e-09
       4350.00   2.90165e-09
       4360.00   2.95708e-09
       4370.00   2.94997e-09
       4380.00   2.64088e-09
       4390.00   2.63345e-09
       4400.00   2.75139e-09
       4410.00   2.82322e-09
       4420.00   2.92668e-09
       4430.00   2.87793e-09
       4440.00   2.95654e-09
       4450.00   2.92316e-09
       4460.00   2.82481e-09
       4470.00   3.09774e-09
       4480.00   3.25058e-09
       4490.00   3.16253e-09
       4500.00   3.33826e-09
       4510.00   3.45744e-09
       4520.00   3.12447e-09
       4530.00   3.00000e-09
       4540.00   3.09215e-09
       4550.00   3.21608e-09
       4560.00   3.27764e-09
       4570.00   3.28820e-09
       4580.00   3.27546e-09
       4590.00   3.20915e-09
       4600.00   3.26748e-09
       4610.00   3.44350e-09
       4620.00   3.57494e-09
       4630.00   3.50583e-09
       4640.00   3.28493e-09
       4650.00   3.34769e-09
       4660.00   3.28381e-09
       4670.00   3.23472e-09
       4680.00   3.40552e-09
       4690.00   3.34218e-09
       4700.00   3.28834e-09
       4710.00   3.40422e-09
       4720.00   3.49622e-09
       4730.00   3.51262e-09
       4740.00   3.64815e-09
       4750.00   3.62696e-09
       4760.00   3.53402e-09
       4770.00   3.62820e-09
       4780.00   3.69132e-09
       4790.00   3.71019e-09
       4800.00   3.70837e-09
       4810.00   3.75046e-09
       4820.00   3.76315e-09
       4830.00   3.66339e-09
       4840.00   3.61151e-09
       4850.00   3.50576e-09
       4860.00   3.24281e-09
       4870.00   3.33830e-09
       4880.00   3.40603e-09
       4890.00   3.58670e-09
       4900.00   3.72397e-09
       4910.00   3.58140e-09
       4920.00   3.48635e-09
       4930.00   3.51414e-09
       4940.00   3.63509e-09
       4950.00   3.71962e-09
       4960.00   3.65577e-09
       4970.00   3.65903e-09
       4980.00   3.51628e-09
       4990.00   3.49241e-09
       5000.00   3.42660e-09
       5010.00   3.26512e-09
       5020.00   3.33957e-09
       5030.00   3.47431e-09
       5040.00   3.44789e-09
       5050.00   3.49894e-09
       5060.00   3.58764e-09
       5070.00   3.46839e-09
       5080.00   3.38568e-09
       5090.00   3.42279e-09
       5100.00   3.43367e-09
       5110.00   3.51653e-09
       5120.00   3.53957e-09
       5130.00   3.43150e-09
       5140.00   3.42863e-09
       5150.00   3.47213e-09
       5160.00   3.31932e-09
       5170.00   3.20167e-09
       5180.00   3.27271e-09
       5190.00   3.34519e-09
       5200.00   3.39177e-09
       5210.00   3.51911e-09
       5220.00   3.49426e-09
       5230.00   3.45054e-09
       5240.00   3.62094e-09
       5250.00   3.59751e-09
       5260.00   3.38851e-09
       5270.00   3.31504e-09
       5280.00   3.59134e-09
       5290.00   3.69241e-09
       5300.00   3.70547e-09
       5310.00   3.87090e-09
       5320.00   3.66992e-09
       5330.00   3.61550e-09
       5340.00   3.71164e-09
       5350.00   3.83789e-09
       5360.00   3.92096e-09
       5370.00   3.72941e-09
       5380.00   3.75807e-09
       5390.00   3.64452e-09
       5400.00   3.50870e-09
       5410.00   3.55931e-09
       5420.00   3.63364e-09
       5430.00   3.61467e-09
       5440.00   3.62160e-09
       5450.00   3.74393e-09
       5460.00   3.74175e-09
       5470.00   3.67717e-09
       5480.00   3.57371e-09
       5490.00   3.61205e-09
       5500.00   3.67282e-09
       5510.00   3.65577e-09
       5520.00   3.71490e-09
       5530.00   3.74139e-09
       5540.00   3.71744e-09
       5550.00   3.77585e-09
       5560.00   3.77658e-09
       5570.00   3.73812e-09
       5580.00   3.78129e-09
       5590.00   3.64380e-09
       5600.00   3.57081e-09
       5610.00   3.75517e-09
       5620.00   3.69277e-09
       5630.00   3.68661e-09
       5640.00   3.71200e-09
       5650.00   3.67790e-09
       5660.00   3.65831e-09
       5670.00   3.64162e-09
       5680.00   3.71817e-09
       5690.00   3.72905e-09
       5700.00   3.67500e-09
       5710.00   3.61115e-09
       5720.00   3.69713e-09
       5730.00   3.87961e-09
       5740.00   3.79871e-09
       5760.00   3.70910e-09
       5780.00   3.70656e-09
       5800.00   3.77658e-09
       5820.00   3.87489e-09
       5840.00   3.80959e-09
       5860.00   3.74175e-09
       5880.00   3.54635e-09
       5900.00   3.51298e-09
       5920.00   3.73232e-09
       5940.00   3.77331e-09
       5960.00   3.79181e-09
       5980.00   3.75408e-09
       6000.00   3.70438e-09
       6020.00   3.67681e-09
       6040.00   3.76207e-09
       6060.00   3.80016e-09
       6080.00   3.76642e-09
       6100.00   3.78347e-09
       6120.00   3.75300e-09
       6140.00   3.61093e-09
       6160.00   3.57578e-09
       6180.00   3.65396e-09
       6200.00   3.69676e-09
       6220.00   3.66194e-09
       6240.00   3.56155e-09
       6260.00   3.55854e-09
       6280.00   3.58089e-09
       6300.00   3.63074e-09
       6320.00   3.63001e-09
       6340.00   3.63727e-09
       6360.00   3.67209e-09
       6380.00   3.70620e-09
       6400.00   3.65867e-09
       6420.00   3.68189e-09
       6440.00   3.68008e-09
       6460.00   3.67064e-09
       6480.00   3.61648e-09
       6500.00   3.62569e-09
       6520.00   3.74175e-09
       6540.00   3.65649e-09
       6560.00   3.55713e-09
       6580.00   3.66847e-09
       6600.00   3.74320e-09
       6620.00   3.73304e-09
       6640.00   3.72325e-09
       6660.00   3.67355e-09
       6680.00   3.71091e-09
       6700.00   3.69894e-09
       6720.00   3.66919e-09
       6740.00   3.66956e-09
       6760.00   3.65033e-09
       6780.00   3.65287e-09
       6800.00   3.66992e-09
       6820.00   3.66484e-09
       6840.00   3.79979e-09
       6860.00   3.54004e-09
       6880.00   3.42341e-09
       6900.00   3.60610e-09
       6920.00   3.58053e-09
       6940.00   3.47949e-09
       6960.00   3.44804e-09
       6980.00   3.35350e-09
       7000.00   3.28214e-09
       7020.00   3.31758e-09
       7040.00   3.40153e-09
       7060.00   3.39344e-09
       7080.00   3.35430e-09
       7100.00   3.32226e-09
       7120.00   3.26647e-09
       7140.00   3.23519e-09
       7160.00   3.26893e-09
       7180.00   3.15197e-09
       7200.00   3.10677e-09
       7220.00   3.13840e-09
       7240.00   3.05551e-09
       7260.00   3.03661e-09
       7280.00   3.00537e-09
       7300.00   3.01179e-09
       7320.00   3.02420e-09
       7340.00   2.99746e-09
       7360.00   2.98941e-09
       7380.00   2.99761e-09
       7400.00   2.95320e-09
       7420.00   2.96340e-09
       7440.00   2.98564e-09
       7460.00   2.97160e-09
       7480.00   3.00515e-09
       7500.00   2.99300e-09
       7520.00   3.03987e-09
       7540.00   3.08616e-09
       7560.00   3.13572e-09
       7580.00   3.00348e-09
       7600.00   2.60029e-09
       7620.00   3.18009e-09
       7640.00   3.05718e-09
       7660.00   3.02990e-09
       7680.00   2.70988e-09
       7700.00   2.83221e-09
       7720.00   2.82870e-09
       7740.00   2.86022e-09
       7760.00   2.90985e-09
       7780.00   2.91885e-09
       7800.00   2.92748e-09
       7820.00   2.91253e-09
       7840.00   2.92302e-09
       7860.00   2.90622e-09
       7880.00   2.81487e-09
       7900.00   2.80239e-09
       7920.00   2.73535e-09
       7940.00   2.75665e-09
       7960.00   2.80051e-09
       7980.00   2.84564e-09
       8000.00   2.82445e-09
       8020.00   2.84488e-09
       8040.00   2.82554e-09
       8060.00   2.84905e-09
       8080.00   2.82648e-09
       8100.00   2.75512e-09
       8120.00   2.85761e-09
       8140.00   2.85855e-09
       8160.00   2.73470e-09
       8180.00   2.72313e-09
       8200.00   2.84161e-09
       8220.00   2.72617e-09
       8240.00   2.82068e-09
       8260.00   2.90593e-09
       8280.00   2.89193e-09
       8300.00   2.79931e-09
       8320.00   2.76180e-09
       8340.00   2.77254e-09
       8360.00   2.78139e-09
       8380.00   2.94000e-09
       8400.00   2.83040e-09
       8420.00   2.82478e-09
       8440.00   2.72893e-09
       8460.00   2.76561e-09
       8480.00   2.65554e-09
       8500.00   2.67832e-09
       8520.00   2.62303e-09
       8540.00   2.57272e-09
       8560.00   2.76329e-09
       8580.00   2.90847e-09
       8600.00   2.83802e-09
       8620.00   2.88007e-09
       8640.00   2.68424e-09
       8660.00   2.59942e-09
       8680.00   2.77265e-09
       8700.00   2.82735e-09
       8720.00   2.90470e-09
       8740.00   2.86679e-09
       8760.00   2.74108e-09
       8780.00   2.84212e-09
       8800.00   2.66185e-09
       8820.00   2.73093e-09
       8840.00   2.69312e-09
       8860.00   2.72323e-09
       8880.00   2.68848e-09
       8900.00   2.71696e-09
       8920.00   2.72708e-09
       8940.00   2.63457e-09
       8960.00   2.61317e-09
       8980.00   2.63178e-09
       9000.00   2.53397e-09
       9020.00   2.68474e-09
       9040.00   2.80979e-09
       9060.00   2.59082e-09
       9080.00   2.42495e-09
       9100.00   2.51199e-09
       9120.00   2.54217e-09
       9140.00   2.39194e-09
       9160.00   2.33390e-09
       9180.00   2.38432e-09
       9200.00   2.48518e-09
       9220.00   2.44828e-09
       9240.00   2.44295e-09
       9260.00   2.39622e-09
       9280.00   2.51579e-09
       9300.00   2.41026e-09
       9320.00   2.26722e-09
       9340.00   2.53564e-09
       9360.00   2.21759e-09
       9380.00   2.27988e-09
       9400.00   2.59869e-09
       9420.00   2.12196e-09
       9440.00   2.05459e-09
       9460.00   2.33063e-09
       9480.00   2.20489e-09
       9500.00   2.35037e-09
       9520.00   2.31721e-09
       9540.00   2.45231e-09
       9560.00   2.36691e-09
       9580.00   2.27984e-09
       9600.00   2.19938e-09
       9620.00   2.20471e-09
       9640.00   2.17764e-09
       9660.00   2.20540e-09
       9680.00   2.21055e-09
       9700.00   2.18722e-09
       9720.00   2.28376e-09
       9740.00   2.16001e-09
       9760.00   2.22553e-09
       9780.00   2.18526e-09
       9800.00   2.15439e-09
       9820.00   2.22720e-09
       9840.00   2.13117e-09
       9860.00   2.19317e-09
       9880.00   2.13781e-09
       9900.00   2.26366e-09
       9920.00   2.15432e-09
       9940.00   2.22640e-09
       9960.00   2.22865e-09
       9980.00   2.21976e-09
       10000.0   2.22415e-09
       10020.0   2.31122e-09
       10040.0   2.17786e-09
       10060.0   2.13201e-09
       10080.0   2.04835e-09
       10100.0   2.09348e-09
       10120.0   2.12094e-09
       10140.0   2.01454e-09
       10160.0   2.04519e-09
       10180.0   2.07991e-09
       10200.0   2.04835e-09
       10220.0   1.96291e-09
       10240.0   2.05241e-09
       10260.0   2.00130e-09
       10280.0   2.10146e-09
       10300.0   2.03699e-09
       10320.0   1.93966e-09
       10340.0   1.97147e-09
       10360.0   2.00412e-09
       10380.0   1.98508e-09
       10400.0   1.98671e-09
       10420.0   1.92906e-09
       10440.0   1.93897e-09
       10460.0   1.95286e-09
       10480.0   1.95849e-09
       10500.0   1.93298e-09
       10520.0   1.89761e-09
       10540.0   1.86551e-09
       10560.0   1.85350e-09
       10580.0   1.91971e-09
       10600.0   1.85578e-09
       10800.0   1.77136e-09
       11000.0   1.69997e-09
       11200.0   1.63887e-09
       11400.0   1.58562e-09
       11600.0   1.53820e-09
       11800.0   1.49489e-09
       12000.0   1.45393e-09
       12200.0   1.41395e-09
       12400.0   1.37375e-09
       12600.0   1.33098e-09
       12800.0   1.28948e-09
       13000.0   1.25719e-09
       13200.0   1.22283e-09
       13400.0   1.18812e-09
       13600.0   1.15750e-09
       13800.0   1.12223e-09
       14000.0   1.08733e-09
       14200.0   1.05037e-09
       14400.0   1.01953e-09
       14600.0   9.93084e-10
       14800.0   9.66238e-10
       15000.0   9.47881e-10
       15200.0   9.28472e-10
       15400.0   9.03258e-10
       15600.0   8.82144e-10
       15800.0   8.63824e-10
       16000.0   8.51126e-10
       16200.0   8.31899e-10
       16400.0   8.08245e-10
       16600.0   7.77300e-10
       16800.0   7.51325e-10
       17000.0   7.27816e-10
       17200.0   7.02240e-10
       17400.0   6.74632e-10
       17600.0   6.47750e-10
       17800.0   6.25366e-10
       18000.0   6.02583e-10
       18200.0   5.80962e-10
       18400.0   5.59303e-10
       18600.0   5.39749e-10
       18800.0   5.22916e-10
       19000.0   5.06518e-10
       19200.0   4.90483e-10
       19400.0   4.73686e-10
       19600.0   4.54858e-10
       19800.0   4.38424e-10
       20000.0   4.24420e-10
       20200.0   4.09147e-10
       20400.0   3.95507e-10
       20600.0   3.83970e-10
       20800.0   3.70366e-10
       21000.0   3.56340e-10
       21200.0   3.45145e-10
       21400.0   3.33949e-10
       21600.0   3.22754e-10
       21800.0   3.11548e-10
       22000.0   3.00737e-10
       22200.0   2.90285e-10
       22400.0   2.81890e-10
       22600.0   2.72088e-10
       22800.0   2.63065e-10
       23000.0   2.52624e-10
       23200.0   2.43192e-10
       23400.0   2.35178e-10
       23600.0   2.25111e-10
       23800.0   2.17097e-10
       24000.0   2.11115e-10
       24200.0   2.04127e-10
       24400.0   1.98929e-10
       24600.0   1.93748e-10
       24800.0   1.88952e-10
       25000.0   1.83732e-10
       25200.0   1.77913e-10
       25400.0   1.73704e-10
       25600.0   1.69921e-10
