       229.000       0.00000
       234.000       0.00000
       243.000       0.00000
       252.000       0.00000
       256.000       0.00000
       260.000       0.00000
       266.000       0.00000
       275.000       0.00000
       283.000       0.00000
       293.000       0.00000
       301.000       0.00000
       309.000       0.00000
       325.000       0.00000
       342.000       0.00000
       351.000       0.00000
       356.000       0.00000
       365.000       0.00000
       375.000       0.00000
       384.000       0.00000
       400.000       0.00000
       415.000       0.00000
       425.000       0.00000
       445.000       0.00000
       472.000       0.00000
       494.000       0.00000
       506.000       0.00000
       516.000       0.00000
       540.000       0.00000
       564.000       0.00000
       587.000       0.00000
       612.000       0.00000
       640.000       0.00000
       671.000       0.00000
       705.000       0.00000
       736.000       0.00000
       770.000       0.00000
       810.000       0.00000
       850.000       0.00000
       890.000       0.00000
       920.000       0.00000
       940.000       0.00000
       962.000       0.00000
       987.000       0.00000
       1012.00       0.00000
       1037.00       0.00000
       1062.00       0.00000
       1087.00       0.00000
       1112.00       0.00000
       1120.00       0.00000
       1140.00       0.00000
       1160.00       0.00000
       1180.00       0.00000
       1200.00       0.00000
       1220.00       0.00000
       1240.00       0.00000
       1260.00       0.00000
       1280.00       0.00000
       1300.00       0.00000
       1320.00       0.00000
       1340.00       0.00000
       1360.00       0.00000
       1380.00       0.00000
       1400.00       0.00000
       1420.00       0.00000
       1440.00       0.00000
       1460.00       0.00000
       1480.00       0.00000
       1500.00       0.00000
       1520.00       0.00000
       1540.00       0.00000
       1560.00       0.00000
       1580.00       0.00000
       1600.00       0.00000
       1620.00       0.00000
       1640.00       0.00000
       1660.00       0.00000
       1680.00       0.00000
       1700.00       0.00000
       1720.00       0.00000
       1740.00       0.00000
       1760.00       0.00000
       1780.00       0.00000
       1800.00       0.00000
       1820.00       0.00000
       1840.00       0.00000
       1860.00       0.00000
       1880.00       0.00000
       1900.00       0.00000
       1920.00       0.00000
       1940.00       0.00000
       1960.00       0.00000
       1980.00       0.00000
       2000.00   3.19650e-13
       2002.50   2.95070e-13
       2005.00   4.22572e-13
       2007.50   4.21336e-13
       2010.00   5.31871e-13
       2012.50   5.63224e-13
       2015.00   5.33653e-13
       2017.50   4.18281e-13
       2020.00   3.40819e-13
       2022.50   2.50797e-13
       2025.00   1.93271e-13
       2027.50   2.49404e-13
       2030.00   3.38247e-13
       2032.50   4.05732e-13
       2035.00   4.30502e-13
       2037.50   4.96517e-13
       2040.00   4.50470e-13
       2042.50   4.23009e-13
       2045.00   4.69383e-13
       2047.50   5.16667e-13
       2050.00   6.00651e-13
       2052.50   6.04143e-13
       2055.00   5.68025e-13
       2057.50   5.49366e-13
       2060.00   5.24015e-13
       2062.50   6.56082e-13
       2065.00   7.78766e-13
       2067.50   8.37252e-13
       2070.00   8.75734e-13
       2072.50   7.71164e-13
       2075.00   8.11210e-13
       2077.50   8.90719e-13
       2080.00   1.02770e-12
       2082.50   1.13289e-12
       2085.00   1.11961e-12
       2087.50   1.08607e-12
       2090.00   9.93689e-13
       2092.50   9.38985e-13
       2095.00   8.89737e-13
       2097.50   8.13865e-13
       2100.00   7.41375e-13
       2102.50   6.28403e-13
       2105.00   5.03210e-13
       2107.50   3.51879e-13
       2110.00   3.14150e-13
       2112.50   2.61189e-13
       2115.00   3.49090e-13
       2117.50   4.88297e-13
       2120.00   6.02106e-13
       2122.50   7.10422e-13
       2125.00   8.66823e-13
       2127.50   9.86415e-13
       2130.00   1.08735e-12
       2132.50   1.14874e-12
       2135.00   1.18410e-12
       2137.50   1.12838e-12
       2140.00   1.00613e-12
       2142.50   7.53050e-13
       2145.00   5.28452e-13
       2147.50   3.42932e-13
       2150.00   2.76800e-13
       2152.50   2.90549e-13
       2155.00   2.57363e-13
       2157.50   2.25737e-13
       2160.00   2.42123e-13
       2162.50   2.37638e-13
       2165.00   3.73361e-13
       2167.50   4.17262e-13
       2170.00   4.00967e-13
       2172.50   3.53000e-13
       2175.00   3.10644e-13
       2177.50   2.75159e-13
       2180.00   2.30491e-13
       2182.50   1.41179e-13
       2185.00   1.05050e-13
       2187.50   2.31211e-14
       2190.00   4.77531e-14
       2192.50   1.42390e-13
       2195.00   2.53994e-13
       2197.50   3.52330e-13
       2200.00   4.24682e-13
       2202.50   4.84696e-13
       2205.00   4.85460e-13
       2207.50   4.54216e-13
       2210.00   3.96093e-13
       2212.50   3.55087e-13
       2215.00   2.53027e-13
       2217.50   2.07962e-13
       2220.00   1.46820e-13
       2222.50   5.75117e-14
       2225.00   4.98918e-14
       2227.50   4.22682e-14
       2230.00   3.46434e-14
       2232.50   2.70206e-14
       2235.00   1.93973e-14
       2237.50   9.35639e-14
       2240.00   2.02037e-13
       2242.50   3.12710e-13
       2245.00   4.87097e-13
       2247.50   5.96941e-13
       2250.00   6.84780e-13
       2252.50   8.23431e-13
       2255.00   9.15270e-13
       2257.50   9.88124e-13
       2260.00   9.92889e-13
       2262.50   9.14688e-13
       2265.00   8.79698e-13
       2267.50   8.74279e-13
       2270.00   9.18944e-13
       2272.50   9.74630e-13
       2275.00   9.85505e-13
       2277.50   9.76776e-13
       2280.00   8.82936e-13
       2282.50   7.57342e-13
       2285.00   6.10071e-13
       2287.50   4.89497e-13
       2290.00   3.74961e-13
       2292.50   3.01137e-13
       2295.00   2.59672e-13
       2297.50   2.10093e-13
       2300.00   1.98945e-13
       2302.50   2.26832e-13
       2305.00   2.43203e-13
       2307.50   2.78837e-13
       2310.00   3.00820e-13
       2312.50   3.30362e-13
       2315.00   4.15553e-13
       2317.50   5.48784e-13
       2320.00   7.51705e-13
       2322.50   9.52916e-13
       2325.00   1.19530e-12
       2327.50   1.34635e-12
       2330.00   1.46435e-12
       2332.50   1.49166e-12
       2335.00   1.48395e-12
       2337.50   1.38269e-12
       2340.00   1.23927e-12
       2342.50   1.05501e-12
       2345.00   8.59621e-13
       2347.50   6.34259e-13
       2350.00   5.41728e-13
       2352.50   5.16740e-13
       2355.00   6.46880e-13
       2357.50   7.39920e-13
       2360.00   9.01376e-13
       2362.50   1.03861e-12
       2365.00   1.12634e-12
       2367.50   1.21232e-12
       2370.00   1.33984e-12
       2372.50   1.41637e-12
       2375.00   1.42768e-12
       2377.50   1.51054e-12
       2380.00   1.44834e-12
       2382.50   1.34719e-12
       2385.00   1.29543e-12
       2387.50   1.26124e-12
       2390.00   1.26594e-12
       2392.50   1.21458e-12
       2395.00   1.05308e-12
       2397.50   9.49024e-13
       2400.00   7.33664e-13
       2402.50   5.80028e-13
       2405.00   4.38649e-13
       2407.50   3.49817e-13
       2410.00   1.91023e-13
       2412.50   3.31671e-13
       2415.00   5.13212e-13
       2417.50   7.61671e-13
       2420.00   9.43459e-13
       2422.50   1.16209e-12
       2425.00   1.23091e-12
       2427.50   1.25353e-12
       2430.00   1.14278e-12
       2432.50   1.05679e-12
       2435.00   8.37543e-13
       2437.50   7.09949e-13
       2440.00   6.47207e-13
       2442.50   6.97037e-13
       2445.00   7.55887e-13
       2447.50   7.90150e-13
       2450.00   1.05607e-12
       2452.50   1.41321e-12
       2455.00   1.54698e-12
       2457.50   1.70073e-12
       2460.00   1.96028e-12
       2462.50   2.00906e-12
       2465.00   1.59347e-12
       2467.50   1.55269e-12
       2470.00   1.54240e-12
       2472.50   1.40870e-12
       2475.00   1.35341e-12
       2477.50   1.76212e-12
       2480.00   1.80763e-12
       2482.50   1.50657e-12
       2485.00   1.41935e-12
       2487.50   1.42077e-12
       2490.00   1.14176e-12
       2492.50   1.10011e-12
       2495.00   1.36901e-12
       2497.50   1.56648e-12
       2500.00   1.57786e-12
       2502.50   1.68011e-12
       2505.00   1.70713e-12
       2507.50   1.57939e-12
       2510.00   1.45041e-12
       2512.50   1.23851e-12
       2515.00   9.96271e-13
       2517.50   9.08396e-13
       2520.00   8.82936e-13
       2522.50   1.04577e-12
       2525.00   1.22116e-12
       2527.50   1.56873e-12
       2530.00   1.73565e-12
       2532.50   1.85517e-12
       2535.00   1.79813e-12
       2537.50   1.72532e-12
       2540.00   1.68516e-12
       2542.50   1.64835e-12
       2545.00   1.72659e-12
       2547.50   1.80795e-12
       2550.00   1.85044e-12
       2552.50   1.92158e-12
       2555.00   1.99862e-12
       2557.50   2.17153e-12
       2560.00   2.31185e-12
       2562.50   2.48011e-12
       2565.00   2.62789e-12
       2567.50   2.76138e-12
       2570.00   2.05332e-12
       2572.50   1.36578e-12
       2575.00   9.14834e-13
       2577.50   4.74476e-13
       2580.00   2.50801e-13
       2582.50   5.84647e-13
       2585.00   1.31835e-12
       2587.50   1.79551e-12
       2590.00   2.36867e-12
       2592.50   2.52074e-12
       2595.00   2.54991e-12
       2597.50   2.96466e-12
       2600.00   3.26292e-12
       2602.50   3.39153e-12
       2605.00   3.66632e-12
       2607.50   4.03841e-12
       2610.00   3.99549e-12
       2612.50   3.84127e-12
       2615.00   3.97439e-12
       2617.50   4.05514e-12
       2620.00   3.97112e-12
       2622.50   4.15844e-12
       2625.00   4.69638e-12
       2627.50   4.76112e-12
       2630.00   4.57890e-12
       2632.50   4.85605e-12
       2635.00   5.03064e-12
       2637.50   4.60109e-12
       2640.00   4.32066e-12
       2642.50   4.40286e-12
       2645.00   4.19917e-12
       2647.50   3.88346e-12
       2650.00   3.70851e-12
       2652.50   3.60176e-12
       2655.00   3.84854e-12
       2657.50   4.31775e-12
       2660.00   5.12157e-12
       2662.50   5.72062e-12
       2665.00   6.25675e-12
       2667.50   6.48371e-12
       2670.00   6.53354e-12
       2672.50   6.16946e-12
       2675.00   5.94468e-12
       2677.50   5.63042e-12
       2680.00   5.34381e-12
       2682.50   5.09357e-12
       2685.00   5.13830e-12
       2687.50   5.24596e-12
       2690.00   5.39618e-12
       2692.50   5.59878e-12
       2695.00   6.05525e-12
       2697.50   6.17564e-12
       2700.00   5.93122e-12
       2702.50   6.01233e-12
       2705.00   6.48626e-12
       2707.50   6.62338e-12
       2710.00   6.67503e-12
       2712.50   6.72049e-12
       2715.00   6.79870e-12
       2717.50   6.27603e-12
       2720.00   6.07234e-12
       2722.50   6.16327e-12
       2725.00   6.65903e-12
       2727.50   7.12168e-12
       2730.00   7.47886e-12
       2732.50   7.79311e-12
       2735.00   7.92260e-12
       2737.50   8.09864e-12
       2740.00   8.29541e-12
       2742.50   8.32233e-12
       2745.00   8.30632e-12
       2747.50   8.48673e-12
       2750.00   8.58675e-12
       2752.50   8.41071e-12
       2755.00   8.36925e-12
       2757.50   8.58930e-12
       2760.00   8.47291e-12
       2762.50   8.13246e-12
       2765.00   8.28341e-12
       2767.50   8.39689e-12
       2770.00   8.46782e-12
       2772.50   8.55402e-12
       2775.00   8.67114e-12
       2777.50   8.84390e-12
       2780.00   8.82099e-12
       2782.50   1.07785e-11
       2785.00   1.31304e-11
       2787.50   2.07202e-11
       2790.00   2.79193e-11
       2792.50   3.69033e-11
       2795.00   4.37303e-11
       2797.50   4.82841e-11
       2800.00   4.57090e-11
       2802.50   3.99149e-11
       2805.00   3.31289e-11
       2807.50   2.46291e-11
       2810.00   1.72342e-11
       2812.50   1.23564e-11
       2815.00   1.12539e-11
       2817.50   1.05047e-11
       2820.00   1.08029e-11
       2822.50   1.06425e-11
       2825.00   1.02537e-11
       2827.50   9.54734e-12
       2830.00   9.07196e-12
       2832.50   8.98576e-12
       2835.00   9.16216e-12
       2837.50   9.80449e-12
       2840.00   9.92052e-12
       2842.50   9.81213e-12
       2845.00   9.02649e-12
       2847.50   8.08373e-12
       2850.00   7.33046e-12
       2852.50   7.10058e-12
       2855.00   7.43848e-12
       2857.50   8.42963e-12
       2860.00   9.97835e-12
       2862.50   1.14773e-11
       2865.00   1.27503e-11
       2867.50   1.31675e-11
       2870.00   1.34232e-11
       2872.50   1.31635e-11
       2875.00   1.27877e-11
       2877.50   1.23084e-11
       2880.00   1.27801e-11
       2882.50   1.34337e-11
       2885.00   1.44590e-11
       2887.50   1.56546e-11
       2890.00   1.71280e-11
       2892.50   1.79482e-11
       2895.00   1.82556e-11
       2897.50   1.81792e-11
       2900.00   1.78675e-11
       2902.50   1.78882e-11
       2905.00   1.82294e-11
       2907.50   1.92765e-11
       2910.00   2.01960e-11
       2912.50   2.12839e-11
       2915.00   2.20307e-11
       2917.50   2.25450e-11
       2920.00   2.20685e-11
       2922.50   2.16120e-11
       2925.00   2.14381e-11
       2927.50   2.13036e-11
       2930.00   2.12545e-11
       2932.50   2.12628e-11
       2935.00   2.13032e-11
       2937.50   2.10868e-11
       2940.00   2.06845e-11
       2942.50   2.06671e-11
       2945.00   2.08747e-11
       2947.50   2.14534e-11
       2950.00   2.20848e-11
       2952.50   2.29432e-11
       2955.00   2.29014e-11
       2957.50   2.24144e-11
       2960.00   2.15873e-11
       2962.50   2.08751e-11
       2965.00   1.99000e-11
       2967.50   1.96188e-11
       2970.00   2.04783e-11
       2972.50   2.12141e-11
       2975.00   2.18964e-11
       2977.50   2.24377e-11
       2980.00   2.29207e-11
       2982.50   2.33742e-11
       2985.00   2.38023e-11
       2987.50   2.40599e-11
       2990.00   2.44701e-11
       2992.50   2.53522e-11
       2995.00   2.50445e-11
       2997.50   2.44272e-11
       3000.00   2.45654e-11
       3002.50   2.50295e-11
       3005.00   2.56984e-11
       3007.50   2.61654e-11
       3010.00   2.62771e-11
       3012.50   2.58534e-11
       3015.00   2.46989e-11
       3017.50   2.39846e-11
       3020.00   2.36765e-11
       3022.50   2.54558e-11
       3025.00   2.74501e-11
       3027.50   3.10022e-11
       3030.00   3.34872e-11
       3032.50   3.46133e-11
       3035.00   3.45394e-11
       3037.50   3.40997e-11
       3040.00   3.28499e-11
       3042.50   3.18286e-11
       3045.00   3.26266e-11
       3047.50   3.33857e-11
       3050.00   3.41146e-11
       3052.50   3.43125e-11
       3055.00   3.36363e-11
       3057.50   3.22956e-11
       3060.00   3.10488e-11
       3062.50   3.05992e-11
       3065.00   3.05327e-11
       3067.50   3.23044e-11
       3070.00   3.46238e-11
       3072.50   3.74488e-11
       3075.00   3.89947e-11
       3077.50   4.02568e-11
       3080.00   4.07805e-11
       3082.50   4.10570e-11
       3085.00   4.07805e-11
       3087.50   4.01440e-11
       3090.00   3.93256e-11
       3092.50   3.94566e-11
       3095.00   3.99876e-11
       3097.50   4.22391e-11
       3100.00   4.53271e-11
       3102.50   4.99500e-11
       3105.00   5.43037e-11
       3107.50   5.84902e-11
       3110.00   6.02651e-11
       3112.50   6.06798e-11
       3115.00   5.91630e-11
       3117.50   5.78136e-11
       3120.00   5.61442e-11
       3122.50   5.54640e-11
       3125.00   5.69916e-11
       3127.50   5.87884e-11
       3130.00   6.06179e-11
       3132.50   6.35896e-11
       3135.00   6.74159e-11
       3137.50   6.89217e-11
       3140.00   7.01838e-11
       3142.50   7.11331e-11
       3145.00   7.18060e-11
       3147.50   7.19006e-11
       3150.00   7.25226e-11
       3152.50   7.36974e-11
       3155.00   7.60579e-11
       3157.50   7.84985e-11
       3160.00   8.15356e-11
       3162.50   8.54274e-11
       3165.00   9.06068e-11
       3167.50   9.66919e-11
       3170.00   1.02562e-10
       3172.50   1.05541e-10
       3175.00   1.07687e-10
       3177.50   1.06949e-10
       3180.00   1.05872e-10
       3182.50   1.04479e-10
       3185.00   1.02180e-10
       3187.50   9.84996e-11
       3190.00   9.59063e-11
       3192.50   9.34984e-11
       3195.00   9.13452e-11
       3197.50   9.01522e-11
       3200.00   9.18362e-11
       3202.50   9.12906e-11
       3205.00   9.07414e-11
       3207.50   9.01958e-11
       3210.00   8.96466e-11
       3212.50   8.91010e-11
       3215.00   8.85554e-11
       3217.50   8.80062e-11
       3220.00   8.74606e-11
       3222.50   8.62094e-11
       3225.00   8.49582e-11
       3227.50   8.37107e-11
       3230.00   8.24595e-11
       3232.50   8.12082e-11
       3235.00   7.99570e-11
       3237.50   7.87095e-11
       3240.00   7.74583e-11
       3260.00   1.23502e-10
       3270.00   1.26619e-10
       3280.00   1.52898e-10
       3290.00   1.35116e-10
       3300.00   1.43547e-10
       3310.00   1.76183e-10
       3320.00   1.66690e-10
       3330.00   1.23207e-10
       3340.00   1.14551e-10
       3350.00   1.45380e-10
       3360.00   1.33111e-10
       3370.00   1.36559e-10
       3380.00   1.32133e-10
       3390.00   1.26386e-10
       3400.00   1.89237e-10
       3410.00   1.77544e-10
       3420.00   2.00229e-10
       3430.00   2.16658e-10
       3440.00   1.52902e-10
       3450.00   1.61045e-10
       3460.00   1.76558e-10
       3470.00   1.83909e-10
       3480.00   1.74725e-10
       3490.00   1.89063e-10
       3500.00   1.83236e-10
       3510.00   2.60487e-10
       3520.00   1.92176e-10
       3530.00   2.17317e-10
       3540.00   2.80375e-10
       3550.00   2.36710e-10
       3560.00   2.04568e-10
       3570.00   1.87979e-10
       3580.00   1.40393e-10
       3590.00   1.50636e-10
       3600.00   1.88394e-10
       3610.00   2.17746e-10
       3620.00   2.29352e-10
       3630.00   2.55522e-10
       3640.00   2.56741e-10
       3650.00   2.93462e-10
       3660.00   3.34464e-10
       3670.00   3.51836e-10
       3680.00   3.01671e-10
       3690.00   3.17460e-10
       3700.00   3.11743e-10
       3710.00   3.12419e-10
       3720.00   2.69267e-10
       3730.00   1.67687e-10
       3740.00   1.47118e-10
       3750.00   1.93915e-10
       3760.00   2.12043e-10
       3770.00   2.84998e-10
       3780.00   3.55229e-10
       3790.00   3.14951e-10
       3800.00   2.72846e-10
       3810.00   2.94153e-10
       3820.00   2.14938e-10
       3830.00   1.68654e-10
       3840.00   1.96846e-10
       3850.00   2.30247e-10
       3860.00   2.39045e-10
       3870.00   2.43938e-10
       3880.00   2.38820e-10
       3890.00   2.89283e-10
       3900.00   3.19213e-10
       3910.00   3.47369e-10
       3920.00   3.17202e-10
       3930.00   1.97352e-10
       3940.00   1.68600e-10
       3950.00   3.15554e-10
       3960.00   2.92276e-10
       3970.00   2.30032e-10
       3980.00   3.97767e-10
       3990.00   6.14290e-10
       4000.00   6.84161e-10
       4010.00   7.83567e-10
       4020.00   8.51656e-10
       4030.00   8.02007e-10
       4040.00   7.71964e-10
       4050.00   8.45909e-10
       4060.00   8.10518e-10
       4070.00   8.01789e-10
       4080.00   8.98030e-10
       4090.00   1.06025e-09
       4100.00   9.75176e-10
       4110.00   9.05523e-10
       4120.00   9.47933e-10
       4130.00   9.15816e-10
       4140.00   8.85954e-10
       4150.00   8.93338e-10
       4160.00   9.60154e-10
       4170.00   9.31165e-10
       4180.00   9.52297e-10
       4190.00   9.99436e-10
       4200.00   9.92743e-10
       4210.00   1.02337e-09
       4220.00   9.16143e-10
       4230.00   8.60530e-10
       4240.00   1.10728e-09
       4250.00   1.16900e-09
       4260.00   1.16598e-09
       4270.00   1.13110e-09
       4280.00   1.08913e-09
       4290.00   1.13943e-09
       4300.00   9.11415e-10
       4310.00   1.10055e-09
       4320.00   1.39582e-09
       4330.00   1.55415e-09
       4340.00   1.74125e-09
       4350.00   1.67585e-09
       4360.00   1.82654e-09
       4370.00   1.77951e-09
       4380.00   1.52523e-09
       4390.00   1.53516e-09
       4400.00   1.63973e-09
       4410.00   1.68061e-09
       4420.00   1.79733e-09
       4430.00   1.79777e-09
       4440.00   1.92078e-09
       4450.00   1.99076e-09
       4460.00   1.86033e-09
       4470.00   1.98192e-09
       4480.00   2.27526e-09
       4490.00   2.15971e-09
       4500.00   2.29483e-09
       4510.00   2.46622e-09
       4520.00   2.39016e-09
       4530.00   2.09609e-09
       4540.00   2.16233e-09
       4550.00   2.34310e-09
       4560.00   2.47593e-09
       4570.00   2.60069e-09
       4580.00   2.55038e-09
       4590.00   2.46920e-09
       4600.00   2.50237e-09
       4610.00   2.72210e-09
       4620.00   2.92582e-09
       4630.00   2.80513e-09
       4640.00   2.56701e-09
       4650.00   2.51092e-09
       4660.00   2.66045e-09
       4670.00   2.68394e-09
       4680.00   2.63669e-09
       4690.00   2.65190e-09
       4700.00   2.64873e-09
       4710.00   2.62240e-09
       4720.00   2.75239e-09
       4730.00   2.76683e-09
       4740.00   2.74818e-09
       4750.00   2.83183e-09
       4760.00   2.70587e-09
       4770.00   2.63306e-09
       4780.00   2.60200e-09
       4790.00   2.64379e-09
       4800.00   2.79793e-09
       4810.00   2.79255e-09
       4820.00   2.86577e-09
       4830.00   2.83234e-09
       4840.00   2.77669e-09
       4850.00   2.81619e-09
       4860.00   2.74487e-09
       4870.00   2.71053e-09
       4880.00   2.74312e-09
       4890.00   2.85686e-09
       4900.00   3.00787e-09
       4910.00   3.05316e-09
       4920.00   2.92473e-09
       4930.00   2.97321e-09
       4940.00   3.11844e-09
       4950.00   3.10448e-09
       4960.00   2.94644e-09
       4970.00   2.96677e-09
       4980.00   2.83980e-09
       4990.00   2.79244e-09
       5000.00   2.72224e-09
       5010.00   2.60883e-09
       5020.00   2.62953e-09
       5030.00   2.78007e-09
       5040.00   2.79415e-09
       5050.00   2.74803e-09
       5060.00   2.84995e-09
       5070.00   2.79779e-09
       5080.00   2.61680e-09
       5090.00   2.64451e-09
       5100.00   2.60232e-09
       5110.00   2.58014e-09
       5120.00   2.56282e-09
       5130.00   2.55457e-09
       5140.00   2.58654e-09
       5150.00   2.51659e-09
       5160.00   2.59428e-09
       5170.00   2.23682e-09
       5180.00   1.97083e-09
       5190.00   2.37409e-09
       5200.00   2.68198e-09
       5210.00   2.60574e-09
       5220.00   2.86064e-09
       5230.00   3.07920e-09
       5240.00   3.26630e-09
       5250.00   3.15322e-09
       5260.00   3.00940e-09
       5270.00   2.90650e-09
       5280.00   3.16606e-09
       5290.00   3.55197e-09
       5300.00   3.50192e-09
       5310.00   3.59787e-09
       5320.00   3.68596e-09
       5330.00   3.36178e-09
       5340.00   3.33195e-09
       5350.00   3.57357e-09
       5360.00   3.81545e-09
       5370.00   3.78780e-09
       5380.00   3.72197e-09
       5390.00   3.68160e-09
       5400.00   3.47471e-09
       5410.00   3.41106e-09
       5420.00   3.73579e-09
       5430.00   3.79508e-09
       5440.00   3.73615e-09
       5450.00   3.66523e-09
       5460.00   3.55338e-09
       5470.00   3.56510e-09
       5480.00   3.49326e-09
       5490.00   3.54105e-09
       5500.00   3.71760e-09
       5510.00   3.64268e-09
       5520.00   3.64850e-09
       5530.00   3.74670e-09
       5540.00   3.82454e-09
       5550.00   3.99985e-09
       5560.00   3.95984e-09
       5570.00   3.93147e-09
       5580.00   4.01440e-09
       5590.00   3.90347e-09
       5600.00   3.74670e-09
       5610.00   3.96093e-09
       5620.00   4.00676e-09
       5630.00   3.86564e-09
       5640.00   3.98894e-09
       5650.00   4.00640e-09
       5660.00   4.07260e-09
       5670.00   3.99221e-09
       5680.00   4.15152e-09
       5690.00   4.33048e-09
       5700.00   4.13625e-09
       5710.00   4.05987e-09
       5720.00   4.13807e-09
       5730.00   4.34539e-09
       5740.00   4.31338e-09
       5760.00   4.29701e-09
       5780.00   4.27046e-09
       5800.00   4.40395e-09
       5820.00   4.54907e-09
       5840.00   4.44250e-09
       5860.00   4.29483e-09
       5880.00   3.90638e-09
       5900.00   3.82818e-09
       5920.00   4.21118e-09
       5940.00   4.27810e-09
       5960.00   4.36285e-09
       5980.00   4.42141e-09
       6000.00   4.40140e-09
       6020.00   4.54180e-09
       6040.00   4.66837e-09
       6060.00   4.71675e-09
       6080.00   4.74330e-09
       6100.00   4.74221e-09
       6120.00   4.65746e-09
       6140.00   4.44905e-09
       6160.00   4.32320e-09
       6180.00   4.16316e-09
       6200.00   4.06387e-09
       6220.00   3.93911e-09
       6240.00   3.78489e-09
       6260.00   3.88055e-09
       6280.00   4.15953e-09
       6300.00   4.30211e-09
       6320.00   4.44032e-09
       6340.00   4.49597e-09
       6360.00   4.53962e-09
       6380.00   4.65383e-09
       6400.00   4.69347e-09
       6420.00   4.74294e-09
       6440.00   4.77022e-09
       6460.00   4.78367e-09
       6480.00   4.60472e-09
       6500.00   4.61636e-09
       6520.00   4.86951e-09
       6540.00   4.79277e-09
       6560.00   4.64400e-09
       6580.00   4.75785e-09
       6600.00   4.84223e-09
       6620.00   4.79531e-09
       6640.00   4.75094e-09
       6660.00   4.68692e-09
       6680.00   4.67165e-09
       6700.00   4.70147e-09
       6720.00   4.62109e-09
       6740.00   4.58908e-09
       6760.00   4.65492e-09
       6780.00   4.63964e-09
       6800.00   4.76221e-09
       6820.00   4.92480e-09
       6840.00   5.01791e-09
       6860.00   4.77931e-09
       6880.00   4.70656e-09
       6900.00   4.94517e-09
       6920.00   5.00773e-09
       6940.00   4.89497e-09
       6960.00   4.95717e-09
       6980.00   4.88515e-09
       7000.00   4.86624e-09
       7020.00   4.97936e-09
       7040.00   4.95826e-09
       7060.00   4.82441e-09
       7080.00   4.62545e-09
       7100.00   4.55053e-09
       7120.00   4.39704e-09
       7140.00   4.34139e-09
       7160.00   4.51161e-09
       7180.00   4.48651e-09
       7200.00   4.52434e-09
       7220.00   4.63637e-09
       7240.00   4.67492e-09
       7260.00   4.72148e-09
       7280.00   4.77567e-09
       7300.00   4.83787e-09
       7320.00   4.93462e-09
       7340.00   4.88079e-09
       7360.00   4.99900e-09
       7380.00   5.06047e-09
       7400.00   5.03319e-09
       7420.00   5.05865e-09
       7440.00   5.12266e-09
       7460.00   5.11939e-09
       7480.00   5.11793e-09
       7500.00   5.15613e-09
       7520.00   5.38600e-09
       7540.00   5.59368e-09
       7560.00   5.75990e-09
       7580.00   5.28561e-09
       7600.00   4.38212e-09
       7620.00   5.23396e-09
       7640.00   5.06119e-09
       7660.00   4.96772e-09
       7680.00   4.61563e-09
       7700.00   4.86151e-09
       7720.00   4.96772e-09
       7740.00   5.05065e-09
       7760.00   5.06738e-09
       7780.00   5.06338e-09
       7800.00   5.08738e-09
       7820.00   5.06301e-09
       7840.00   5.02810e-09
       7860.00   4.99172e-09
       7880.00   4.94480e-09
       7900.00   4.87315e-09
       7920.00   4.83605e-09
       7940.00   4.83132e-09
       7960.00   4.89206e-09
       7980.00   4.93753e-09
       8000.00   4.99682e-09
       8020.00   4.96335e-09
       8040.00   5.00627e-09
       8060.00   5.00045e-09
       8080.00   4.95171e-09
       8100.00   4.89461e-09
       8120.00   5.05246e-09
       8140.00   4.97172e-09
       8160.00   4.84805e-09
       8180.00   4.88152e-09
       8200.00   5.08556e-09
       8220.00   4.97135e-09
       8240.00   5.01828e-09
       8260.00   5.18268e-09
       8280.00   4.96190e-09
       8300.00   4.91207e-09
       8320.00   4.82368e-09
       8340.00   4.75712e-09
       8360.00   4.75349e-09
       8380.00   4.86624e-09
       8400.00   4.95899e-09
       8420.00   4.95426e-09
       8440.00   4.96226e-09
       8460.00   4.95135e-09
       8480.00   4.95753e-09
       8500.00   4.86769e-09
       8520.00   4.73239e-09
       8540.00   4.52289e-09
       8560.00   4.78913e-09
       8580.00   4.90952e-09
       8600.00   4.99863e-09
       8620.00   5.03282e-09
       8640.00   4.78768e-09
       8660.00   4.61200e-09
       8680.00   4.83860e-09
       8700.00   4.92443e-09
       8720.00   5.00191e-09
       8740.00   4.93644e-09
       8760.00   4.95935e-09
       8780.00   4.94262e-09
       8800.00   4.87679e-09
       8820.00   4.89352e-09
       8840.00   4.94153e-09
       8860.00   5.04046e-09
       8880.00   4.91971e-09
       8900.00   4.91752e-09
       8920.00   4.94626e-09
       8940.00   4.89170e-09
       8960.00   4.74439e-09
       8980.00   4.77749e-09
       9000.00   4.56690e-09
       9020.00   4.88261e-09
       9040.00   5.12375e-09
       9060.00   4.75894e-09
       9080.00   4.55053e-09
       9100.00   4.72002e-09
       9120.00   4.67638e-09
       9140.00   4.53271e-09
       9160.00   4.48106e-09
       9180.00   4.57017e-09
       9200.00   4.81750e-09
       9220.00   4.74803e-09
       9240.00   4.68292e-09
       9260.00   4.64291e-09
       9280.00   4.86078e-09
       9300.00   4.76512e-09
       9320.00   4.11443e-09
       9340.00   4.55999e-09
       9360.00   4.23009e-09
       9380.00   4.54798e-09
       9400.00   4.97063e-09
       9420.00   4.21809e-09
       9440.00   4.12752e-09
       9460.00   4.45269e-09
       9480.00   4.42614e-09
       9500.00   4.46214e-09
       9520.00   4.75349e-09
       9540.00   4.78149e-09
       9560.00   4.71238e-09
       9580.00   4.59163e-09
       9600.00   4.45705e-09
       9620.00   4.51015e-09
       9640.00   4.33229e-09
       9660.00   4.45705e-09
       9680.00   4.63346e-09
       9700.00   4.46214e-09
       9720.00   4.42468e-09
       9740.00   4.33229e-09
       9760.00   4.49088e-09
       9780.00   4.55889e-09
       9800.00   4.50434e-09
       9820.00   4.59854e-09
       9840.00   4.67019e-09
       9860.00   4.56471e-09
       9880.00   4.57599e-09
       9900.00   4.57017e-09
       9920.00   4.63127e-09
       9940.00   4.66728e-09
       9960.00   4.65964e-09
       9980.00   4.67819e-09
       10000.0   4.67383e-09
       10020.0   4.79131e-09
       10040.0   4.65128e-09
       10060.0   4.61054e-09
       10080.0   4.59890e-09
       10100.0   4.70038e-09
       10120.0   4.63382e-09
       10140.0   4.61745e-09
       10160.0   4.61782e-09
       10180.0   4.50688e-09
       10200.0   4.48797e-09
       10220.0   4.46505e-09
       10240.0   4.60036e-09
       10260.0   4.64546e-09
       10280.0   4.60290e-09
       10300.0   4.56071e-09
       10320.0   4.49997e-09
       10340.0   4.50652e-09
       10360.0   4.48288e-09
       10380.0   4.39304e-09
       10400.0   4.44032e-09
       10420.0   4.61600e-09
       10440.0   4.40322e-09
       10460.0   4.53271e-09
       10480.0   4.39922e-09
       10500.0   4.46360e-09
       10520.0   4.42032e-09
       10540.0   4.46214e-09
       10560.0   4.42104e-09
       10580.0   4.40031e-09
       10600.0   4.38394e-09
       10800.0   4.23227e-09
       11000.0   4.06569e-09
       11200.0   3.89219e-09
       11400.0   3.71942e-09
       11600.0   3.55335e-09
       11800.0   3.39906e-09
       12000.0   3.26077e-09
       12200.0   3.14198e-09
       12400.0   3.04570e-09
       12600.0   2.96786e-09
       12800.0   2.91232e-09
       13000.0   2.87533e-09
       13200.0   2.83834e-09
       13400.0   2.80095e-09
       13600.0   2.77033e-09
       13800.0   2.70871e-09
       14000.0   2.61011e-09
       14200.0   2.49943e-09
       14400.0   2.45061e-09
       14600.0   2.40722e-09
       14800.0   2.38263e-09
       15000.0   2.37020e-09
       15200.0   2.35808e-09
       15400.0   2.35201e-09
       15600.0   2.32709e-09
       15800.0   2.30222e-09
       16000.0   2.29647e-09
       16200.0   2.29680e-09
       16400.0   2.26588e-09
       16600.0   2.20394e-09
       16800.0   2.14203e-09
       17000.0   2.06802e-09
       17200.0   2.00611e-09
       17400.0   1.93780e-09
       17600.0   1.86982e-09
       17800.0   1.80792e-09
       18000.0   1.75205e-09
       18200.0   1.69655e-09
       18400.0   1.63464e-09
       18600.0   1.58514e-09
       18800.0   1.52931e-09
       19000.0   1.47984e-09
       19200.0   1.42717e-09
       19400.0   1.38374e-09
       19600.0   1.34039e-09
       19800.0   1.29089e-09
       20000.0   1.24273e-09
       20200.0   1.20123e-09
       20400.0   1.16038e-09
       20600.0   1.12081e-09
       20800.0   1.08731e-09
       21000.0   1.04901e-09
       21200.0   1.01246e-09
       21400.0   9.80231e-10
       21600.0   9.49279e-10
       21800.0   9.19599e-10
       22000.0   8.89919e-10
       22200.0   8.60239e-10
       22400.0   8.34233e-10
       22600.0   8.05208e-10
       22800.0   7.59888e-10
       23000.0   7.08967e-10
       23200.0   6.62338e-10
       23400.0   6.25166e-10
       23600.0   5.92322e-10
       23800.0   5.66934e-10
       24000.0   5.53876e-10
       24200.0   5.32926e-10
       24400.0   5.19941e-10
       24600.0   5.05683e-10
       24800.0   4.93935e-10
       25000.0   4.83423e-10
       25200.0   4.72875e-10
       25400.0   4.62982e-10
       25600.0   4.59199e-10
