       229.000       0.00000
       234.000       0.00000
       243.000  -7.10191e-09
       252.000  -3.17942e-09
       256.000   1.55094e-08
       260.000   4.46275e-08
       266.000   1.49494e-07
       275.000   2.83868e-07
       283.000   2.97332e-07
       293.000   1.70551e-07
       301.000   1.47612e-07
       309.000   4.24765e-07
       325.000   1.01366e-06
       342.000   1.20645e-06
       351.000   1.10849e-06
       356.000   1.02402e-06
       365.000   8.34365e-07
       375.000   6.60098e-07
       384.000   6.05412e-07
       400.000   7.30461e-07
       415.000   7.46138e-07
       425.000   7.67611e-07
       445.000   8.32359e-07
       472.000   8.38812e-07
       494.000   8.49786e-07
       506.000   8.83619e-07
       516.000   9.16904e-07
       540.000   8.58208e-07
       564.000   8.89452e-07
       587.000   8.65900e-07
       612.000   8.50114e-07
       640.000   8.00933e-07
       671.000   7.93241e-07
       705.000   7.38445e-07
       736.000   7.38810e-07
       770.000   6.61666e-07
       810.000   6.44385e-07
       850.000   5.84413e-07
       890.000   5.61517e-07
       920.000   5.93746e-07
       940.000   8.38667e-07
       962.000   9.75637e-07
       987.000   9.57992e-07
       1012.00   8.99806e-07
       1037.00   8.40307e-07
       1062.00   8.01188e-07
       1087.00   7.62762e-07
       1112.00   7.14456e-07
       1120.00   7.24810e-07
       1140.00   6.87478e-07
       1160.00   6.62577e-07
       1180.00   6.18281e-07
       1200.00   5.72053e-07
       1220.00   5.49049e-07
       1240.00   5.32898e-07
       1260.00   5.05774e-07
       1280.00   4.83717e-07
       1300.00   4.54806e-07
       1320.00   4.26807e-07
       1340.00   4.03730e-07
       1360.00   3.82001e-07
       1380.00   3.67527e-07
       1400.00   3.53517e-07
       1420.00   3.39641e-07
       1440.00   3.28631e-07
       1460.00   3.22415e-07
       1480.00   3.16527e-07
       1500.00   3.05699e-07
       1520.00   2.87915e-07
       1540.00   2.60357e-07
       1560.00   2.31527e-07
       1580.00   2.49194e-07
       1600.00   2.43138e-07
       1620.00   2.34870e-07
       1640.00   2.27039e-07
       1660.00   2.19678e-07
       1680.00   2.11887e-07
       1700.00   2.04041e-07
       1720.00   1.97891e-07
       1740.00   1.93753e-07
       1760.00   1.86739e-07
       1780.00   1.82991e-07
       1800.00   1.76170e-07
       1820.00   1.68896e-07
       1840.00   1.65808e-07
       1860.00   1.59024e-07
       1880.00   1.54069e-07
       1900.00   1.49271e-07
       1920.00   1.44412e-07
       1940.00   1.41776e-07
       1960.00   1.37503e-07
       1980.00   1.32712e-07
       2000.00   1.28516e-07
       2002.50   1.28031e-07
       2005.00   1.27546e-07
       2007.50   1.27058e-07
       2010.00   1.26573e-07
       2012.50   1.26084e-07
       2015.00   1.25599e-07
       2017.50   1.25115e-07
       2020.00   1.24626e-07
       2022.50   1.24141e-07
       2025.00   1.23653e-07
       2027.50   1.23164e-07
       2030.00   1.22676e-07
       2032.50   1.22191e-07
       2035.00   1.21702e-07
       2037.50   1.21214e-07
       2040.00   1.20725e-07
       2042.50   1.20539e-07
       2045.00   1.20353e-07
       2047.50   1.20167e-07
       2050.00   1.19981e-07
       2052.50   1.19795e-07
       2055.00   1.19610e-07
       2057.50   1.19424e-07
       2060.00   1.19238e-07
       2062.50   1.18735e-07
       2065.00   1.18228e-07
       2067.50   1.17721e-07
       2070.00   1.17218e-07
       2072.50   1.16711e-07
       2075.00   1.16204e-07
       2077.50   1.15701e-07
       2080.00   1.15195e-07
       2082.50   1.14732e-07
       2085.00   1.14265e-07
       2087.50   1.13798e-07
       2090.00   1.13335e-07
       2092.50   1.12869e-07
       2095.00   1.12402e-07
       2097.50   1.11939e-07
       2100.00   1.11472e-07
       2102.50   1.11082e-07
       2105.00   1.10696e-07
       2107.50   1.10306e-07
       2110.00   1.09915e-07
       2112.50   1.09525e-07
       2115.00   1.09135e-07
       2117.50   1.08745e-07
       2120.00   1.08359e-07
       2122.50   1.07983e-07
       2125.00   1.07611e-07
       2127.50   1.07236e-07
       2130.00   1.06864e-07
       2132.50   1.06488e-07
       2135.00   1.06117e-07
       2137.50   1.05741e-07
       2140.00   1.05369e-07
       2142.50   1.04986e-07
       2145.00   1.04604e-07
       2147.50   1.04221e-07
       2150.00   1.03838e-07
       2152.50   1.03455e-07
       2155.00   1.03072e-07
       2157.50   1.02690e-07
       2160.00   1.02307e-07
       2162.50   1.01917e-07
       2165.00   1.01527e-07
       2167.50   1.01133e-07
       2170.00   1.00743e-07
       2172.50   1.00353e-07
       2175.00   9.99626e-08
       2177.50   9.95725e-08
       2180.00   9.91824e-08
       2182.50   9.88142e-08
       2185.00   9.84460e-08
       2187.50   9.80778e-08
       2190.00   9.77095e-08
       2192.50   9.73413e-08
       2195.00   9.69768e-08
       2197.50   9.66085e-08
       2200.00   9.62403e-08
       2202.50   9.59085e-08
       2205.00   9.55731e-08
       2207.50   9.52414e-08
       2210.00   9.49096e-08
       2212.50   9.45742e-08
       2215.00   9.42424e-08
       2217.50   9.39107e-08
       2220.00   9.35789e-08
       2222.50   9.32654e-08
       2225.00   9.29519e-08
       2227.50   9.26383e-08
       2230.00   9.23211e-08
       2232.50   9.20076e-08
       2235.00   9.16941e-08
       2237.50   9.13805e-08
       2240.00   9.10670e-08
       2242.50   9.06769e-08
       2245.00   9.02832e-08
       2247.50   8.98931e-08
       2250.00   8.94993e-08
       2252.50   8.91092e-08
       2255.00   8.87155e-08
       2257.50   8.83254e-08
       2260.00   8.79317e-08
       2262.50   8.75926e-08
       2265.00   8.72499e-08
       2267.50   8.69072e-08
       2270.00   8.65645e-08
       2272.50   8.62255e-08
       2275.00   8.58828e-08
       2277.50   8.55401e-08
       2280.00   8.51974e-08
       2282.50   8.48692e-08
       2285.00   8.45411e-08
       2287.50   8.42130e-08
       2290.00   8.38849e-08
       2292.50   8.35568e-08
       2295.00   8.32287e-08
       2297.50   8.29005e-08
       2300.00   8.25761e-08
       2302.50   8.22917e-08
       2305.00   8.20110e-08
       2307.50   8.17266e-08
       2310.00   8.14459e-08
       2312.50   8.11615e-08
       2315.00   8.08808e-08
       2317.50   8.05964e-08
       2320.00   8.03157e-08
       2322.50   8.00860e-08
       2325.00   7.98527e-08
       2327.50   7.96230e-08
       2330.00   7.93933e-08
       2332.50   7.91636e-08
       2335.00   7.89340e-08
       2337.50   7.87006e-08
       2340.00   7.84710e-08
       2342.50   7.81866e-08
       2345.00   7.79022e-08
       2347.50   7.76179e-08
       2350.00   7.73298e-08
       2352.50   7.70455e-08
       2355.00   7.67611e-08
       2357.50   7.64767e-08
       2360.00   7.61924e-08
       2362.50   7.58096e-08
       2365.00   7.54304e-08
       2367.50   7.50476e-08
       2370.00   7.46684e-08
       2372.50   7.42856e-08
       2375.00   7.39028e-08
       2377.50   7.35237e-08
       2380.00   7.31409e-08
       2382.50   7.28966e-08
       2385.00   7.26560e-08
       2387.50   7.24117e-08
       2390.00   7.21675e-08
       2392.50   7.19232e-08
       2395.00   7.16789e-08
       2397.50   7.14347e-08
       2400.00   7.11904e-08
       2402.50   7.09935e-08
       2405.00   7.07930e-08
       2407.50   7.05925e-08
       2410.00   7.03920e-08
       2412.50   7.01915e-08
       2415.00   6.99910e-08
       2417.50   6.97905e-08
       2420.00   6.95899e-08
       2422.50   6.93420e-08
       2425.00   6.90905e-08
       2427.50   6.88426e-08
       2430.00   6.85946e-08
       2432.50   6.83467e-08
       2435.00   6.80988e-08
       2437.50   6.78473e-08
       2440.00   6.75994e-08
       2442.50   6.73843e-08
       2445.00   6.71692e-08
       2447.50   6.69541e-08
       2450.00   6.67390e-08
       2452.50   6.65239e-08
       2455.00   6.63088e-08
       2457.50   6.60937e-08
       2460.00   6.58786e-08
       2462.50   6.55140e-08
       2465.00   6.51458e-08
       2467.50   6.47812e-08
       2470.00   6.44166e-08
       2472.50   6.40521e-08
       2475.00   6.36875e-08
       2477.50   6.33229e-08
       2480.00   6.29547e-08
       2482.50   6.27141e-08
       2485.00   6.24734e-08
       2487.50   6.22292e-08
       2490.00   6.19886e-08
       2492.50   6.17443e-08
       2495.00   6.15037e-08
       2497.50   6.12631e-08
       2500.00   6.10188e-08
       2502.50   6.08620e-08
       2505.00   6.07016e-08
       2507.50   6.05448e-08
       2510.00   6.03881e-08
       2512.50   6.02313e-08
       2515.00   6.00709e-08
       2517.50   5.99141e-08
       2520.00   5.97574e-08
       2522.50   5.96626e-08
       2525.00   5.95714e-08
       2527.50   5.94766e-08
       2530.00   5.93855e-08
       2532.50   5.92907e-08
       2535.00   5.91996e-08
       2537.50   5.91048e-08
       2540.00   5.90136e-08
       2542.50   5.88241e-08
       2545.00   5.86381e-08
       2547.50   5.84485e-08
       2550.00   5.82626e-08
       2552.50   5.80730e-08
       2555.00   5.78871e-08
       2557.50   5.76975e-08
       2560.00   5.75079e-08
       2562.50   5.73038e-08
       2565.00   5.70996e-08
       2567.50   5.68918e-08
       2570.00   5.66877e-08
       2572.50   5.64835e-08
       2575.00   5.62757e-08
       2577.50   5.60715e-08
       2580.00   5.58674e-08
       2582.50   5.56778e-08
       2585.00   5.54918e-08
       2587.50   5.53059e-08
       2590.00   5.51200e-08
       2592.50   5.49304e-08
       2595.00   5.47445e-08
       2597.50   5.45585e-08
       2600.00   5.43726e-08
       2602.50   5.42013e-08
       2605.00   5.40263e-08
       2607.50   5.38513e-08
       2610.00   5.36799e-08
       2612.50   5.35086e-08
       2615.00   5.33336e-08
       2617.50   5.31586e-08
       2620.00   5.29872e-08
       2622.50   5.28195e-08
       2625.00   5.26482e-08
       2627.50   5.24805e-08
       2630.00   5.23128e-08
       2632.50   5.21414e-08
       2635.00   5.19737e-08
       2637.50   5.18060e-08
       2640.00   5.16347e-08
       2642.50   5.14706e-08
       2645.00   5.13065e-08
       2647.50   5.11425e-08
       2650.00   5.09784e-08
       2652.50   5.08144e-08
       2655.00   5.06503e-08
       2657.50   5.04862e-08
       2660.00   5.03185e-08
       2662.50   5.01399e-08
       2665.00   4.99613e-08
       2667.50   4.97790e-08
       2670.00   4.96003e-08
       2672.50   4.94217e-08
       2675.00   4.92394e-08
       2677.50   4.90608e-08
       2680.00   4.88821e-08
       2682.50   4.87326e-08
       2685.00   4.85832e-08
       2687.50   4.84337e-08
       2690.00   4.82842e-08
       2692.50   4.81347e-08
       2695.00   4.79853e-08
       2697.50   4.78358e-08
       2700.00   4.76863e-08
       2702.50   4.75332e-08
       2705.00   4.73764e-08
       2707.50   4.72197e-08
       2710.00   4.70665e-08
       2712.50   4.69098e-08
       2715.00   4.67530e-08
       2717.50   4.65999e-08
       2720.00   4.64431e-08
       2722.50   4.62645e-08
       2725.00   4.60895e-08
       2727.50   4.59108e-08
       2730.00   4.57322e-08
       2732.50   4.55536e-08
       2735.00   4.53749e-08
       2737.50   4.51999e-08
       2740.00   4.50213e-08
       2742.50   4.49192e-08
       2745.00   4.48171e-08
       2747.50   4.47114e-08
       2750.00   4.46093e-08
       2752.50   4.45072e-08
       2755.00   4.44051e-08
       2757.50   4.43031e-08
       2760.00   4.41973e-08
       2762.50   4.40552e-08
       2765.00   4.39093e-08
       2767.50   4.37635e-08
       2770.00   4.36177e-08
       2772.50   4.34718e-08
       2775.00   4.33296e-08
       2777.50   4.31838e-08
       2780.00   4.30380e-08
       2782.50   4.29031e-08
       2785.00   4.27719e-08
       2787.50   4.26370e-08
       2790.00   4.25021e-08
       2792.50   4.23672e-08
       2795.00   4.22323e-08
       2797.50   4.21010e-08
       2800.00   4.19661e-08
       2802.50   4.18385e-08
       2805.00   4.17109e-08
       2807.50   4.15833e-08
       2810.00   4.14557e-08
       2812.50   4.13245e-08
       2815.00   4.11969e-08
       2817.50   4.10693e-08
       2820.00   4.09417e-08
       2822.50   4.08141e-08
       2825.00   4.06828e-08
       2827.50   4.05552e-08
       2830.00   4.04240e-08
       2832.50   4.02964e-08
       2835.00   4.01651e-08
       2837.50   4.00375e-08
       2840.00   3.99099e-08
       2842.50   3.97896e-08
       2845.00   3.96730e-08
       2847.50   3.95527e-08
       2850.00   3.94360e-08
       2852.50   3.93193e-08
       2855.00   3.91990e-08
       2857.50   3.90824e-08
       2860.00   3.89620e-08
       2862.50   3.88490e-08
       2865.00   3.87324e-08
       2867.50   3.86194e-08
       2870.00   3.85027e-08
       2872.50   3.83897e-08
       2875.00   3.82730e-08
       2877.50   3.81600e-08
       2880.00   3.80433e-08
       2882.50   3.79303e-08
       2885.00   3.78173e-08
       2887.50   3.77079e-08
       2890.00   3.75949e-08
       2892.50   3.74819e-08
       2895.00   3.73689e-08
       2897.50   3.72558e-08
       2900.00   3.71428e-08
       2902.50   3.70298e-08
       2905.00   3.69168e-08
       2907.50   3.68038e-08
       2910.00   3.66908e-08
       2912.50   3.65777e-08
       2915.00   3.64647e-08
       2917.50   3.63517e-08
       2920.00   3.62387e-08
       2922.50   3.61242e-08
       2925.00   3.60097e-08
       2927.50   3.58956e-08
       2930.00   3.57811e-08
       2932.50   3.56667e-08
       2935.00   3.55522e-08
       2937.50   3.54377e-08
       2940.00   3.53236e-08
       2942.50   3.52190e-08
       2945.00   3.51143e-08
       2947.50   3.50101e-08
       2950.00   3.49054e-08
       2952.50   3.48008e-08
       2955.00   3.46962e-08
       2957.50   3.45919e-08
       2960.00   3.44873e-08
       2962.50   3.43786e-08
       2965.00   3.42700e-08
       2967.50   3.41610e-08
       2970.00   3.40523e-08
       2972.50   3.39437e-08
       2975.00   3.38350e-08
       2977.50   3.37264e-08
       2980.00   3.36178e-08
       2982.50   3.35109e-08
       2985.00   3.34041e-08
       2987.50   3.32973e-08
       2990.00   3.31901e-08
       2992.50   3.30833e-08
       2995.00   3.29765e-08
       2997.50   3.28697e-08
       3000.00   3.27628e-08
       3002.50   3.26640e-08
       3005.00   3.25656e-08
       3007.50   3.24668e-08
       3010.00   3.23684e-08
       3012.50   3.22699e-08
       3015.00   3.21711e-08
       3017.50   3.20727e-08
       3020.00   3.19743e-08
       3022.50   3.18879e-08
       3025.00   3.18011e-08
       3027.50   3.17147e-08
       3030.00   3.16283e-08
       3032.50   3.15419e-08
       3035.00   3.14551e-08
       3037.50   3.13687e-08
       3040.00   3.12823e-08
       3042.50   3.12035e-08
       3045.00   3.11252e-08
       3047.50   3.10468e-08
       3050.00   3.09684e-08
       3052.50   3.08896e-08
       3055.00   3.08113e-08
       3057.50   3.07329e-08
       3060.00   3.06545e-08
       3062.50   3.05655e-08
       3065.00   3.04762e-08
       3067.50   3.03873e-08
       3070.00   3.02983e-08
       3072.50   3.02094e-08
       3075.00   3.01200e-08
       3077.50   3.00311e-08
       3080.00   2.99421e-08
       3082.50   2.98535e-08
       3085.00   2.97649e-08
       3087.50   2.96767e-08
       3090.00   2.95881e-08
       3092.50   2.94995e-08
       3095.00   2.94113e-08
       3097.50   2.93227e-08
       3100.00   2.92341e-08
       3102.50   2.91477e-08
       3105.00   2.90613e-08
       3107.50   2.89745e-08
       3110.00   2.88881e-08
       3112.50   2.88017e-08
       3115.00   2.87150e-08
       3117.50   2.86286e-08
       3120.00   2.85422e-08
       3122.50   2.84594e-08
       3125.00   2.83766e-08
       3127.50   2.82939e-08
       3130.00   2.82111e-08
       3132.50   2.81284e-08
       3135.00   2.80456e-08
       3137.50   2.79628e-08
       3140.00   2.78805e-08
       3142.50   2.78105e-08
       3145.00   2.77405e-08
       3147.50   2.76705e-08
       3150.00   2.76005e-08
       3152.50   2.75305e-08
       3155.00   2.74608e-08
       3157.50   2.73908e-08
       3160.00   2.73208e-08
       3162.50   2.72468e-08
       3165.00   2.71732e-08
       3167.50   2.70992e-08
       3170.00   2.70252e-08
       3172.50   2.69515e-08
       3175.00   2.68775e-08
       3177.50   2.68039e-08
       3180.00   2.67299e-08
       3182.50   2.66376e-08
       3185.00   2.65454e-08
       3187.50   2.64531e-08
       3190.00   2.63609e-08
       3192.50   2.62690e-08
       3195.00   2.61768e-08
       3197.50   2.60846e-08
       3200.00   2.59923e-08
       3202.50   2.59150e-08
       3205.00   2.58374e-08
       3207.50   2.57601e-08
       3210.00   2.56828e-08
       3212.50   2.56051e-08
       3215.00   2.55279e-08
       3217.50   2.54506e-08
       3220.00   2.53733e-08
       3222.50   2.53255e-08
       3225.00   2.52781e-08
       3227.50   2.52307e-08
       3230.00   2.51833e-08
       3232.50   2.51359e-08
       3235.00   2.50885e-08
       3237.50   2.50411e-08
       3240.00   2.49938e-08
       3260.00   2.63339e-08
       3270.00   2.50240e-08
       3280.00   2.46999e-08
       3290.00   2.38486e-08
       3300.00   2.33156e-08
       3310.00   2.25321e-08
       3320.00   2.29871e-08
       3330.00   2.29467e-08
       3340.00   2.20221e-08
       3350.00   2.24993e-08
       3360.00   2.17512e-08
       3370.00   2.16415e-08
       3380.00   2.09441e-08
       3390.00   2.09054e-08
       3400.00   2.05671e-08
       3410.00   2.02415e-08
       3420.00   2.04008e-08
       3430.00   2.04114e-08
       3440.00   2.01460e-08
       3450.00   2.02663e-08
       3460.00   2.00133e-08
       3470.00   1.94303e-08
       3480.00   1.87453e-08
       3490.00   1.89586e-08
       3500.00   1.91872e-08
       3510.00   1.85762e-08
       3520.00   1.86279e-08
       3530.00   1.82269e-08
       3540.00   1.80202e-08
       3550.00   1.79276e-08
       3560.00   1.75612e-08
       3570.00   1.73523e-08
       3580.00   1.69090e-08
       3590.00   1.67052e-08
       3600.00   1.69392e-08
       3610.00   1.65870e-08
       3620.00   1.64715e-08
       3630.00   1.62892e-08
       3640.00   1.60449e-08
       3650.00   1.61197e-08
       3660.00   1.61207e-08
       3670.00   1.56789e-08
       3680.00   1.53296e-08
       3690.00   1.50234e-08
       3700.00   1.49264e-08
       3710.00   1.48309e-08
       3720.00   1.47740e-08
       3730.00   1.45472e-08
       3740.00   1.42286e-08
       3750.00   1.43310e-08
       3760.00   1.41396e-08
       3770.00   1.41641e-08
       3780.00   1.44153e-08
       3790.00   1.41130e-08
       3800.00   1.39413e-08
       3810.00   1.45327e-08
       3820.00   1.47919e-08
       3830.00   1.36351e-08
       3840.00   1.34386e-08
       3850.00   1.40492e-08
       3860.00   1.39913e-08
       3870.00   1.37889e-08
       3880.00   1.31557e-08
       3890.00   1.24506e-08
       3900.00   1.28786e-08
       3910.00   1.32027e-08
       3920.00   1.30937e-08
       3930.00   1.30270e-08
       3940.00   1.30518e-08
       3950.00   1.31666e-08
       3960.00   1.24914e-08
       3970.00   1.18782e-08
       3980.00   1.24692e-08
       3990.00   1.28155e-08
       4000.00   1.27171e-08
       4010.00   1.24520e-08
       4020.00   1.20809e-08
       4030.00   1.19147e-08
       4040.00   1.20284e-08
       4050.00   1.18297e-08
       4060.00   1.16795e-08
       4070.00   1.13539e-08
       4080.00   1.12522e-08
       4090.00   1.09835e-08
       4100.00   1.01494e-08
       4110.00   1.04534e-08
       4120.00   1.10415e-08
       4130.00   1.10007e-08
       4140.00   1.12515e-08
       4150.00   1.08195e-08
       4160.00   1.06671e-08
       4170.00   1.06970e-08
       4180.00   1.06215e-08
       4190.00   1.03047e-08
       4200.00   1.01206e-08
       4210.00   1.01829e-08
       4220.00   1.02690e-08
       4230.00   1.01713e-08
       4240.00   1.01844e-08
       4250.00   1.01541e-08
       4260.00   1.01545e-08
       4270.00   1.00531e-08
       4280.00   9.94121e-09
       4290.00   9.94230e-09
       4300.00   9.96637e-09
       4310.00   9.58174e-09
       4320.00   9.47310e-09
       4330.00   8.87994e-09
       4340.00   8.54562e-09
       4350.00   8.85624e-09
       4360.00   9.28899e-09
       4370.00   9.00790e-09
       4380.00   8.98967e-09
       4390.00   8.76291e-09
       4400.00   8.70056e-09
       4410.00   8.63312e-09
       4420.00   8.44463e-09
       4430.00   8.26818e-09
       4440.00   8.23099e-09
       4450.00   8.35276e-09
       4460.00   8.44609e-09
       4470.00   8.13693e-09
       4480.00   8.06839e-09
       4490.00   8.02720e-09
       4500.00   7.84673e-09
       4510.00   7.93459e-09
       4520.00   7.79350e-09
       4530.00   7.55835e-09
       4540.00   7.36221e-09
       4550.00   7.31919e-09
       4560.00   7.65752e-09
       4570.00   7.59773e-09
       4580.00   7.48726e-09
       4590.00   7.41836e-09
       4600.00   7.30935e-09
       4610.00   7.42565e-09
       4620.00   7.39357e-09
       4630.00   7.31117e-09
       4640.00   7.23461e-09
       4650.00   7.09279e-09
       4660.00   7.02243e-09
       4670.00   6.91780e-09
       4680.00   6.61593e-09
       4690.00   6.48432e-09
       4700.00   6.69759e-09
       4710.00   6.57109e-09
       4720.00   6.60645e-09
       4730.00   6.60317e-09
       4740.00   6.42052e-09
       4750.00   6.36474e-09
       4760.00   6.25646e-09
       4770.00   6.33995e-09
       4780.00   6.35161e-09
       4790.00   6.22110e-09
       4800.00   6.10552e-09
       4810.00   6.02860e-09
       4820.00   6.05521e-09
       4830.00   5.95532e-09
       4840.00   5.96371e-09
       4850.00   5.58382e-09
       4860.00   5.11060e-09
       4870.00   5.27284e-09
       4880.00   5.67460e-09
       4890.00   5.61554e-09
       4900.00   5.61517e-09
       4910.00   5.61918e-09
       4920.00   5.58273e-09
       4930.00   5.61809e-09
       4940.00   5.58273e-09
       4950.00   5.46679e-09
       4960.00   5.36544e-09
       4970.00   5.33518e-09
       4980.00   5.29180e-09
       4990.00   5.24440e-09
       5000.00   5.25388e-09
       5010.00   5.24148e-09
       5020.00   5.17331e-09
       5030.00   5.10149e-09
       5040.00   5.06831e-09
       5050.00   5.05664e-09
       5060.00   4.97316e-09
       5070.00   4.92831e-09
       5080.00   4.92613e-09
       5090.00   4.89842e-09
       5100.00   4.90389e-09
       5110.00   4.78905e-09
       5120.00   4.82004e-09
       5130.00   4.75186e-09
       5140.00   4.74603e-09
       5150.00   4.73582e-09
       5160.00   4.63155e-09
       5170.00   4.58963e-09
       5180.00   4.52728e-09
       5190.00   4.49775e-09
       5200.00   4.42812e-09
       5210.00   4.35921e-09
       5220.00   4.35885e-09
       5230.00   4.33807e-09
       5240.00   4.25057e-09
       5250.00   4.29323e-09
       5260.00   4.30052e-09
       5270.00   4.23344e-09
       5280.00   4.15505e-09
       5290.00   4.13172e-09
       5300.00   4.10073e-09
       5310.00   4.06974e-09
       5320.00   4.05844e-09
       5330.00   4.01287e-09
       5340.00   3.97094e-09
       5350.00   3.96001e-09
       5360.00   3.94907e-09
       5370.00   3.86667e-09
       5380.00   3.83350e-09
       5390.00   3.82293e-09
       5400.00   3.78282e-09
       5410.00   3.63579e-09
       5420.00   3.56371e-09
       5430.00   3.67637e-09
       5440.00   3.63171e-09
       5450.00   3.63779e-09
       5460.00   3.61136e-09
       5470.00   3.58548e-09
       5480.00   3.55179e-09
       5490.00   3.52988e-09
       5500.00   3.54468e-09
       5510.00   3.52325e-09
       5520.00   3.49485e-09
       5530.00   3.52336e-09
       5540.00   3.50819e-09
       5550.00   3.45430e-09
       5560.00   3.45452e-09
       5570.00   3.47468e-09
       5580.00   3.42809e-09
       5590.00   3.35335e-09
       5600.00   3.33239e-09
       5610.00   3.29123e-09
       5620.00   3.24278e-09
       5630.00   3.20833e-09
       5640.00   3.18642e-09
       5650.00   3.16527e-09
       5660.00   3.14398e-09
       5670.00   3.12309e-09
       5680.00   3.10202e-09
       5690.00   3.08142e-09
       5700.00   3.06093e-09
       5710.00   3.04059e-09
       5720.00   3.02035e-09
       5730.00   3.00023e-09
       5740.00   2.98054e-09
       5760.00   2.90172e-09
       5780.00   2.89691e-09
       5800.00   2.87536e-09
       5820.00   2.85757e-09
       5840.00   2.82910e-09
       5860.00   2.77288e-09
       5880.00   2.69854e-09
       5900.00   2.66373e-09
       5920.00   2.70058e-09
       5940.00   2.63842e-09
       5960.00   2.59329e-09
       5980.00   2.56748e-09
       6000.00   2.53744e-09
       6020.00   2.49938e-09
       6040.00   2.45515e-09
       6060.00   2.41800e-09
       6080.00   2.38453e-09
       6100.00   2.38989e-09
       6120.00   2.36157e-09
       6140.00   2.31946e-09
       6160.00   2.27585e-09
       6180.00   2.23076e-09
       6200.00   2.19437e-09
       6220.00   2.18110e-09
       6240.00   2.18333e-09
       6260.00   2.15529e-09
       6280.00   2.07144e-09
       6300.00   2.06648e-09
       6320.00   2.04883e-09
       6340.00   2.01704e-09
       6360.00   1.98988e-09
       6380.00   1.96969e-09
       6400.00   1.95528e-09
       6420.00   1.93655e-09
       6440.00   1.91566e-09
       6460.00   1.86458e-09
       6480.00   1.84092e-09
       6500.00   1.86607e-09
       6520.00   1.86892e-09
       6540.00   1.81846e-09
       6560.00   1.74740e-09
       6580.00   1.79866e-09
       6600.00   1.84055e-09
       6620.00   1.83789e-09
       6640.00   1.79979e-09
       6660.00   1.74886e-09
       6680.00   1.69465e-09
       6700.00   1.71430e-09
       6720.00   1.72597e-09
       6740.00   1.69184e-09
       6760.00   1.64696e-09
       6780.00   1.61674e-09
       6800.00   1.58473e-09
       6820.00   1.55447e-09
       6840.00   1.62257e-09
       6860.00   1.54193e-09
       6880.00   1.45895e-09
       6900.00   1.47919e-09
       6920.00   1.49151e-09
       6940.00   1.44597e-09
       6960.00   1.44196e-09
       6980.00   1.42855e-09
       7000.00   1.40226e-09
       7020.00   1.39253e-09
       7040.00   1.34634e-09
       7060.00   1.35024e-09
       7080.00   1.34327e-09
       7100.00   1.32628e-09
       7120.00   1.32158e-09
       7140.00   1.30018e-09
       7160.00   1.28742e-09
       7180.00   1.24870e-09
       7200.00   1.22690e-09
       7220.00   1.24258e-09
       7240.00   1.20882e-09
       7260.00   1.19187e-09
       7280.00   1.18760e-09
       7300.00   1.19635e-09
       7320.00   1.19752e-09
       7340.00   1.17714e-09
       7360.00   1.18797e-09
       7380.00   1.15803e-09
       7400.00   1.14367e-09
       7420.00   1.14597e-09
       7440.00   1.14706e-09
       7460.00   1.12788e-09
       7480.00   1.12147e-09
       7500.00   1.07597e-09
       7520.00   1.07484e-09
       7540.00   1.07907e-09
       7560.00   1.09937e-09
       7580.00   1.13397e-09
       7600.00   1.00407e-09
       7620.00   1.07538e-09
       7640.00   1.03185e-09
       7660.00   1.01188e-09
       7680.00   9.00134e-10
       7700.00   9.55476e-10
       7720.00   9.65648e-10
       7740.00   9.68783e-10
       7760.00   9.41112e-10
       7780.00   9.42023e-10
       7800.00   9.44502e-10
       7820.00   9.22482e-10
       7840.00   9.05967e-10
       7860.00   8.87301e-10
       7880.00   8.67432e-10
       7900.00   8.56604e-10
       7920.00   8.54526e-10
       7940.00   8.55911e-10
       7960.00   8.68051e-10
       7980.00   8.55036e-10
       8000.00   8.62619e-10
       8020.00   8.56458e-10
       8040.00   8.65281e-10
       8060.00   8.64187e-10
       8080.00   8.43625e-10
       8100.00   8.05417e-10
       8120.00   8.20693e-10
       8140.00   8.18980e-10
       8160.00   7.85621e-10
       8180.00   7.77746e-10
       8200.00   7.69106e-10
       8220.00   7.26706e-10
       8240.00   7.29550e-10
       8260.00   7.73080e-10
       8280.00   7.41836e-10
       8300.00   7.65351e-10
       8320.00   7.52117e-10
       8340.00   7.49747e-10
       8360.00   6.93530e-10
       8380.00   7.26560e-10
       8400.00   7.45226e-10
       8420.00   7.40487e-10
       8440.00   7.31919e-10
       8460.00   7.20144e-10
       8480.00   7.00748e-10
       8500.00   7.12014e-10
       8520.00   7.11211e-10
       8540.00   6.77270e-10
       8560.00   6.88899e-10
       8580.00   6.62869e-10
       8600.00   6.42052e-10
       8620.00   6.55286e-10
       8640.00   6.50801e-10
       8660.00   6.67134e-10
       8680.00   6.77197e-10
       8700.00   6.63489e-10
       8720.00   6.64838e-10
       8740.00   6.53025e-10
       8760.00   6.48906e-10
       8780.00   6.52551e-10
       8800.00   6.60937e-10
       8820.00   6.50984e-10
       8840.00   6.41104e-10
       8860.00   6.00089e-10
       8880.00   5.88022e-10
       8900.00   6.02896e-10
       8920.00   5.91740e-10
       8940.00   5.98084e-10
       8960.00   5.60132e-10
       8980.00   5.42742e-10
       9000.00   5.25971e-10
       9020.00   5.53642e-10
       9040.00   5.86090e-10
       9060.00   5.34648e-10
       9080.00   5.25825e-10
       9100.00   5.55866e-10
       9120.00   5.32315e-10
       9140.00   5.25971e-10
       9160.00   5.09711e-10
       9180.00   5.41466e-10
       9200.00   5.37310e-10
       9220.00   5.30127e-10
       9240.00   5.13867e-10
       9260.00   5.16602e-10
       9280.00   5.54408e-10
       9300.00   5.90428e-10
       9320.00   4.99977e-10
       9340.00   5.41356e-10
       9360.00   4.67093e-10
       9380.00   5.24914e-10
       9400.00   5.42669e-10
       9420.00   4.75004e-10
       9440.00   4.53603e-10
       9460.00   4.89259e-10
       9480.00   4.67311e-10
       9500.00   4.74712e-10
       9520.00   4.87545e-10
       9540.00   4.93962e-10
       9560.00   4.38145e-10
       9580.00   4.48609e-10
       9600.00   4.40515e-10
       9620.00   4.43249e-10
       9640.00   4.12589e-10
       9660.00   4.23781e-10
       9680.00   4.33151e-10
       9700.00   4.20427e-10
       9720.00   4.19698e-10
       9740.00   4.15724e-10
       9760.00   4.21958e-10
       9780.00   4.03584e-10
       9800.00   4.14703e-10
       9820.00   4.06136e-10
       9840.00   4.15797e-10
       9860.00   4.03875e-10
       9880.00   4.00339e-10
       9900.00   4.14667e-10
       9920.00   4.08250e-10
       9940.00   3.81017e-10
       9960.00   3.90532e-10
       9980.00   3.90058e-10
       10000.0   3.70298e-10
       10020.0   3.77152e-10
       10040.0   3.27428e-10
       10060.0   3.21307e-10
       10080.0   3.70736e-10
       10100.0   3.24289e-10
       10120.0   3.36145e-10
       10140.0   3.29863e-10
       10160.0   3.42645e-10
       10180.0   3.28744e-10
       10200.0   3.41216e-10
       10220.0   3.42058e-10
       10240.0   3.52824e-10
       10260.0   3.47636e-10
       10280.0   3.27719e-10
       10300.0   3.26848e-10
       10320.0   3.16527e-10
       10340.0   3.22400e-10
       10360.0   3.22269e-10
       10380.0   2.87802e-10
       10400.0   3.02848e-10
       10420.0   3.12878e-10
       10440.0   2.96056e-10
       10460.0   3.12969e-10
       10480.0   2.81251e-10
       10500.0   2.90321e-10
       10520.0   2.96373e-10
       10540.0   2.87627e-10
       10560.0   2.89465e-10
       10580.0   2.82359e-10
       10600.0   2.82454e-10
       10800.0   2.61578e-10
       11000.0   2.42624e-10
       11200.0   2.25431e-10
       11400.0   2.09809e-10
       11600.0   1.95612e-10
       11800.0   1.82706e-10
       12000.0   1.70978e-10
       12200.0   1.60303e-10
       12400.0   1.50598e-10
       12600.0   1.41579e-10
       12800.0   1.33420e-10
       13000.0   1.25836e-10
       13200.0   1.18789e-10
       13400.0   1.12231e-10
       13600.0   1.06109e-10
       13800.0   1.00400e-10
       14000.0   9.50773e-11
       14200.0   9.00936e-11
       14400.0   8.54380e-11
       14600.0   8.10740e-11
       14800.0   7.69871e-11
       15000.0   7.31518e-11
       15200.0   6.95535e-11
       15400.0   6.61775e-11
       15600.0   6.30021e-11
       15800.0   6.00126e-11
       16000.0   5.71981e-11
       16200.0   5.45476e-11
       16400.0   5.20466e-11
       16600.0   4.96878e-11
       16800.0   4.74639e-11
       17000.0   4.53603e-11
       17200.0   4.33734e-11
       17400.0   4.14922e-11
       17600.0   3.97167e-11
       17800.0   3.80287e-11
       18000.0   3.64337e-11
       18200.0   3.49178e-11
       18400.0   3.34843e-11
       18600.0   3.21201e-11
       18800.0   3.08251e-11
       19000.0   2.95954e-11
       19200.0   2.84262e-11
       19400.0   2.73139e-11
       19600.0   2.62559e-11
       19800.0   2.52482e-11
       20000.0   2.42887e-11
       20200.0   2.33739e-11
       20400.0   2.25023e-11
       20600.0   2.16703e-11
       20800.0   2.08766e-11
       21000.0   2.01190e-11
       21200.0   1.93953e-11
       21400.0   1.87041e-11
       21600.0   1.80431e-11
       21800.0   1.74113e-11
       22000.0   1.68069e-11
       22200.0   1.62283e-11
       22400.0   1.56741e-11
       22600.0   1.51440e-11
       22800.0   1.46358e-11
       23000.0   1.41484e-11
       23200.0   1.36817e-11
       23400.0   1.32337e-11
       23600.0   1.28038e-11
       23800.0   1.23915e-11
       24000.0   1.19956e-11
       24200.0   1.16153e-11
       24400.0   1.12500e-11
       24600.0   1.08989e-11
       24800.0   1.05614e-11
       25000.0   1.02369e-11
       25200.0   9.92480e-12
       25400.0   9.62440e-12
       25600.0   9.33529e-12
