       229.000       0.00000
       234.000       0.00000
       243.000       0.00000
       252.000       0.00000
       256.000       0.00000
       260.000       0.00000
       266.000       0.00000
       275.000       0.00000
       283.000       0.00000
       293.000       0.00000
       301.000       0.00000
       309.000       0.00000
       325.000       0.00000
       342.000       0.00000
       351.000       0.00000
       356.000       0.00000
       365.000       0.00000
       375.000       0.00000
       384.000       0.00000
       400.000       0.00000
       415.000       0.00000
       425.000       0.00000
       445.000       0.00000
       472.000       0.00000
       494.000       0.00000
       506.000       0.00000
       516.000       0.00000
       540.000       0.00000
       564.000       0.00000
       587.000       0.00000
       612.000       0.00000
       640.000       0.00000
       671.000       0.00000
       705.000       0.00000
       736.000       0.00000
       770.000       0.00000
       810.000       0.00000
       850.000       0.00000
       890.000       0.00000
       920.000   9.05581e-20
       940.000   2.79190e-19
       962.000   5.07675e-19
       987.000   9.76002e-19
       1012.00   1.69497e-18
       1037.00   2.74887e-18
       1062.00   4.67305e-18
       1087.00   7.49497e-18
       1112.00   3.02548e-16
       1120.00   3.31253e-16
       1140.00   4.60121e-16
       1160.00   7.14013e-16
       1180.00   9.85775e-16
       1200.00   1.33514e-15
       1220.00   1.97060e-15
       1240.00   4.19969e-15
       1260.00   7.29986e-15
       1280.00   9.85812e-15
       1300.00   1.31760e-14
       1320.00   1.70296e-14
       1340.00   2.15167e-14
       1360.00   2.71882e-14
       1380.00   3.45504e-14
       1400.00   4.43382e-14
       1420.00   5.55814e-14
       1440.00   6.93627e-14
       1460.00   8.76844e-14
       1480.00   1.07651e-13
       1500.00   1.35283e-13
       1520.00   3.81495e-13
       1540.00   5.83384e-13
       1560.00   5.77221e-13
       1580.00   7.64959e-13
       1600.00   9.57147e-13
       1620.00   1.11542e-12
       1640.00   1.22913e-12
       1660.00   1.27792e-12
       1680.00   3.37883e-11
       1700.00   5.02643e-11
       1720.00   6.06249e-11
       1740.00   7.96432e-11
       1760.00   7.63172e-11
       1780.00   9.97737e-11
       1800.00   8.45372e-11
       1820.00   5.90276e-11
       1840.00   7.00046e-11
       1860.00   1.00846e-10
       1880.00   1.12888e-10
       1900.00   1.25692e-10
       1920.00   1.42781e-10
       1940.00   1.16855e-10
       1960.00   1.23901e-10
       1980.00   1.65701e-10
       2000.00   1.61930e-10
       2002.50   1.59166e-10
       2005.00   1.56402e-10
       2007.50   1.53641e-10
       2010.00   1.50877e-10
       2012.50   1.48112e-10
       2015.00   1.45352e-10
       2017.50   1.42587e-10
       2020.00   1.39823e-10
       2022.50   1.41348e-10
       2025.00   1.42868e-10
       2027.50   1.44393e-10
       2030.00   1.45917e-10
       2032.50   1.47438e-10
       2035.00   1.48962e-10
       2037.50   1.50483e-10
       2040.00   1.52007e-10
       2042.50   1.50122e-10
       2045.00   1.48240e-10
       2047.50   1.46355e-10
       2050.00   1.44473e-10
       2052.50   1.42587e-10
       2055.00   1.40706e-10
       2057.50   1.38820e-10
       2060.00   1.36939e-10
       2062.50   1.67357e-10
       2065.00   1.97775e-10
       2067.50   2.28193e-10
       2070.00   2.58615e-10
       2072.50   2.89033e-10
       2075.00   3.19452e-10
       2077.50   3.49870e-10
       2080.00   3.80292e-10
       2082.50   3.89773e-10
       2085.00   3.99219e-10
       2087.50   4.08700e-10
       2090.00   4.18182e-10
       2092.50   4.27627e-10
       2095.00   4.37109e-10
       2097.50   4.46591e-10
       2100.00   4.56036e-10
       2102.50   4.64096e-10
       2105.00   4.72119e-10
       2107.50   4.80178e-10
       2110.00   4.88201e-10
       2112.50   4.96261e-10
       2115.00   5.04284e-10
       2117.50   5.12343e-10
       2120.00   5.20366e-10
       2122.50   5.27040e-10
       2125.00   5.33677e-10
       2127.50   5.40315e-10
       2130.00   5.46952e-10
       2132.50   5.53589e-10
       2135.00   5.60226e-10
       2137.50   5.66864e-10
       2140.00   5.73501e-10
       2142.50   5.78643e-10
       2145.00   5.83785e-10
       2147.50   5.88927e-10
       2150.00   5.94069e-10
       2152.50   5.99211e-10
       2155.00   6.04353e-10
       2157.50   6.09495e-10
       2160.00   6.14637e-10
       2162.50   6.13251e-10
       2165.00   6.11865e-10
       2167.50   6.10480e-10
       2170.00   6.09094e-10
       2172.50   6.07708e-10
       2175.00   6.06322e-10
       2177.50   6.04936e-10
       2180.00   6.03551e-10
       2182.50   6.02201e-10
       2185.00   6.00852e-10
       2187.50   5.99503e-10
       2190.00   5.98153e-10
       2192.50   5.96804e-10
       2195.00   5.95455e-10
       2197.50   5.94105e-10
       2200.00   5.92756e-10
       2202.50   5.91917e-10
       2205.00   5.91078e-10
       2207.50   5.90203e-10
       2210.00   5.89365e-10
       2212.50   5.88489e-10
       2215.00   5.87650e-10
       2217.50   5.86812e-10
       2220.00   5.85936e-10
       2222.50   5.90714e-10
       2225.00   5.95491e-10
       2227.50   6.00269e-10
       2230.00   6.05082e-10
       2232.50   6.09860e-10
       2235.00   6.14637e-10
       2237.50   6.19414e-10
       2240.00   6.24192e-10
       2242.50   6.23499e-10
       2245.00   6.22806e-10
       2247.50   6.22149e-10
       2250.00   6.21457e-10
       2252.50   6.20764e-10
       2255.00   6.20071e-10
       2257.50   6.19414e-10
       2260.00   6.18721e-10
       2262.50   6.11027e-10
       2265.00   6.03332e-10
       2267.50   5.95637e-10
       2270.00   5.87906e-10
       2272.50   5.80211e-10
       2275.00   5.72516e-10
       2277.50   5.64821e-10
       2280.00   5.57127e-10
       2282.50   5.63107e-10
       2285.00   5.69088e-10
       2287.50   5.75069e-10
       2290.00   5.81013e-10
       2292.50   5.86994e-10
       2295.00   5.92975e-10
       2297.50   5.98956e-10
       2300.00   6.04936e-10
       2302.50   6.05119e-10
       2305.00   6.05301e-10
       2307.50   6.05483e-10
       2310.00   6.05666e-10
       2312.50   6.05848e-10
       2315.00   6.06067e-10
       2317.50   6.06249e-10
       2320.00   6.06432e-10
       2322.50   5.94981e-10
       2325.00   5.83566e-10
       2327.50   5.72115e-10
       2330.00   5.60664e-10
       2332.50   5.49249e-10
       2335.00   5.37798e-10
       2337.50   5.26347e-10
       2340.00   5.14933e-10
       2342.50   5.05706e-10
       2345.00   4.96480e-10
       2347.50   4.87253e-10
       2350.00   4.78027e-10
       2352.50   4.68837e-10
       2355.00   4.59610e-10
       2357.50   4.50384e-10
       2360.00   4.41157e-10
       2362.50   4.39626e-10
       2365.00   4.38094e-10
       2367.50   4.36562e-10
       2370.00   4.35031e-10
       2372.50   4.33499e-10
       2375.00   4.31931e-10
       2377.50   4.30399e-10
       2380.00   4.28867e-10
       2382.50   4.25622e-10
       2385.00   4.22376e-10
       2387.50   4.19130e-10
       2390.00   4.15885e-10
       2392.50   4.12639e-10
       2395.00   4.09393e-10
       2397.50   4.06148e-10
       2400.00   4.02938e-10
       2402.50   4.05127e-10
       2405.00   4.07351e-10
       2407.50   4.09576e-10
       2410.00   4.11800e-10
       2412.50   4.14025e-10
       2415.00   4.16249e-10
       2417.50   4.18437e-10
       2420.00   4.20662e-10
       2422.50   4.49180e-10
       2425.00   4.77662e-10
       2427.50   5.06180e-10
       2430.00   5.34662e-10
       2432.50   5.63144e-10
       2435.00   5.91662e-10
       2437.50   6.20144e-10
       2440.00   6.48625e-10
       2442.50   6.38414e-10
       2445.00   6.28167e-10
       2447.50   6.17956e-10
       2450.00   6.07744e-10
       2452.50   5.97497e-10
       2455.00   5.87286e-10
       2457.50   5.77038e-10
       2460.00   5.66827e-10
       2462.50   5.61029e-10
       2465.00   5.55194e-10
       2467.50   5.49395e-10
       2470.00   5.43597e-10
       2472.50   5.37798e-10
       2475.00   5.32000e-10
       2477.50   5.26201e-10
       2480.00   5.20366e-10
       2482.50   5.25691e-10
       2485.00   5.30979e-10
       2487.50   5.36267e-10
       2490.00   5.41555e-10
       2492.50   5.46842e-10
       2495.00   5.52130e-10
       2497.50   5.57418e-10
       2500.00   5.62706e-10
       2502.50   5.56579e-10
       2505.00   5.50380e-10
       2507.50   5.44217e-10
       2510.00   5.38090e-10
       2512.50   5.31890e-10
       2515.00   5.25727e-10
       2517.50   5.19564e-10
       2520.00   5.13401e-10
       2522.50   4.98595e-10
       2525.00   4.83752e-10
       2527.50   4.68910e-10
       2530.00   4.54067e-10
       2532.50   4.39224e-10
       2535.00   4.24382e-10
       2537.50   4.09576e-10
       2540.00   3.94733e-10
       2542.50   4.02391e-10
       2545.00   4.10050e-10
       2547.50   4.17708e-10
       2550.00   4.25403e-10
       2552.50   4.33061e-10
       2555.00   4.40720e-10
       2557.50   4.48378e-10
       2560.00   4.56036e-10
       2562.50   4.82695e-10
       2565.00   5.09317e-10
       2567.50   5.35938e-10
       2570.00   5.62597e-10
       2572.50   5.89219e-10
       2575.00   6.15840e-10
       2577.50   6.42499e-10
       2580.00   6.69121e-10
       2582.50   6.72549e-10
       2585.00   6.75940e-10
       2587.50   6.79368e-10
       2590.00   6.82796e-10
       2592.50   6.86188e-10
       2595.00   6.89616e-10
       2597.50   6.93044e-10
       2600.00   6.96435e-10
       2602.50   6.83307e-10
       2605.00   6.70142e-10
       2607.50   6.57013e-10
       2610.00   6.43848e-10
       2612.50   6.30720e-10
       2615.00   6.17554e-10
       2617.50   6.04426e-10
       2620.00   5.91261e-10
       2622.50   6.17919e-10
       2625.00   6.44541e-10
       2627.50   6.71163e-10
       2630.00   6.97785e-10
       2632.50   7.24443e-10
       2635.00   7.51065e-10
       2637.50   7.77687e-10
       2640.00   8.04345e-10
       2642.50   8.47524e-10
       2645.00   8.90739e-10
       2647.50   9.33917e-10
       2650.00   9.77132e-10
       2652.50   1.02031e-09
       2655.00   1.06353e-09
       2657.50   1.10670e-09
       2660.00   1.14988e-09
       2662.50   1.14904e-09
       2665.00   1.14820e-09
       2667.50   1.14733e-09
       2670.00   1.14649e-09
       2672.50   1.14562e-09
       2675.00   1.14478e-09
       2677.50   1.14394e-09
       2680.00   1.14306e-09
       2682.50   1.14288e-09
       2685.00   1.14273e-09
       2687.50   1.14255e-09
       2690.00   1.14237e-09
       2692.50   1.14222e-09
       2695.00   1.14204e-09
       2697.50   1.14186e-09
       2700.00   1.14171e-09
       2702.50   1.13198e-09
       2705.00   1.12224e-09
       2707.50   1.11250e-09
       2710.00   1.10277e-09
       2712.50   1.09303e-09
       2715.00   1.08329e-09
       2717.50   1.07359e-09
       2720.00   1.06385e-09
       2722.50   1.06024e-09
       2725.00   1.05667e-09
       2727.50   1.05310e-09
       2730.00   1.04952e-09
       2732.50   1.04591e-09
       2735.00   1.04234e-09
       2737.50   1.03876e-09
       2740.00   1.03515e-09
       2742.50   1.01502e-09
       2745.00   9.94892e-10
       2747.50   9.74762e-10
       2750.00   9.54631e-10
       2752.50   9.34501e-10
       2755.00   9.14407e-10
       2757.50   8.94276e-10
       2760.00   8.74146e-10
       2762.50   8.98360e-10
       2765.00   9.22575e-10
       2767.50   9.46827e-10
       2770.00   9.71042e-10
       2772.50   9.95257e-10
       2775.00   1.01951e-09
       2777.50   1.04372e-09
       2780.00   1.06794e-09
       2782.50   1.00394e-09
       2785.00   9.39898e-10
       2787.50   8.75860e-10
       2790.00   8.11858e-10
       2792.50   7.47819e-10
       2795.00   6.83817e-10
       2797.50   6.19779e-10
       2800.00   5.55741e-10
       2802.50   6.02566e-10
       2805.00   6.49355e-10
       2807.50   6.96144e-10
       2810.00   7.42933e-10
       2812.50   7.89758e-10
       2815.00   8.36547e-10
       2817.50   8.83336e-10
       2820.00   9.30124e-10
       2822.50   9.78445e-10
       2825.00   1.02677e-09
       2827.50   1.07509e-09
       2830.00   1.12341e-09
       2832.50   1.17173e-09
       2835.00   1.22005e-09
       2837.50   1.26833e-09
       2840.00   1.31665e-09
       2842.50   1.30965e-09
       2845.00   1.30265e-09
       2847.50   1.29565e-09
       2850.00   1.28868e-09
       2852.50   1.28168e-09
       2855.00   1.27468e-09
       2857.50   1.26768e-09
       2860.00   1.26067e-09
       2862.50   1.27380e-09
       2865.00   1.28697e-09
       2867.50   1.30010e-09
       2870.00   1.31326e-09
       2872.50   1.32639e-09
       2875.00   1.33955e-09
       2877.50   1.35268e-09
       2880.00   1.36585e-09
       2882.50   1.39145e-09
       2885.00   1.41705e-09
       2887.50   1.44265e-09
       2890.00   1.46829e-09
       2892.50   1.49389e-09
       2895.00   1.51949e-09
       2897.50   1.54509e-09
       2900.00   1.57069e-09
       2902.50   1.58094e-09
       2905.00   1.59119e-09
       2907.50   1.60143e-09
       2910.00   1.61168e-09
       2912.50   1.62193e-09
       2915.00   1.63218e-09
       2917.50   1.64242e-09
       2920.00   1.65267e-09
       2922.50   1.64582e-09
       2925.00   1.63900e-09
       2927.50   1.63218e-09
       2930.00   1.62536e-09
       2932.50   1.61850e-09
       2935.00   1.61168e-09
       2937.50   1.60486e-09
       2940.00   1.59804e-09
       2942.50   1.60296e-09
       2945.00   1.60792e-09
       2947.50   1.61288e-09
       2950.00   1.61784e-09
       2952.50   1.62277e-09
       2955.00   1.62773e-09
       2957.50   1.63269e-09
       2960.00   1.63765e-09
       2962.50   1.64122e-09
       2965.00   1.64479e-09
       2967.50   1.64840e-09
       2970.00   1.65198e-09
       2972.50   1.65555e-09
       2975.00   1.65916e-09
       2977.50   1.66274e-09
       2980.00   1.66631e-09
       2982.50   1.67298e-09
       2985.00   1.67962e-09
       2987.50   1.68629e-09
       2990.00   1.69293e-09
       2992.50   1.69961e-09
       2995.00   1.70628e-09
       2997.50   1.71292e-09
       3000.00   1.71959e-09
       3002.50   1.72130e-09
       3005.00   1.72302e-09
       3007.50   1.72470e-09
       3010.00   1.72641e-09
       3012.50   1.72812e-09
       3015.00   1.72984e-09
       3017.50   1.73152e-09
       3020.00   1.73323e-09
       3022.50   1.75219e-09
       3025.00   1.77116e-09
       3027.50   1.79008e-09
       3030.00   1.80905e-09
       3032.50   1.82801e-09
       3035.00   1.84694e-09
       3037.50   1.86590e-09
       3040.00   1.88486e-09
       3042.50   1.88811e-09
       3045.00   1.89132e-09
       3047.50   1.89457e-09
       3050.00   1.89781e-09
       3052.50   1.90106e-09
       3055.00   1.90430e-09
       3057.50   1.90755e-09
       3060.00   1.91079e-09
       3062.50   1.91608e-09
       3065.00   1.92137e-09
       3067.50   1.92669e-09
       3070.00   1.93198e-09
       3072.50   1.93727e-09
       3075.00   1.94256e-09
       3077.50   1.94785e-09
       3080.00   1.95313e-09
       3082.50   1.95313e-09
       3085.00   1.95313e-09
       3087.50   1.95313e-09
       3090.00   1.95313e-09
       3092.50   1.95313e-09
       3095.00   1.95313e-09
       3097.50   1.95313e-09
       3100.00   1.95313e-09
       3102.50   1.96338e-09
       3105.00   1.97363e-09
       3107.50   1.98388e-09
       3110.00   1.99412e-09
       3112.50   2.00437e-09
       3115.00   2.01462e-09
       3117.50   2.02487e-09
       3120.00   2.03508e-09
       3122.50   2.03832e-09
       3125.00   2.04157e-09
       3127.50   2.04481e-09
       3130.00   2.04806e-09
       3132.50   2.05131e-09
       3135.00   2.05455e-09
       3137.50   2.05780e-09
       3140.00   2.06104e-09
       3142.50   2.05780e-09
       3145.00   2.05455e-09
       3147.50   2.05131e-09
       3150.00   2.04806e-09
       3152.50   2.04481e-09
       3155.00   2.04157e-09
       3157.50   2.03832e-09
       3160.00   2.03508e-09
       3162.50   2.04022e-09
       3165.00   2.04533e-09
       3167.50   2.05047e-09
       3170.00   2.05557e-09
       3172.50   2.06072e-09
       3175.00   2.06582e-09
       3177.50   2.07096e-09
       3180.00   2.07607e-09
       3182.50   2.08460e-09
       3185.00   2.09314e-09
       3187.50   2.10167e-09
       3190.00   2.11020e-09
       3192.50   2.11874e-09
       3195.00   2.12727e-09
       3197.50   2.13584e-09
       3200.00   2.14437e-09
       3202.50   2.13584e-09
       3205.00   2.12727e-09
       3207.50   2.11874e-09
       3210.00   2.11020e-09
       3212.50   2.10167e-09
       3215.00   2.09314e-09
       3217.50   2.08460e-09
       3220.00   2.07607e-09
       3222.50   2.07607e-09
       3225.00   2.07607e-09
       3227.50   2.07607e-09
       3230.00   2.07607e-09
       3232.50   2.07607e-09
       3235.00   2.07607e-09
       3237.50   2.07607e-09
       3240.00   2.07607e-09
       3260.00   2.33744e-09
       3270.00   2.24390e-09
       3280.00   2.36902e-09
       3290.00   2.46019e-09
       3300.00   2.43021e-09
       3310.00   2.39549e-09
       3320.00   2.35516e-09
       3330.00   2.35684e-09
       3340.00   2.37139e-09
       3350.00   2.35228e-09
       3360.00   2.35002e-09
       3370.00   2.36796e-09
       3380.00   2.41748e-09
       3390.00   2.43473e-09
       3400.00   2.40804e-09
       3410.00   2.46289e-09
       3420.00   2.49640e-09
       3430.00   2.41931e-09
       3440.00   2.39600e-09
       3450.00   2.42646e-09
       3460.00   2.39407e-09
       3470.00   2.35749e-09
       3480.00   2.34396e-09
       3490.00   2.34590e-09
       3500.00   2.42755e-09
       3510.00   2.46985e-09
       3520.00   2.46916e-09
       3530.00   2.58294e-09
       3540.00   2.66912e-09
       3550.00   2.57831e-09
       3560.00   2.45034e-09
       3570.00   2.40563e-09
       3580.00   2.41023e-09
       3590.00   2.47686e-09
       3600.00   2.48517e-09
       3610.00   2.45286e-09
       3620.00   2.46697e-09
       3630.00   2.50096e-09
       3640.00   2.55271e-09
       3650.00   2.64585e-09
       3660.00   2.66667e-09
       3670.00   2.60001e-09
       3680.00   2.61507e-09
       3690.00   2.65901e-09
       3700.00   2.69515e-09
       3710.00   2.79234e-09
       3720.00   2.87104e-09
       3730.00   2.81138e-09
       3740.00   2.91181e-09
       3750.00   3.14619e-09
       3760.00   3.30268e-09
       3770.00   3.58578e-09
       3780.00   3.65048e-09
       3790.00   3.51967e-09
       3800.00   3.96265e-09
       3810.00   4.09393e-09
       3820.00   3.54140e-09
       3830.00   3.36347e-09
       3840.00   4.01261e-09
       3850.00   4.68946e-09
       3860.00   4.77881e-09
       3870.00   4.22048e-09
       3880.00   3.59027e-09
       3890.00   3.95718e-09
       3900.00   4.54031e-09
       3910.00   4.51733e-09
       3920.00   3.95754e-09
       3930.00   3.89992e-09
       3940.00   4.29961e-09
       3950.00   4.01808e-09
       3960.00   3.43685e-09
       3970.00   4.02501e-09
       3980.00   4.98777e-09
       3990.00   5.24925e-09
       4000.00   5.40606e-09
       4010.00   5.54391e-09
       4020.00   5.54282e-09
       4030.00   5.56798e-09
       4040.00   5.50672e-09
       4050.00   5.46514e-09
       4060.00   5.36412e-09
       4070.00   5.22518e-09
       4080.00   4.81345e-09
       4090.00   4.24199e-09
       4100.00   4.28649e-09
       4110.00   4.79741e-09
       4120.00   5.03956e-09
       4130.00   5.28535e-09
       4140.00   5.43961e-09
       4150.00   5.44508e-09
       4160.00   5.31125e-09
       4170.00   5.27514e-09
       4180.00   5.38564e-09
       4190.00   5.40169e-09
       4200.00   5.46077e-09
       4210.00   5.38455e-09
       4220.00   5.34078e-09
       4230.00   5.42357e-09
       4240.00   5.46697e-09
       4250.00   5.45384e-09
       4260.00   5.44581e-09
       4270.00   5.40424e-09
       4280.00   5.23977e-09
       4290.00   5.00856e-09
       4300.00   4.98631e-09
       4310.00   4.99981e-09
       4320.00   4.44257e-09
       4330.00   3.85689e-09
       4340.00   4.20224e-09
       4350.00   4.94437e-09
       4360.00   5.22372e-09
       4370.00   5.16100e-09
       4380.00   5.14203e-09
       4390.00   5.14240e-09
       4400.00   5.14130e-09
       4410.00   5.11942e-09
       4420.00   5.11614e-09
       4430.00   5.12781e-09
       4440.00   5.04685e-09
       4450.00   4.97647e-09
       4460.00   4.99434e-09
       4470.00   5.00272e-09
       4480.00   5.05998e-09
       4490.00   5.21971e-09
       4500.00   5.30286e-09
       4510.00   5.12708e-09
       4520.00   4.99397e-09
       4530.00   5.02205e-09
       4540.00   5.01075e-09
       4550.00   5.06144e-09
       4560.00   5.08733e-09
       4570.00   4.99142e-09
       4580.00   4.94073e-09
       4590.00   5.01476e-09
       4600.00   5.08733e-09
       4610.00   5.08405e-09
       4620.00   5.08004e-09
       4630.00   5.05597e-09
       4640.00   4.96698e-09
       4650.00   4.91520e-09
       4660.00   4.90462e-09
       4670.00   4.94146e-09
       4680.00   4.97209e-09
       4690.00   4.92942e-09
       4700.00   4.93088e-09
       4710.00   4.94656e-09
       4720.00   4.92359e-09
       4730.00   4.90535e-09
       4740.00   4.88748e-09
       4750.00   4.84591e-09
       4760.00   4.84664e-09
       4770.00   4.89879e-09
       4780.00   4.91666e-09
       4790.00   4.85320e-09
       4800.00   4.82841e-09
       4810.00   4.84591e-09
       4820.00   4.83059e-09
       4830.00   4.66867e-09
       4840.00   4.01954e-09
       4850.00   3.47237e-09
       4860.00   3.62174e-09
       4870.00   4.05491e-09
       4880.00   4.26533e-09
       4890.00   4.38386e-09
       4900.00   4.40793e-09
       4910.00   4.33098e-09
       4920.00   4.35942e-09
       4930.00   4.44075e-09
       4940.00   4.48670e-09
       4950.00   4.44002e-09
       4960.00   4.36745e-09
       4970.00   4.35796e-09
       4980.00   4.34775e-09
       4990.00   4.31347e-09
       5000.00   4.22631e-09
       5010.00   4.26679e-09
       5020.00   4.31493e-09
       5030.00   4.30436e-09
       5040.00   4.28503e-09
       5050.00   4.24491e-09
       5060.00   4.15046e-09
       5070.00   4.04871e-09
       5080.00   4.06585e-09
       5090.00   4.08226e-09
       5100.00   4.10123e-09
       5110.00   4.04981e-09
       5120.00   3.92946e-09
       5130.00   3.93347e-09
       5140.00   4.01881e-09
       5150.00   3.97796e-09
       5160.00   3.88169e-09
       5170.00   3.93493e-09
       5180.00   3.91378e-09
       5190.00   3.87403e-09
       5200.00   3.89299e-09
       5210.00   3.87184e-09
       5220.00   3.81568e-09
       5230.00   3.84923e-09
       5240.00   3.89992e-09
       5250.00   3.77520e-09
       5260.00   3.66251e-09
       5270.00   3.71357e-09
       5280.00   3.82626e-09
       5290.00   3.88679e-09
       5300.00   3.88898e-09
       5310.00   3.82407e-09
       5320.00   3.71430e-09
       5330.00   3.70700e-09
       5340.00   3.77484e-09
       5350.00   3.79562e-09
       5360.00   3.75879e-09
       5370.00   3.76791e-09
       5380.00   3.77629e-09
       5390.00   3.71904e-09
       5400.00   3.65340e-09
       5410.00   3.67272e-09
       5420.00   3.75295e-09
       5430.00   3.77301e-09
       5440.00   3.75514e-09
       5450.00   3.75259e-09
       5460.00   3.70190e-09
       5470.00   3.64143e-09
       5480.00   3.67491e-09
       5490.00   3.67236e-09
       5500.00   3.66288e-09
       5510.00   3.66032e-09
       5520.00   3.64720e-09
       5530.00   3.66616e-09
       5540.00   3.67455e-09
       5550.00   3.66105e-09
       5560.00   3.64793e-09
       5570.00   3.64556e-09
       5580.00   3.62546e-09
       5590.00   3.58801e-09
       5600.00   3.58567e-09
       5610.00   3.62539e-09
       5620.00   3.64720e-09
       5630.00   3.57517e-09
       5640.00   3.59723e-09
       5650.00   3.51219e-09
       5660.00   3.55821e-09
       5670.00   3.47043e-09
       5680.00   3.53998e-09
       5690.00   3.47313e-09
       5700.00   3.49461e-09
       5710.00   3.46898e-09
       5720.00   3.52072e-09
       5730.00   3.47178e-09
       5740.00   3.44275e-09
       5760.00   3.40242e-09
       5780.00   3.39199e-09
       5800.00   3.41125e-09
       5820.00   3.41694e-09
       5840.00   3.37109e-09
       5860.00   3.26818e-09
       5880.00   3.18554e-09
       5900.00   3.19572e-09
       5920.00   3.21785e-09
       5940.00   3.20243e-09
       5960.00   3.19637e-09
       5980.00   3.18146e-09
       6000.00   3.14477e-09
       6020.00   3.15440e-09
       6040.00   3.17256e-09
       6060.00   3.15163e-09
       6080.00   3.16676e-09
       6100.00   3.13398e-09
       6120.00   3.04634e-09
       6140.00   3.00302e-09
       6160.00   3.01265e-09
       6180.00   3.01323e-09
       6200.00   2.96538e-09
       6220.00   2.94070e-09
       6240.00   2.91597e-09
       6260.00   2.87502e-09
       6280.00   2.85397e-09
       6300.00   2.86648e-09
       6320.00   2.87028e-09
       6340.00   2.85219e-09
       6360.00   2.83428e-09
       6380.00   2.81386e-09
       6400.00   2.81765e-09
       6420.00   2.80810e-09
       6440.00   2.77221e-09
       6460.00   2.71547e-09
       6480.00   2.67791e-09
       6500.00   2.67699e-09
       6520.00   2.53046e-09
       6540.00   2.30782e-09
       6560.00   2.31370e-09
       6580.00   2.47616e-09
       6600.00   2.57889e-09
       6620.00   2.60355e-09
       6640.00   2.59782e-09
       6660.00   2.59702e-09
       6680.00   2.60110e-09
       6700.00   2.59290e-09
       6720.00   2.56781e-09
       6740.00   2.56223e-09
       6760.00   2.58801e-09
       6780.00   2.60395e-09
       6800.00   2.64071e-09
       6820.00   2.66547e-09
       6840.00   2.60293e-09
       6860.00   2.49454e-09
       6880.00   2.52397e-09
       6900.00   2.56704e-09
       6920.00   2.48801e-09
       6940.00   2.47142e-09
       6960.00   2.45045e-09
       6980.00   2.36884e-09
       7000.00   2.35534e-09
       7020.00   2.37766e-09
       7040.00   2.35294e-09
       7060.00   2.33084e-09
       7080.00   2.31767e-09
       7100.00   2.29378e-09
       7120.00   2.24856e-09
       7140.00   2.14842e-09
       7160.00   2.03041e-09
       7180.00   2.04533e-09
       7200.00   2.13511e-09
       7220.00   2.11071e-09
       7240.00   2.07169e-09
       7260.00   2.06717e-09
       7280.00   2.08435e-09
       7300.00   2.13493e-09
       7320.00   2.16002e-09
       7340.00   2.12592e-09
       7360.00   2.07581e-09
       7380.00   2.06458e-09
       7400.00   2.06144e-09
       7420.00   2.05827e-09
       7440.00   2.05732e-09
       7460.00   2.03825e-09
       7480.00   2.01954e-09
       7500.00   2.04788e-09
       7520.00   2.08555e-09
       7540.00   2.08413e-09
       7560.00   1.84526e-09
       7580.00   1.45844e-09
       7600.00   1.46752e-09
       7620.00   1.86871e-09
       7640.00   2.14649e-09
       7660.00   2.12599e-09
       7680.00   1.99584e-09
       7700.00   1.90576e-09
       7720.00   1.89960e-09
       7740.00   1.87516e-09
       7760.00   1.86189e-09
       7780.00   1.87582e-09
       7800.00   1.86999e-09
       7820.00   1.87119e-09
       7840.00   1.86163e-09
       7860.00   1.82721e-09
       7880.00   1.80562e-09
       7900.00   1.79121e-09
       7920.00   1.79092e-09
       7940.00   1.79752e-09
       7960.00   1.79730e-09
       7980.00   1.78126e-09
       8000.00   1.75697e-09
       8020.00   1.75672e-09
       8040.00   1.77524e-09
       8060.00   1.77655e-09
       8080.00   1.73910e-09
       8100.00   1.68885e-09
       8120.00   1.64614e-09
       8140.00   1.61569e-09
       8160.00   1.61883e-09
       8180.00   1.66744e-09
       8200.00   1.67393e-09
       8220.00   1.65934e-09
       8240.00   1.67222e-09
       8260.00   1.64330e-09
       8280.00   1.62897e-09
       8300.00   1.62113e-09
       8320.00   1.55782e-09
       8340.00   1.50567e-09
       8360.00   1.50162e-09
       8380.00   1.51945e-09
       8400.00   1.53171e-09
       8420.00   1.52769e-09
       8440.00   1.50166e-09
       8460.00   1.48889e-09
       8480.00   1.49651e-09
       8500.00   1.48492e-09
       8520.00   1.43835e-09
       8540.00   1.44787e-09
       8560.00   1.48036e-09
       8580.00   1.48109e-09
       8600.00   1.51891e-09
       8620.00   1.52069e-09
       8640.00   1.45972e-09
       8660.00   1.44112e-09
       8680.00   1.47069e-09
       8700.00   1.43630e-09
       8720.00   1.37427e-09
       8740.00   1.40290e-09
       8760.00   1.45107e-09
       8780.00   1.44021e-09
       8800.00   1.44218e-09
       8820.00   1.41720e-09
       8840.00   1.33890e-09
       8860.00   1.35159e-09
       8880.00   1.38966e-09
       8900.00   1.38769e-09
       8920.00   1.39812e-09
       8940.00   1.35885e-09
       8960.00   1.25579e-09
       8980.00   1.16115e-09
       9000.00   1.18081e-09
       9020.00   1.34134e-09
       9040.00   1.38000e-09
       9060.00   1.28963e-09
       9080.00   1.25972e-09
       9100.00   1.27209e-09
       9120.00   1.28711e-09
       9140.00   1.25269e-09
       9160.00   1.25601e-09
       9180.00   1.30692e-09
       9200.00   1.25677e-09
       9220.00   1.25199e-09
       9240.00   1.28296e-09
       9260.00   1.29083e-09
       9280.00   1.29302e-09
       9300.00   1.08986e-09
       9320.00   9.43618e-10
       9340.00   1.02819e-09
       9360.00   1.15528e-09
       9380.00   1.30801e-09
       9400.00   1.28759e-09
       9420.00   1.14543e-09
       9440.00   1.18974e-09
       9460.00   1.23314e-09
       9480.00   1.17337e-09
       9500.00   1.11856e-09
       9520.00   1.08307e-09
       9540.00   1.10448e-09
       9560.00   1.15189e-09
       9580.00   1.12581e-09
       9600.00   1.10849e-09
       9620.00   1.12060e-09
       9640.00   1.13063e-09
       9660.00   1.20502e-09
       9680.00   1.24930e-09
       9700.00   1.17523e-09
       9720.00   1.10360e-09
       9740.00   1.10058e-09
       9760.00   1.11717e-09
       9780.00   1.10765e-09
       9800.00   1.06885e-09
       9820.00   1.05824e-09
       9840.00   1.06265e-09
       9860.00   1.04558e-09
       9880.00   1.04285e-09
       9900.00   1.05765e-09
       9920.00   1.06644e-09
       9940.00   1.05240e-09
       9960.00   1.03111e-09
       9980.00   1.01597e-09
       10000.0   9.74689e-10
       10020.0   9.46535e-10
       10040.0   9.69656e-10
       10060.0   9.76220e-10
       10080.0   9.79794e-10
       10100.0   1.00405e-09
       10120.0   1.00361e-09
       10140.0   9.94090e-10
       10160.0   9.78153e-10
       10180.0   9.65316e-10
       10200.0   9.63967e-10
       10220.0   9.40226e-10
       10240.0   9.36871e-10
       10260.0   9.68270e-10
       10280.0   9.52443e-10
       10300.0   9.15099e-10
       10320.0   9.30124e-10
       10340.0   9.43071e-10
       10360.0   8.94422e-10
       10380.0   9.13203e-10
       10400.0   9.55251e-10
       10420.0   9.22977e-10
       10440.0   8.85815e-10
       10460.0   8.92051e-10
       10480.0   9.31146e-10
       10500.0   9.44019e-10
       10520.0   9.29906e-10
       10540.0   9.19403e-10
       10560.0   8.97194e-10
       10580.0   8.77902e-10
       10600.0   8.89608e-10
       10800.0   8.55182e-10
       11000.0   8.19078e-10
       11200.0   7.81990e-10
       11400.0   7.44537e-10
       11600.0   7.07194e-10
       11800.0   6.70434e-10
       12000.0   6.34658e-10
       12200.0   6.00123e-10
       12400.0   5.67119e-10
       12600.0   5.37835e-10
       12800.0   4.98923e-10
       13000.0   4.88092e-10
       13200.0   4.67305e-10
       13400.0   4.46518e-10
       13600.0   4.25439e-10
       13800.0   4.06403e-10
       14000.0   3.89409e-10
       14200.0   3.73618e-10
       14400.0   3.57802e-10
       14600.0   3.43750e-10
       14800.0   3.29699e-10
       15000.0   3.15644e-10
       15200.0   3.02476e-10
       15400.0   2.89763e-10
       15600.0   2.78877e-10
       15800.0   2.69096e-10
       16000.0   2.62069e-10
       16200.0   2.53586e-10
       16400.0   2.43630e-10
       16600.0   2.34841e-10
       16800.0   2.22256e-10
       17000.0   2.16221e-10
       17200.0   2.07964e-10
       17400.0   1.96896e-10
       17600.0   1.90624e-10
       17800.0   1.84150e-10
       18000.0   1.76539e-10
       18200.0   1.66795e-10
       18400.0   1.63218e-10
       18600.0   1.57656e-10
       18800.0   1.48583e-10
       19000.0   1.46180e-10
       19200.0   1.40465e-10
       19400.0   1.34141e-10
       19600.0   1.30276e-10
       19800.0   1.26323e-10
       20000.0   1.21607e-10
       20200.0   1.17421e-10
       20400.0   1.13322e-10
       20600.0   1.09077e-10
       20800.0   1.05240e-10
       21000.0   1.01316e-10
       21200.0   9.75710e-11
       21400.0   9.45222e-11
       21600.0   8.98397e-11
       21800.0   8.76735e-11
       22000.0   8.55948e-11
       22200.0   8.30456e-11
       22400.0   8.03506e-11
       22600.0   7.78927e-11
       22800.0   7.55222e-11
       23000.0   7.32357e-11
       23200.0   7.09528e-11
       23400.0   6.89032e-11
       23600.0   6.70871e-11
       23800.0   6.48917e-11
       24000.0   6.29297e-11
       24200.0   6.12886e-11
       24400.0   5.93267e-11
       24600.0   5.75397e-11
       24800.0   5.59023e-11
       25000.0   5.41153e-11
       25200.0   5.27077e-11
       25400.0   5.11578e-11
       25600.0   4.96042e-11
