       229.000       0.00000
       234.000       0.00000
       243.000       0.00000
       252.000       0.00000
       256.000       0.00000
       260.000       0.00000
       266.000       0.00000
       275.000       0.00000
       283.000       0.00000
       293.000       0.00000
       301.000       0.00000
       309.000       0.00000
       325.000       0.00000
       342.000       0.00000
       351.000       0.00000
       356.000       0.00000
       365.000       0.00000
       375.000       0.00000
       384.000       0.00000
       400.000       0.00000
       415.000       0.00000
       425.000       0.00000
       445.000       0.00000
       472.000       0.00000
       494.000       0.00000
       506.000   2.06109e-16
       516.000   3.39951e-16
       540.000   8.96947e-16
       564.000   2.18809e-15
       587.000   4.48601e-15
       612.000   1.00998e-14
       640.000   2.19645e-14
       671.000   4.82641e-14
       705.000   1.06533e-13
       736.000   2.03825e-13
       770.000   3.93358e-13
       810.000   7.83370e-13
       850.000   1.45476e-12
       890.000   2.57403e-12
       920.000   4.25907e-11
       940.000   5.26320e-10
       962.000   4.28926e-09
       987.000   1.49782e-08
       1012.00   1.49255e-08
       1037.00   1.63478e-08
       1062.00   2.77220e-08
       1087.00   2.49493e-08
       1112.00   3.36842e-08
       1120.00   3.48247e-08
       1140.00   3.74119e-08
       1160.00   3.86448e-08
       1180.00   3.25658e-08
       1200.00   1.73301e-08
       1220.00   1.13243e-08
       1240.00   2.81097e-08
       1260.00   3.79538e-08
       1280.00   3.85684e-08
       1300.00   3.62765e-08
       1320.00   3.90012e-08
       1340.00   3.98122e-08
       1360.00   3.93721e-08
       1380.00   4.05541e-08
       1400.00   3.89394e-08
       1420.00   3.88157e-08
       1440.00   4.12342e-08
       1460.00   4.16088e-08
       1480.00   3.92558e-08
       1500.00   3.85684e-08
       1520.00   3.80156e-08
       1540.00   3.77683e-08
       1560.00   3.70191e-08
       1580.00   3.51622e-08
       1600.00   3.27535e-08
       1620.00   3.04565e-08
       1640.00   2.92182e-08
       1660.00   2.89767e-08
       1680.00   2.95895e-08
       1700.00   2.85370e-08
       1720.00   2.65000e-08
       1740.00   2.55712e-08
       1760.00   2.55093e-08
       1780.00   2.53853e-08
       1800.00   2.01847e-08
       1820.00   2.03640e-08
       1840.00   1.91940e-08
       1860.00   1.99308e-08
       1880.00   1.85685e-08
       1900.00   1.77080e-08
       1920.00   1.80793e-08
       1940.00   1.77080e-08
       1960.00   1.70887e-08
       1980.00   1.62838e-08
       2000.00   1.55965e-08
       2002.50   1.55354e-08
       2005.00   1.54743e-08
       2007.50   1.54132e-08
       2010.00   1.53521e-08
       2012.50   1.52910e-08
       2015.00   1.52299e-08
       2017.50   1.51684e-08
       2020.00   1.51073e-08
       2022.50   1.50913e-08
       2025.00   1.50750e-08
       2027.50   1.50586e-08
       2030.00   1.50426e-08
       2032.50   1.50262e-08
       2035.00   1.50099e-08
       2037.50   1.49939e-08
       2040.00   1.49775e-08
       2042.50   1.49164e-08
       2045.00   1.48553e-08
       2047.50   1.47942e-08
       2050.00   1.47327e-08
       2052.50   1.46716e-08
       2055.00   1.46105e-08
       2057.50   1.45494e-08
       2060.00   1.44883e-08
       2062.50   1.44411e-08
       2065.00   1.43938e-08
       2067.50   1.43465e-08
       2070.00   1.42996e-08
       2072.50   1.42523e-08
       2075.00   1.42050e-08
       2077.50   1.41577e-08
       2080.00   1.41105e-08
       2082.50   1.41268e-08
       2085.00   1.41432e-08
       2087.50   1.41596e-08
       2090.00   1.41756e-08
       2092.50   1.41919e-08
       2095.00   1.42083e-08
       2097.50   1.42243e-08
       2100.00   1.42407e-08
       2102.50   1.42323e-08
       2105.00   1.42236e-08
       2107.50   1.42152e-08
       2110.00   1.42065e-08
       2112.50   1.41981e-08
       2115.00   1.41898e-08
       2117.50   1.41810e-08
       2120.00   1.41727e-08
       2122.50   1.41028e-08
       2125.00   1.40334e-08
       2127.50   1.39635e-08
       2130.00   1.38941e-08
       2132.50   1.38243e-08
       2135.00   1.37544e-08
       2137.50   1.36850e-08
       2140.00   1.36151e-08
       2142.50   1.36231e-08
       2145.00   1.36308e-08
       2147.50   1.36384e-08
       2150.00   1.36464e-08
       2152.50   1.36541e-08
       2155.00   1.36617e-08
       2157.50   1.36693e-08
       2160.00   1.36773e-08
       2162.50   1.36239e-08
       2165.00   1.35704e-08
       2167.50   1.35169e-08
       2170.00   1.34635e-08
       2172.50   1.34100e-08
       2175.00   1.33569e-08
       2177.50   1.33035e-08
       2180.00   1.32500e-08
       2182.50   1.31882e-08
       2185.00   1.31263e-08
       2187.50   1.30642e-08
       2190.00   1.30023e-08
       2192.50   1.29405e-08
       2195.00   1.28787e-08
       2197.50   1.28165e-08
       2200.00   1.27547e-08
       2202.50   1.26928e-08
       2205.00   1.26310e-08
       2207.50   1.25688e-08
       2210.00   1.25070e-08
       2212.50   1.24452e-08
       2215.00   1.23833e-08
       2217.50   1.23212e-08
       2220.00   1.22593e-08
       2222.50   1.21895e-08
       2225.00   1.21200e-08
       2227.50   1.20502e-08
       2230.00   1.19808e-08
       2232.50   1.19109e-08
       2235.00   1.18415e-08
       2237.50   1.17716e-08
       2240.00   1.17022e-08
       2242.50   1.17324e-08
       2245.00   1.17625e-08
       2247.50   1.17927e-08
       2250.00   1.18229e-08
       2252.50   1.18531e-08
       2255.00   1.18833e-08
       2257.50   1.19135e-08
       2260.00   1.19437e-08
       2262.50   1.19513e-08
       2265.00   1.19589e-08
       2267.50   1.19669e-08
       2270.00   1.19746e-08
       2272.50   1.19822e-08
       2275.00   1.19898e-08
       2277.50   1.19978e-08
       2280.00   1.20055e-08
       2282.50   1.19909e-08
       2285.00   1.19760e-08
       2287.50   1.19615e-08
       2290.00   1.19466e-08
       2292.50   1.19320e-08
       2295.00   1.19171e-08
       2297.50   1.19026e-08
       2300.00   1.18877e-08
       2302.50   1.18647e-08
       2305.00   1.18415e-08
       2307.50   1.18182e-08
       2310.00   1.17949e-08
       2312.50   1.17716e-08
       2315.00   1.17484e-08
       2317.50   1.17254e-08
       2320.00   1.17022e-08
       2322.50   1.16549e-08
       2325.00   1.16076e-08
       2327.50   1.15603e-08
       2330.00   1.15134e-08
       2332.50   1.14661e-08
       2335.00   1.14189e-08
       2337.50   1.13716e-08
       2340.00   1.13243e-08
       2342.50   1.12865e-08
       2345.00   1.12487e-08
       2347.50   1.12105e-08
       2350.00   1.11727e-08
       2352.50   1.11348e-08
       2355.00   1.10970e-08
       2357.50   1.10588e-08
       2360.00   1.10210e-08
       2362.50   1.10054e-08
       2365.00   1.09901e-08
       2367.50   1.09744e-08
       2370.00   1.09592e-08
       2372.50   1.09435e-08
       2375.00   1.09283e-08
       2377.50   1.09126e-08
       2380.00   1.08973e-08
       2382.50   1.09592e-08
       2385.00   1.10210e-08
       2387.50   1.10828e-08
       2390.00   1.11450e-08
       2392.50   1.12068e-08
       2395.00   1.12687e-08
       2397.50   1.13305e-08
       2400.00   1.13927e-08
       2402.50   1.13996e-08
       2405.00   1.14065e-08
       2407.50   1.14134e-08
       2410.00   1.14203e-08
       2412.50   1.14272e-08
       2415.00   1.14341e-08
       2417.50   1.14414e-08
       2420.00   1.14483e-08
       2422.50   1.14483e-08
       2425.00   1.14483e-08
       2427.50   1.14483e-08
       2430.00   1.14483e-08
       2432.50   1.14483e-08
       2435.00   1.14483e-08
       2437.50   1.14483e-08
       2440.00   1.14483e-08
       2442.50   1.14025e-08
       2445.00   1.13570e-08
       2447.50   1.13112e-08
       2450.00   1.12654e-08
       2452.50   1.12199e-08
       2455.00   1.11741e-08
       2457.50   1.11286e-08
       2460.00   1.10828e-08
       2462.50   1.10668e-08
       2465.00   1.10505e-08
       2467.50   1.10341e-08
       2470.00   1.10181e-08
       2472.50   1.10017e-08
       2475.00   1.09854e-08
       2477.50   1.09690e-08
       2480.00   1.09530e-08
       2482.50   1.09690e-08
       2485.00   1.09854e-08
       2487.50   1.10017e-08
       2490.00   1.10181e-08
       2492.50   1.10341e-08
       2495.00   1.10505e-08
       2497.50   1.10668e-08
       2500.00   1.10828e-08
       2502.50   1.10435e-08
       2505.00   1.10039e-08
       2507.50   1.09646e-08
       2510.00   1.09250e-08
       2512.50   1.08857e-08
       2515.00   1.08461e-08
       2517.50   1.08068e-08
       2520.00   1.07671e-08
       2522.50   1.06984e-08
       2525.00   1.06293e-08
       2527.50   1.05606e-08
       2530.00   1.04915e-08
       2532.50   1.04227e-08
       2535.00   1.03540e-08
       2537.50   1.02849e-08
       2540.00   1.02162e-08
       2542.50   1.02074e-08
       2545.00   1.01991e-08
       2547.50   1.01907e-08
       2550.00   1.01820e-08
       2552.50   1.01736e-08
       2555.00   1.01649e-08
       2557.50   1.01565e-08
       2560.00   1.01482e-08
       2562.50   1.01711e-08
       2565.00   1.01944e-08
       2567.50   1.02176e-08
       2570.00   1.02409e-08
       2572.50   1.02642e-08
       2575.00   1.02875e-08
       2577.50   1.03104e-08
       2580.00   1.03336e-08
       2582.50   1.03336e-08
       2585.00   1.03336e-08
       2587.50   1.03336e-08
       2590.00   1.03336e-08
       2592.50   1.03336e-08
       2595.00   1.03336e-08
       2597.50   1.03336e-08
       2600.00   1.03336e-08
       2602.50   1.02958e-08
       2605.00   1.02580e-08
       2607.50   1.02198e-08
       2610.00   1.01820e-08
       2612.50   1.01442e-08
       2615.00   1.01063e-08
       2617.50   1.00682e-08
       2620.00   1.00303e-08
       2622.50   1.00147e-08
       2625.00   9.99942e-09
       2627.50   9.98378e-09
       2630.00   9.96851e-09
       2632.50   9.95287e-09
       2635.00   9.93759e-09
       2637.50   9.92195e-09
       2640.00   9.90668e-09
       2642.50   9.91359e-09
       2645.00   9.92050e-09
       2647.50   9.92741e-09
       2650.00   9.93432e-09
       2652.50   9.94123e-09
       2655.00   9.94850e-09
       2657.50   9.95541e-09
       2660.00   9.96232e-09
       2662.50   9.92341e-09
       2665.00   9.88486e-09
       2667.50   9.84631e-09
       2670.00   9.80739e-09
       2672.50   9.76884e-09
       2675.00   9.72993e-09
       2677.50   9.69138e-09
       2680.00   9.65283e-09
       2682.50   9.65283e-09
       2685.00   9.65283e-09
       2687.50   9.65283e-09
       2690.00   9.65283e-09
       2692.50   9.65283e-09
       2695.00   9.65283e-09
       2697.50   9.65283e-09
       2700.00   9.65283e-09
       2702.50   9.67574e-09
       2705.00   9.69902e-09
       2707.50   9.72229e-09
       2710.00   9.74557e-09
       2712.50   9.76884e-09
       2715.00   9.79212e-09
       2717.50   9.81540e-09
       2720.00   9.83831e-09
       2722.50   9.79212e-09
       2725.00   9.74557e-09
       2727.50   9.69902e-09
       2730.00   9.65283e-09
       2732.50   9.60628e-09
       2735.00   9.55973e-09
       2737.50   9.51318e-09
       2740.00   9.46699e-09
       2742.50   9.44371e-09
       2745.00   9.42044e-09
       2747.50   9.39716e-09
       2750.00   9.37389e-09
       2752.50   9.35097e-09
       2755.00   9.32770e-09
       2757.50   9.30442e-09
       2760.00   9.28115e-09
       2762.50   9.25787e-09
       2765.00   9.23460e-09
       2767.50   9.21168e-09
       2770.00   9.18841e-09
       2772.50   9.16513e-09
       2775.00   9.14186e-09
       2777.50   9.11858e-09
       2780.00   9.09531e-09
       2782.50   9.05676e-09
       2785.00   9.01821e-09
       2787.50   8.97929e-09
       2790.00   8.94074e-09
       2792.50   8.90183e-09
       2795.00   8.86328e-09
       2797.50   8.82436e-09
       2800.00   8.78581e-09
       2802.50   8.83237e-09
       2805.00   8.87892e-09
       2807.50   8.92510e-09
       2810.00   8.97165e-09
       2812.50   9.01821e-09
       2815.00   9.06439e-09
       2817.50   9.11094e-09
       2820.00   9.15750e-09
       2822.50   9.13422e-09
       2825.00   9.11094e-09
       2827.50   9.08767e-09
       2830.00   9.06439e-09
       2832.50   9.04112e-09
       2835.00   9.01821e-09
       2837.50   8.99493e-09
       2840.00   8.97165e-09
       2842.50   8.94147e-09
       2845.00   8.91128e-09
       2847.50   8.88110e-09
       2850.00   8.85091e-09
       2852.50   8.82073e-09
       2855.00   8.79054e-09
       2857.50   8.76036e-09
       2860.00   8.73017e-09
       2862.50   8.73017e-09
       2865.00   8.73017e-09
       2867.50   8.73017e-09
       2870.00   8.73017e-09
       2872.50   8.73017e-09
       2875.00   8.73017e-09
       2877.50   8.73017e-09
       2880.00   8.73017e-09
       2882.50   8.69853e-09
       2885.00   8.66653e-09
       2887.50   8.63489e-09
       2890.00   8.60325e-09
       2892.50   8.57161e-09
       2895.00   8.53960e-09
       2897.50   8.50796e-09
       2900.00   8.47632e-09
       2902.50   8.46941e-09
       2905.00   8.46250e-09
       2907.50   8.45523e-09
       2910.00   8.44832e-09
       2912.50   8.44141e-09
       2915.00   8.43450e-09
       2917.50   8.42759e-09
       2920.00   8.42068e-09
       2922.50   8.38867e-09
       2925.00   8.35703e-09
       2927.50   8.32539e-09
       2930.00   8.29375e-09
       2932.50   8.26175e-09
       2935.00   8.23011e-09
       2937.50   8.19847e-09
       2940.00   8.16683e-09
       2942.50   8.15192e-09
       2945.00   8.13737e-09
       2947.50   8.12246e-09
       2950.00   8.10791e-09
       2952.50   8.09300e-09
       2955.00   8.07845e-09
       2957.50   8.06391e-09
       2960.00   8.04900e-09
       2962.50   8.04063e-09
       2965.00   8.03190e-09
       2967.50   8.02354e-09
       2970.00   8.01481e-09
       2972.50   8.00644e-09
       2975.00   7.99808e-09
       2977.50   7.98935e-09
       2980.00   7.98099e-09
       2982.50   7.95771e-09
       2985.00   7.93444e-09
       2987.50   7.91116e-09
       2990.00   7.88788e-09
       2992.50   7.86497e-09
       2995.00   7.84170e-09
       2997.50   7.81842e-09
       3000.00   7.79514e-09
       3002.50   7.81842e-09
       3005.00   7.84170e-09
       3007.50   7.86497e-09
       3010.00   7.88788e-09
       3012.50   7.91116e-09
       3015.00   7.93444e-09
       3017.50   7.95771e-09
       3020.00   7.98099e-09
       3022.50   7.95771e-09
       3025.00   7.93444e-09
       3027.50   7.91116e-09
       3030.00   7.88788e-09
       3032.50   7.86497e-09
       3035.00   7.84170e-09
       3037.50   7.81842e-09
       3040.00   7.79514e-09
       3042.50   7.77987e-09
       3045.00   7.76423e-09
       3047.50   7.74896e-09
       3050.00   7.73332e-09
       3052.50   7.71768e-09
       3055.00   7.70241e-09
       3057.50   7.68677e-09
       3060.00   7.67149e-09
       3062.50   7.68677e-09
       3065.00   7.70241e-09
       3067.50   7.71768e-09
       3070.00   7.73332e-09
       3072.50   7.74896e-09
       3075.00   7.76423e-09
       3077.50   7.77987e-09
       3080.00   7.79514e-09
       3082.50   7.75660e-09
       3085.00   7.71768e-09
       3087.50   7.67913e-09
       3090.00   7.64022e-09
       3092.50   7.60167e-09
       3095.00   7.56312e-09
       3097.50   7.52420e-09
       3100.00   7.48565e-09
       3102.50   7.50093e-09
       3105.00   7.51657e-09
       3107.50   7.53220e-09
       3110.00   7.54748e-09
       3112.50   7.56312e-09
       3115.00   7.57839e-09
       3117.50   7.59403e-09
       3120.00   7.60931e-09
       3122.50   7.60240e-09
       3125.00   7.59549e-09
       3127.50   7.58857e-09
       3130.00   7.58166e-09
       3132.50   7.57475e-09
       3135.00   7.56748e-09
       3137.50   7.56057e-09
       3140.00   7.55366e-09
       3142.50   7.54530e-09
       3145.00   7.53657e-09
       3147.50   7.52820e-09
       3150.00   7.51984e-09
       3152.50   7.51111e-09
       3155.00   7.50275e-09
       3157.50   7.49402e-09
       3160.00   7.48565e-09
       3162.50   7.47111e-09
       3165.00   7.45619e-09
       3167.50   7.44165e-09
       3170.00   7.42674e-09
       3172.50   7.41219e-09
       3175.00   7.39728e-09
       3177.50   7.38273e-09
       3180.00   7.36818e-09
       3182.50   7.33691e-09
       3185.00   7.30599e-09
       3187.50   7.27508e-09
       3190.00   7.24417e-09
       3192.50   7.21326e-09
       3195.00   7.18234e-09
       3197.50   7.15143e-09
       3200.00   7.12052e-09
       3202.50   7.12052e-09
       3205.00   7.12052e-09
       3207.50   7.12052e-09
       3210.00   7.12052e-09
       3212.50   7.12052e-09
       3215.00   7.12052e-09
       3217.50   7.12052e-09
       3220.00   7.12052e-09
       3222.50   7.12815e-09
       3225.00   7.13579e-09
       3227.50   7.14343e-09
       3230.00   7.15143e-09
       3232.50   7.15907e-09
       3235.00   7.16670e-09
       3237.50   7.17434e-09
       3240.00   7.18234e-09
       3260.00   7.26453e-09
       3270.00   6.99032e-09
       3280.00   6.85685e-09
       3290.00   6.75574e-09
       3300.00   6.84885e-09
       3310.00   6.82957e-09
       3320.00   6.65901e-09
       3330.00   6.71138e-09
       3340.00   6.62336e-09
       3350.00   6.73829e-09
       3360.00   6.58518e-09
       3370.00   6.55972e-09
       3380.00   6.44734e-09
       3390.00   6.54881e-09
       3400.00   6.47644e-09
       3410.00   6.36006e-09
       3420.00   6.36915e-09
       3430.00   6.21168e-09
       3440.00   6.16476e-09
       3450.00   6.19931e-09
       3460.00   6.16913e-09
       3470.00   6.16985e-09
       3480.00   6.04802e-09
       3490.00   5.98474e-09
       3500.00   5.98547e-09
       3510.00   5.99747e-09
       3520.00   6.00038e-09
       3530.00   5.91309e-09
       3540.00   6.08112e-09
       3550.00   5.93819e-09
       3560.00   5.94437e-09
       3570.00   5.87273e-09
       3580.00   5.85672e-09
       3590.00   5.74653e-09
       3600.00   5.82145e-09
       3610.00   5.75235e-09
       3620.00   5.79053e-09
       3630.00   5.72071e-09
       3640.00   5.65961e-09
       3650.00   5.62942e-09
       3660.00   5.59378e-09
       3670.00   5.53268e-09
       3680.00   5.47049e-09
       3690.00   5.46577e-09
       3700.00   5.52687e-09
       3710.00   5.51305e-09
       3720.00   5.69489e-09
       3730.00   5.76617e-09
       3740.00   6.09421e-09
       3750.00   6.33969e-09
       3760.00   6.75029e-09
       3770.00   6.78738e-09
       3780.00   7.68859e-09
       3790.00   7.67077e-09
       3800.00   6.94995e-09
       3810.00   8.40831e-09
       3820.00   9.09567e-09
       3830.00   7.21871e-09
       3840.00   6.95431e-09
       3850.00   9.05748e-09
       3860.00   9.81467e-09
       3870.00   9.53063e-09
       3880.00   7.81842e-09
       3890.00   6.52335e-09
       3900.00   7.78860e-09
       3910.00   9.21605e-09
       3920.00   9.63646e-09
       3930.00   9.54518e-09
       3940.00   9.59500e-09
       3950.00   9.38625e-09
       3960.00   7.70677e-09
       3970.00   6.37352e-09
       3980.00   7.63658e-09
       3990.00   9.41789e-09
       4000.00   9.79976e-09
       4010.00   9.77794e-09
       4020.00   9.52663e-09
       4030.00   9.64774e-09
       4040.00   9.77284e-09
       4050.00   9.65174e-09
       4060.00   9.57755e-09
       4070.00   9.36007e-09
       4080.00   8.98075e-09
       4090.00   7.71986e-09
       4100.00   6.32624e-09
       4110.00   7.14816e-09
       4120.00   8.60215e-09
       4130.00   8.93638e-09
       4140.00   8.84946e-09
       4150.00   8.87601e-09
       4160.00   8.90910e-09
       4170.00   8.82255e-09
       4180.00   8.81782e-09
       4190.00   8.81309e-09
       4200.00   8.73999e-09
       4210.00   8.62470e-09
       4220.00   8.67598e-09
       4230.00   8.39777e-09
       4240.00   8.44905e-09
       4250.00   8.39122e-09
       4260.00   8.35776e-09
       4270.00   8.25920e-09
       4280.00   8.20247e-09
       4290.00   8.03990e-09
       4300.00   7.94426e-09
       4310.00   7.81333e-09
       4320.00   7.35691e-09
       4330.00   5.98729e-09
       4340.00   5.22283e-09
       4350.00   6.43280e-09
       4360.00   7.50893e-09
       4370.00   7.64604e-09
       4380.00   7.50311e-09
       4390.00   7.42346e-09
       4400.00   7.45183e-09
       4410.00   7.43510e-09
       4420.00   7.41255e-09
       4430.00   7.33473e-09
       4440.00   7.20744e-09
       4450.00   7.14270e-09
       4460.00   7.03396e-09
       4470.00   6.74083e-09
       4480.00   6.73247e-09
       4490.00   6.85903e-09
       4500.00   6.81793e-09
       4510.00   6.80921e-09
       4520.00   6.76811e-09
       4530.00   6.66919e-09
       4540.00   6.64518e-09
       4550.00   6.51644e-09
       4560.00   6.54554e-09
       4570.00   6.51171e-09
       4580.00   6.45207e-09
       4590.00   6.42407e-09
       4600.00   6.36006e-09
       4610.00   6.33242e-09
       4620.00   6.36661e-09
       4630.00   6.31351e-09
       4640.00   6.27132e-09
       4650.00   6.23932e-09
       4660.00   6.18731e-09
       4670.00   6.18586e-09
       4680.00   6.16949e-09
       4690.00   6.11821e-09
       4700.00   6.06257e-09
       4710.00   5.99783e-09
       4720.00   6.00183e-09
       4730.00   6.05929e-09
       4740.00   6.05784e-09
       4750.00   5.99383e-09
       4760.00   5.88182e-09
       4770.00   5.80472e-09
       4780.00   5.81381e-09
       4790.00   5.77053e-09
       4800.00   5.67125e-09
       4810.00   5.64761e-09
       4820.00   5.59596e-09
       4830.00   5.45595e-09
       4840.00   5.16391e-09
       4850.00   4.30890e-09
       4860.00   3.72191e-09
       4870.00   4.24489e-09
       4880.00   5.03408e-09
       4890.00   5.21374e-09
       4900.00   5.30102e-09
       4910.00   5.25229e-09
       4920.00   5.11445e-09
       4930.00   5.13845e-09
       4940.00   5.21555e-09
       4950.00   5.17700e-09
       4960.00   5.09445e-09
       4970.00   5.09554e-09
       4980.00   5.08827e-09
       4990.00   5.07663e-09
       5000.00   5.02571e-09
       5010.00   4.92352e-09
       5020.00   4.94316e-09
       5030.00   4.87588e-09
       5040.00   4.83078e-09
       5050.00   4.74750e-09
       5060.00   4.71186e-09
       5070.00   4.69731e-09
       5080.00   4.66203e-09
       5090.00   4.58929e-09
       5100.00   4.55475e-09
       5110.00   4.59948e-09
       5120.00   4.57329e-09
       5130.00   4.57584e-09
       5140.00   4.62821e-09
       5150.00   4.57329e-09
       5160.00   4.49037e-09
       5170.00   4.48528e-09
       5180.00   4.44346e-09
       5190.00   4.36163e-09
       5200.00   4.38527e-09
       5210.00   4.30817e-09
       5220.00   4.25544e-09
       5230.00   4.22743e-09
       5240.00   4.14815e-09
       5250.00   4.12015e-09
       5260.00   4.13615e-09
       5270.00   4.11251e-09
       5280.00   4.03832e-09
       5290.00   4.05432e-09
       5300.00   4.06232e-09
       5310.00   3.99286e-09
       5320.00   3.91612e-09
       5330.00   3.89757e-09
       5340.00   3.90994e-09
       5350.00   3.82338e-09
       5360.00   3.83538e-09
       5370.00   3.79865e-09
       5380.00   3.80302e-09
       5390.00   3.78520e-09
       5400.00   3.72628e-09
       5410.00   3.71173e-09
       5420.00   3.73210e-09
       5430.00   3.67936e-09
       5440.00   3.71210e-09
       5450.00   3.65754e-09
       5460.00   3.62387e-09
       5470.00   3.62881e-09
       5480.00   3.60219e-09
       5490.00   3.57422e-09
       5500.00   3.58139e-09
       5510.00   3.50927e-09
       5520.00   3.51796e-09
       5530.00   3.48709e-09
       5540.00   3.50363e-09
       5550.00   3.47334e-09
       5560.00   3.41930e-09
       5570.00   3.43053e-09
       5580.00   3.40846e-09
       5590.00   3.36351e-09
       5600.00   3.32688e-09
       5610.00   3.35722e-09
       5620.00   3.36289e-09
       5630.00   3.31623e-09
       5640.00   3.34147e-09
       5650.00   3.25938e-09
       5660.00   3.27302e-09
       5670.00   3.24255e-09
       5680.00   3.21629e-09
       5690.00   3.27157e-09
       5700.00   3.18501e-09
       5710.00   3.17421e-09
       5720.00   3.14915e-09
       5730.00   3.21080e-09
       5740.00   3.11104e-09
       5760.00   3.05994e-09
       5780.00   3.05183e-09
       5800.00   3.03892e-09
       5820.00   3.01230e-09
       5840.00   2.96582e-09
       5860.00   2.86541e-09
       5880.00   2.84246e-09
       5900.00   2.76318e-09
       5920.00   2.80078e-09
       5940.00   2.78780e-09
       5960.00   2.74463e-09
       5980.00   2.72325e-09
       6000.00   2.68728e-09
       6020.00   2.66946e-09
       6040.00   2.64760e-09
       6060.00   2.62156e-09
       6080.00   2.66502e-09
       6100.00   2.66804e-09
       6120.00   2.60389e-09
       6140.00   2.54879e-09
       6160.00   2.52828e-09
       6180.00   2.49082e-09
       6200.00   2.49005e-09
       6220.00   2.44961e-09
       6240.00   2.42834e-09
       6260.00   2.37451e-09
       6280.00   2.38175e-09
       6300.00   2.41412e-09
       6320.00   2.35906e-09
       6340.00   2.36371e-09
       6360.00   2.31469e-09
       6380.00   2.31221e-09
       6400.00   2.29247e-09
       6420.00   2.24333e-09
       6440.00   2.24679e-09
       6460.00   2.21486e-09
       6480.00   2.18514e-09
       6500.00   2.16787e-09
       6520.00   2.14357e-09
       6540.00   1.89983e-09
       6560.00   1.84877e-09
       6580.00   2.01134e-09
       6600.00   2.08091e-09
       6620.00   2.04054e-09
       6640.00   2.04011e-09
       6660.00   1.99352e-09
       6680.00   2.00305e-09
       6700.00   1.95813e-09
       6720.00   1.94217e-09
       6740.00   1.92849e-09
       6760.00   1.89587e-09
       6780.00   1.86765e-09
       6800.00   1.88849e-09
       6820.00   1.87180e-09
       6840.00   1.86947e-09
       6860.00   1.75982e-09
       6880.00   1.74407e-09
       6900.00   1.76255e-09
       6920.00   1.77375e-09
       6940.00   1.73280e-09
       6960.00   1.70981e-09
       6980.00   1.67279e-09
       7000.00   1.67610e-09
       7020.00   1.67388e-09
       7040.00   1.64922e-09
       7060.00   1.63420e-09
       7080.00   1.63369e-09
       7100.00   1.62209e-09
       7120.00   1.58532e-09
       7140.00   1.53906e-09
       7160.00   1.55001e-09
       7180.00   1.52408e-09
       7200.00   1.51437e-09
       7220.00   1.49200e-09
       7240.00   1.45425e-09
       7260.00   1.45225e-09
       7280.00   1.44552e-09
       7300.00   1.44596e-09
       7320.00   1.43545e-09
       7340.00   1.40116e-09
       7360.00   1.39374e-09
       7380.00   1.39501e-09
       7400.00   1.38908e-09
       7420.00   1.37210e-09
       7440.00   1.36275e-09
       7460.00   1.35508e-09
       7480.00   1.34140e-09
       7500.00   1.30947e-09
       7520.00   1.36202e-09
       7540.00   1.37184e-09
       7560.00   1.34442e-09
       7580.00   1.16545e-09
       7600.00   1.00023e-09
       7620.00   1.26332e-09
       7640.00   1.25561e-09
       7660.00   1.23532e-09
       7680.00   1.13418e-09
       7700.00   1.16814e-09
       7720.00   1.17214e-09
       7740.00   1.17756e-09
       7760.00   1.16516e-09
       7780.00   1.16836e-09
       7800.00   1.17687e-09
       7820.00   1.14934e-09
       7840.00   1.13141e-09
       7860.00   1.10326e-09
       7880.00   1.11101e-09
       7900.00   1.11447e-09
       7920.00   1.10956e-09
       7940.00   1.08912e-09
       7960.00   1.08930e-09
       7980.00   1.08352e-09
       8000.00   1.07282e-09
       8020.00   1.05664e-09
       8040.00   1.03016e-09
       8060.00   1.01402e-09
       8080.00   1.02049e-09
       8100.00   9.96050e-10
       8120.00   1.03456e-09
       8140.00   9.91541e-10
       8160.00   9.71647e-10
       8180.00   9.92777e-10
       8200.00   1.00736e-09
       8220.00   9.70084e-10
       8240.00   1.01333e-09
       8260.00   9.64556e-10
       8280.00   9.44953e-10
       8300.00   9.30151e-10
       8320.00   9.73502e-10
       8340.00   9.52554e-10
       8360.00   9.28224e-10
       8380.00   9.31861e-10
       8400.00   9.22950e-10
       8420.00   8.74799e-10
       8440.00   9.00620e-10
       8460.00   9.22660e-10
       8480.00   8.92583e-10
       8500.00   9.15495e-10
       8520.00   8.78363e-10
       8540.00   9.08294e-10
       8560.00   8.53706e-10
       8580.00   8.26793e-10
       8600.00   9.01275e-10
       8620.00   9.48372e-10
       8640.00   8.61306e-10
       8660.00   8.61670e-10
       8680.00   9.40662e-10
       8700.00   9.18514e-10
       8720.00   8.97093e-10
       8740.00   8.02354e-10
       8760.00   8.48905e-10
       8780.00   8.97056e-10
       8800.00   8.62579e-10
       8820.00   8.94511e-10
       8840.00   8.14246e-10
       8860.00   7.43037e-10
       8880.00   8.01408e-10
       8900.00   8.64907e-10
       8920.00   8.51851e-10
       8940.00   8.28721e-10
       8960.00   7.76714e-10
       8980.00   7.18452e-10
       9000.00   6.66046e-10
       9020.00   7.37109e-10
       9040.00   8.26466e-10
       9060.00   7.72932e-10
       9080.00   7.55912e-10
       9100.00   7.82860e-10
       9120.00   8.03372e-10
       9140.00   7.42383e-10
       9160.00   7.15034e-10
       9180.00   7.69150e-10
       9200.00   6.40516e-10
       9220.00   6.43389e-10
       9240.00   6.74120e-10
       9260.00   6.99905e-10
       9280.00   7.08669e-10
       9300.00   6.21531e-10
       9320.00   6.06802e-10
       9340.00   6.53135e-10
       9360.00   6.50590e-10
       9380.00   6.85576e-10
       9400.00   7.12124e-10
       9420.00   6.10585e-10
       9440.00   6.01529e-10
       9460.00   6.63573e-10
       9480.00   6.08330e-10
       9500.00   5.40503e-10
       9520.00   5.45304e-10
       9540.00   5.14173e-10
       9560.00   5.94583e-10
       9580.00   6.15967e-10
       9600.00   6.29714e-10
       9620.00   6.12039e-10
       9640.00   6.16403e-10
       9660.00   6.34988e-10
       9680.00   6.85830e-10
       9700.00   6.35060e-10
       9720.00   6.40079e-10
       9740.00   6.33533e-10
       9760.00   6.15858e-10
       9780.00   6.37497e-10
       9800.00   5.95528e-10
       9820.00   5.95164e-10
       9840.00   6.13421e-10
       9860.00   5.87309e-10
       9880.00   5.72871e-10
       9900.00   5.95783e-10
       9920.00   6.10876e-10
       9940.00   5.89127e-10
       9960.00   5.70398e-10
       9980.00   5.53159e-10
       10000.0   5.18937e-10
       10020.0   4.83005e-10
       10040.0   4.93297e-10
       10060.0   5.11809e-10
       10080.0   5.21555e-10
       10100.0   4.74750e-10
       10120.0   5.27629e-10
       10140.0   5.35739e-10
       10160.0   5.48504e-10
       10180.0   5.24901e-10
       10200.0   5.04644e-10
       10220.0   4.80568e-10
       10240.0   4.67694e-10
       10260.0   4.86133e-10
       10280.0   5.34539e-10
       10300.0   5.22610e-10
       10320.0   4.61402e-10
       10340.0   4.71004e-10
       10360.0   4.85915e-10
       10380.0   4.35545e-10
       10400.0   4.54711e-10
       10420.0   4.66821e-10
       10440.0   4.59111e-10
       10460.0   4.85260e-10
       10480.0   4.65548e-10
       10500.0   4.40673e-10
       10520.0   4.34054e-10
       10540.0   4.06050e-10
       10560.0   4.40454e-10
       10580.0   4.01359e-10
       10600.0   4.25616e-10
       10800.0   3.96485e-10
       11000.0   3.69718e-10
       11200.0   3.45170e-10
       11400.0   3.22713e-10
       11600.0   3.02186e-10
       11800.0   2.83464e-10
       12000.0   2.66418e-10
       12200.0   2.50933e-10
       12400.0   2.36884e-10
       12600.0   2.23970e-10
       12800.0   2.12168e-10
       13000.0   2.01127e-10
       13200.0   1.90787e-10
       13400.0   1.81095e-10
       13600.0   1.72010e-10
       13800.0   1.63486e-10
       14000.0   1.55474e-10
       14200.0   1.47942e-10
       14400.0   1.40857e-10
       14600.0   1.34195e-10
       14800.0   1.27914e-10
       15000.0   1.21993e-10
       15200.0   1.16414e-10
       15400.0   1.11141e-10
       15600.0   1.06169e-10
       15800.0   1.01463e-10
       16000.0   9.70193e-11
       16200.0   9.28115e-11
       16400.0   8.88292e-11
       16600.0   8.50578e-11
       16800.0   8.14792e-11
       17000.0   7.80897e-11
       17200.0   7.48747e-11
       17400.0   7.18198e-11
       17600.0   6.89213e-11
       17800.0   6.61682e-11
       18000.0   6.35460e-11
       18200.0   6.10548e-11
       18400.0   5.86836e-11
       18600.0   5.64252e-11
       18800.0   5.42758e-11
       19000.0   5.22210e-11
       19200.0   5.02680e-11
       19400.0   4.84023e-11
       19600.0   4.66239e-11
       19800.0   4.49292e-11
       20000.0   4.33072e-11
       20200.0   4.17579e-11
       20400.0   4.02741e-11
       20600.0   3.88593e-11
       20800.0   3.75028e-11
       21000.0   3.62074e-11
       21200.0   3.49665e-11
       21400.0   3.37802e-11
       21600.0   3.26404e-11
       21800.0   3.15486e-11
       22000.0   3.05041e-11
       22200.0   2.95011e-11
       22400.0   2.85373e-11
       22600.0   2.76136e-11
       22800.0   2.67284e-11
       23000.0   2.58756e-11
       23200.0   2.50584e-11
       23400.0   2.42732e-11
       23600.0   2.35171e-11
       23800.0   2.27919e-11
       24000.0   2.20936e-11
       24200.0   2.14208e-11
       24400.0   2.07742e-11
       24600.0   2.01509e-11
       24800.0   1.95522e-11
       25000.0   1.89754e-11
       25200.0   1.84176e-11
       25400.0   1.78818e-11
       25600.0   1.73654e-11
