       229.000       0.00000
       234.000       0.00000
       243.000       0.00000
       252.000       0.00000
       256.000       0.00000
       260.000       0.00000
       266.000       0.00000
       275.000       0.00000
       283.000       0.00000
       293.000       0.00000
       301.000       0.00000
       309.000       0.00000
       325.000       0.00000
       342.000       0.00000
       351.000       0.00000
       356.000       0.00000
       365.000       0.00000
       375.000       0.00000
       384.000       0.00000
       400.000       0.00000
       415.000       0.00000
       425.000       0.00000
       445.000       0.00000
       472.000       0.00000
       494.000       0.00000
       506.000       0.00000
       516.000       0.00000
       540.000       0.00000
       564.000       0.00000
       587.000       0.00000
       612.000       0.00000
       640.000       0.00000
       671.000       0.00000
       705.000       0.00000
       736.000       0.00000
       770.000       0.00000
       810.000       0.00000
       850.000       0.00000
       890.000       0.00000
       920.000       0.00000
       940.000       0.00000
       962.000       0.00000
       987.000       0.00000
       1012.00       0.00000
       1037.00       0.00000
       1062.00       0.00000
       1087.00       0.00000
       1112.00       0.00000
       1120.00       0.00000
       1140.00       0.00000
       1160.00       0.00000
       1180.00       0.00000
       1200.00       0.00000
       1220.00       0.00000
       1240.00       0.00000
       1260.00       0.00000
       1280.00       0.00000
       1300.00       0.00000
       1320.00       0.00000
       1340.00       0.00000
       1360.00       0.00000
       1380.00       0.00000
       1400.00       0.00000
       1420.00       0.00000
       1440.00       0.00000
       1460.00       0.00000
       1480.00       0.00000
       1500.00       0.00000
       1520.00       0.00000
       1540.00       0.00000
       1560.00       0.00000
       1580.00       0.00000
       1600.00       0.00000
       1620.00       0.00000
       1640.00       0.00000
       1660.00       0.00000
       1680.00       0.00000
       1700.00       0.00000
       1720.00       0.00000
       1740.00       0.00000
       1760.00       0.00000
       1780.00       0.00000
       1800.00       0.00000
       1820.00       0.00000
       1840.00       0.00000
       1860.00       0.00000
       1880.00       0.00000
       1900.00       0.00000
       1920.00       0.00000
       1940.00       0.00000
       1960.00       0.00000
       1980.00       0.00000
       2000.00   1.16555e-12
       2002.50   1.16555e-12
       2005.00   1.21854e-12
       2007.50   1.24390e-12
       2010.00   1.18168e-12
       2012.50   1.20876e-12
       2015.00   1.28510e-12
       2017.50   1.33797e-12
       2020.00   1.39085e-12
       2022.50   1.58735e-12
       2025.00   1.68734e-12
       2027.50   1.60509e-12
       2030.00   1.59199e-12
       2032.50   1.61144e-12
       2035.00   1.58016e-12
       2037.50   1.51510e-12
       2040.00   1.28966e-12
       2042.50   1.14081e-12
       2045.00   1.10673e-12
       2047.50   1.07958e-12
       2050.00   1.06707e-12
       2052.50   1.04783e-12
       2055.00   1.04499e-12
       2057.50   1.18128e-12
       2060.00   1.32301e-12
       2062.50   1.59458e-12
       2065.00   1.78539e-12
       2067.50   1.87344e-12
       2070.00   1.91369e-12
       2072.50   1.93879e-12
       2075.00   2.03064e-12
       2077.50   2.14369e-12
       2080.00   2.13953e-12
       2082.50   2.12800e-12
       2085.00   2.10848e-12
       2087.50   2.08268e-12
       2090.00   2.04750e-12
       2092.50   2.18580e-12
       2095.00   2.34563e-12
       2097.50   2.41810e-12
       2100.00   2.46868e-12
       2102.50   2.35884e-12
       2105.00   2.26707e-12
       2107.50   2.19832e-12
       2110.00   2.21138e-12
       2112.50   2.23999e-12
       2115.00   2.31538e-12
       2117.50   2.40000e-12
       2120.00   2.45554e-12
       2122.50   2.50995e-12
       2125.00   2.56341e-12
       2127.50   2.66883e-12
       2130.00   2.83056e-12
       2132.50   2.94941e-12
       2135.00   2.96962e-12
       2137.50   2.75101e-12
       2140.00   2.58151e-12
       2142.50   2.60833e-12
       2145.00   2.61304e-12
       2147.50   2.59731e-12
       2150.00   2.54640e-12
       2152.50   2.45062e-12
       2155.00   2.45010e-12
       2157.50   2.49481e-12
       2160.00   2.62515e-12
       2162.50   2.70824e-12
       2165.00   2.54319e-12
       2167.50   2.53765e-12
       2170.00   2.65748e-12
       2172.50   2.71667e-12
       2175.00   2.77330e-12
       2177.50   2.78144e-12
       2180.00   2.78958e-12
       2182.50   2.81479e-12
       2185.00   2.85271e-12
       2187.50   2.89912e-12
       2190.00   2.97991e-12
       2192.50   3.09238e-12
       2195.00   3.31173e-12
       2197.50   3.45484e-12
       2200.00   3.41616e-12
       2202.50   3.35654e-12
       2205.00   3.23053e-12
       2207.50   3.08359e-12
       2210.00   2.92584e-12
       2212.50   2.79188e-12
       2215.00   2.65788e-12
       2217.50   2.47937e-12
       2220.00   2.38216e-12
       2222.50   2.49889e-12
       2225.00   2.70003e-12
       2227.50   2.94091e-12
       2230.00   3.23780e-12
       2232.50   3.57209e-12
       2235.00   3.88627e-12
       2237.50   4.18769e-12
       2240.00   4.46976e-12
       2242.50   4.77191e-12
       2245.00   5.11711e-12
       2247.50   5.36561e-12
       2250.00   5.56303e-12
       2252.50   5.65900e-12
       2255.00   5.75388e-12
       2257.50   5.81664e-12
       2260.00   5.82540e-12
       2262.50   5.73855e-12
       2265.00   5.59478e-12
       2267.50   5.43312e-12
       2270.00   5.26125e-12
       2272.50   5.10069e-12
       2275.00   5.12879e-12
       2277.50   5.11054e-12
       2280.00   5.04194e-12
       2282.50   4.98246e-12
       2285.00   4.93575e-12
       2287.50   4.86277e-12
       2290.00   4.77957e-12
       2292.50   4.68323e-12
       2295.00   4.57924e-12
       2297.50   4.42014e-12
       2300.00   4.35117e-12
       2302.50   4.39678e-12
       2305.00   4.37562e-12
       2307.50   4.34132e-12
       2310.00   4.47232e-12
       2312.50   4.69199e-12
       2315.00   5.10653e-12
       2317.50   5.47618e-12
       2320.00   5.81044e-12
       2322.50   6.24504e-12
       2325.00   6.78839e-12
       2327.50   7.41859e-12
       2330.00   7.91413e-12
       2332.50   8.03236e-12
       2335.00   8.14986e-12
       2337.50   8.26262e-12
       2340.00   8.33159e-12
       2342.50   8.35969e-12
       2345.00   8.17431e-12
       2347.50   7.97033e-12
       2350.00   7.90902e-12
       2352.50   7.94661e-12
       2355.00   8.21117e-12
       2357.50   8.32064e-12
       2360.00   8.34290e-12
       2362.50   8.41406e-12
       2365.00   8.52390e-12
       2367.50   8.61074e-12
       2370.00   8.69650e-12
       2372.50   8.71000e-12
       2375.00   8.72095e-12
       2377.50   8.76109e-12
       2380.00   8.76364e-12
       2382.50   8.74175e-12
       2385.00   8.69650e-12
       2387.50   8.63045e-12
       2390.00   8.67825e-12
       2392.50   8.69467e-12
       2395.00   8.62279e-12
       2397.50   8.48923e-12
       2400.00   8.15972e-12
       2402.50   8.04295e-12
       2405.00   8.04112e-12
       2407.50   7.92326e-12
       2410.00   7.80539e-12
       2412.50   7.72037e-12
       2415.00   7.73241e-12
       2417.50   7.99113e-12
       2420.00   8.25021e-12
       2422.50   8.50930e-12
       2425.00   8.97565e-12
       2427.50   9.57957e-12
       2430.00   1.00645e-11
       2432.50   1.04517e-11
       2435.00   1.06933e-11
       2437.50   1.08732e-11
       2440.00   1.09232e-11
       2442.50   1.10264e-11
       2445.00   1.11812e-11
       2447.50   1.15585e-11
       2450.00   1.19347e-11
       2452.50   1.22890e-11
       2455.00   1.25664e-11
       2457.50   1.27083e-11
       2460.00   1.24043e-11
       2462.50   1.19599e-11
       2465.00   1.16880e-11
       2467.50   1.15096e-11
       2470.00   1.14724e-11
       2472.50   1.15599e-11
       2475.00   1.17833e-11
       2477.50   1.18070e-11
       2480.00   1.15326e-11
       2482.50   1.11899e-11
       2485.00   1.07885e-11
       2487.50   1.02222e-11
       2490.00   9.81166e-12
       2492.50   1.05411e-11
       2495.00   1.10458e-11
       2497.50   1.12647e-11
       2500.00   1.14023e-11
       2502.50   1.16789e-11
       2505.00   1.19533e-11
       2507.50   1.20511e-11
       2510.00   1.19788e-11
       2512.50   1.14322e-11
       2515.00   1.10472e-11
       2517.50   1.05619e-11
       2520.00   9.77809e-12
       2522.50   9.03513e-12
       2525.00   1.02050e-11
       2527.50   1.21777e-11
       2530.00   1.34520e-11
       2532.50   1.53820e-11
       2535.00   1.80579e-11
       2537.50   1.94825e-11
       2540.00   1.90008e-11
       2542.50   1.93679e-11
       2545.00   1.99944e-11
       2547.50   2.04338e-11
       2550.00   2.08531e-11
       2552.50   2.09403e-11
       2555.00   2.08224e-11
       2557.50   2.01849e-11
       2560.00   1.93387e-11
       2562.50   1.92296e-11
       2565.00   1.97437e-11
       2567.50   2.07505e-11
       2570.00   2.15446e-11
       2572.50   2.27889e-11
       2575.00   2.03955e-11
       2577.50   1.86216e-11
       2580.00   1.79531e-11
       2582.50   1.78046e-11
       2585.00   1.74328e-11
       2587.50   1.90723e-11
       2590.00   2.21405e-11
       2592.50   2.37658e-11
       2595.00   2.44602e-11
       2597.50   2.45280e-11
       2600.00   2.50995e-11
       2602.50   2.53392e-11
       2605.00   2.51250e-11
       2607.50   2.48703e-11
       2610.00   2.52301e-11
       2612.50   2.60125e-11
       2615.00   2.60147e-11
       2617.50   2.62767e-11
       2620.00   2.69872e-11
       2622.50   2.78921e-11
       2625.00   2.83359e-11
       2627.50   2.97499e-11
       2630.00   3.19335e-11
       2632.50   3.36646e-11
       2635.00   3.64726e-11
       2637.50   4.14572e-11
       2640.00   4.53946e-11
       2642.50   4.68250e-11
       2645.00   4.77154e-11
       2647.50   4.83650e-11
       2650.00   4.81752e-11
       2652.50   4.82044e-11
       2655.00   4.92845e-11
       2657.50   5.07223e-11
       2660.00   5.22366e-11
       2662.50   5.37692e-11
       2665.00   5.52362e-11
       2667.50   5.45976e-11
       2670.00   5.36817e-11
       2672.50   5.32766e-11
       2675.00   5.29300e-11
       2677.50   5.24264e-11
       2680.00   5.31635e-11
       2682.50   5.54953e-11
       2685.00   5.56777e-11
       2687.50   5.49588e-11
       2690.00   5.40356e-11
       2692.50   5.36123e-11
       2695.00   5.26161e-11
       2697.50   5.27439e-11
       2700.00   5.41378e-11
       2702.50   5.57726e-11
       2705.00   5.80788e-11
       2707.50   6.03777e-11
       2710.00   6.11513e-11
       2712.50   6.02172e-11
       2715.00   5.80569e-11
       2717.50   5.41597e-11
       2720.00   5.08755e-11
       2722.50   5.03063e-11
       2725.00   5.18936e-11
       2727.50   5.43859e-11
       2730.00   5.69804e-11
       2732.50   5.79694e-11
       2735.00   5.58273e-11
       2737.50   5.25505e-11
       2740.00   4.91787e-11
       2742.50   4.78395e-11
       2745.00   4.77848e-11
       2747.50   4.99158e-11
       2750.00   5.30869e-11
       2752.50   5.66666e-11
       2755.00   6.02792e-11
       2757.50   6.37130e-11
       2760.00   6.77744e-11
       2762.50   7.12411e-11
       2765.00   7.30291e-11
       2767.50   7.50909e-11
       2770.00   7.67767e-11
       2772.50   7.69336e-11
       2775.00   7.56382e-11
       2777.50   7.39888e-11
       2780.00   7.11936e-11
       2782.50   6.68768e-11
       2785.00   6.25015e-11
       2787.50   5.95713e-11
       2790.00   5.82321e-11
       2792.50   5.73636e-11
       2795.00   5.63856e-11
       2797.50   5.64440e-11
       2800.00   5.73344e-11
       2802.50   5.65754e-11
       2805.00   5.61120e-11
       2807.50   5.75862e-11
       2810.00   6.29613e-11
       2812.50   6.89932e-11
       2815.00   7.50909e-11
       2817.50   8.18672e-11
       2820.00   8.90486e-11
       2822.50   9.19934e-11
       2825.00   9.32961e-11
       2827.50   9.32742e-11
       2830.00   9.27269e-11
       2832.50   9.17197e-11
       2835.00   9.18620e-11
       2837.50   9.03440e-11
       2840.00   8.45894e-11
       2842.50   7.85903e-11
       2845.00   6.88436e-11
       2847.50   5.67542e-11
       2850.00   4.60405e-11
       2852.50   4.26541e-11
       2855.00   4.34205e-11
       2857.50   4.88612e-11
       2860.00   5.92684e-11
       2862.50   7.51054e-11
       2865.00   8.81290e-11
       2867.50   9.81020e-11
       2870.00   1.07101e-10
       2872.50   1.12713e-10
       2875.00   1.08721e-10
       2877.50   1.09655e-10
       2880.00   1.12957e-10
       2882.50   1.18723e-10
       2885.00   1.29192e-10
       2887.50   1.42749e-10
       2890.00   1.59458e-10
       2892.50   1.74547e-10
       2895.00   1.91099e-10
       2897.50   2.10782e-10
       2900.00   2.31677e-10
       2902.50   2.44011e-10
       2905.00   2.51484e-10
       2907.50   2.54859e-10
       2910.00   2.56461e-10
       2912.50   2.57742e-10
       2915.00   2.62241e-10
       2917.50   2.64150e-10
       2920.00   2.59235e-10
       2922.50   2.52101e-10
       2925.00   2.46762e-10
       2927.50   2.46653e-10
       2930.00   2.46966e-10
       2932.50   2.48915e-10
       2935.00   2.49484e-10
       2937.50   2.51177e-10
       2940.00   2.49335e-10
       2942.50   2.40296e-10
       2945.00   2.37599e-10
       2947.50   2.40540e-10
       2950.00   2.50590e-10
       2952.50   2.52965e-10
       2955.00   2.59402e-10
       2957.50   2.62417e-10
       2960.00   2.56392e-10
       2962.50   2.41544e-10
       2965.00   2.17785e-10
       2967.50   2.01203e-10
       2970.00   1.96602e-10
       2972.50   2.06914e-10
       2975.00   2.22386e-10
       2977.50   2.33005e-10
       2980.00   2.32819e-10
       2982.50   2.25309e-10
       2985.00   2.16861e-10
       2987.50   2.06805e-10
       2990.00   2.02542e-10
       2992.50   2.06352e-10
       2995.00   2.01535e-10
       2997.50   1.91135e-10
       3000.00   1.79331e-10
       3002.50   1.69996e-10
       3005.00   1.68449e-10
       3007.50   1.75459e-10
       3010.00   1.85198e-10
       3012.50   1.89906e-10
       3015.00   1.88577e-10
       3017.50   1.83096e-10
       3020.00   1.81265e-10
       3022.50   1.89121e-10
       3025.00   2.03506e-10
       3027.50   2.36132e-10
       3030.00   2.71204e-10
       3032.50   2.96025e-10
       3035.00   2.99115e-10
       3037.50   2.98400e-10
       3040.00   2.93383e-10
       3042.50   2.87070e-10
       3045.00   2.91295e-10
       3047.50   3.04177e-10
       3050.00   3.12745e-10
       3052.50   3.11672e-10
       3055.00   3.01710e-10
       3057.50   2.88278e-10
       3060.00   2.74371e-10
       3062.50   2.63427e-10
       3065.00   2.67153e-10
       3067.50   2.85742e-10
       3070.00   3.05987e-10
       3072.50   3.25995e-10
       3075.00   3.44404e-10
       3077.50   3.59230e-10
       3080.00   3.70929e-10
       3082.50   3.79395e-10
       3085.00   3.75418e-10
       3087.50   3.62515e-10
       3090.00   3.47265e-10
       3092.50   3.24955e-10
       3095.00   3.00754e-10
       3097.50   2.98652e-10
       3100.00   3.17091e-10
       3102.50   3.49301e-10
       3105.00   3.96619e-10
       3107.50   4.50005e-10
       3110.00   4.86423e-10
       3112.50   5.00545e-10
       3115.00   4.91021e-10
       3117.50   4.68506e-10
       3120.00   4.40408e-10
       3122.50   4.18367e-10
       3125.00   4.05413e-10
       3127.50   4.07311e-10
       3130.00   4.14208e-10
       3132.50   4.28913e-10
       3135.00   4.47268e-10
       3137.50   4.61901e-10
       3140.00   4.65368e-10
       3142.50   4.62667e-10
       3145.00   4.62375e-10
       3147.50   4.62485e-10
       3150.00   4.58434e-10
       3152.50   4.52158e-10
       3155.00   4.40408e-10
       3157.50   4.27089e-10
       3160.00   4.13405e-10
       3162.50   4.18222e-10
       3165.00   4.38364e-10
       3167.50   4.76826e-10
       3170.00   5.20286e-10
       3172.50   5.57033e-10
       3175.00   5.69257e-10
       3177.50   5.47071e-10
       3180.00   5.28059e-10
       3182.50   5.11383e-10
       3185.00   4.99924e-10
       3187.50   4.90692e-10
       3190.00   5.02041e-10
       3192.50   5.12404e-10
       3195.00   5.12258e-10
       3197.50   5.14813e-10
       3200.00   5.26672e-10
       3202.50   5.22695e-10
       3205.00   5.18681e-10
       3207.50   5.14703e-10
       3210.00   5.10726e-10
       3212.50   5.06712e-10
       3215.00   5.02734e-10
       3217.50   4.98757e-10
       3220.00   4.94743e-10
       3222.50   4.94743e-10
       3225.00   4.94743e-10
       3227.50   4.94743e-10
       3230.00   4.94743e-10
       3232.50   4.94743e-10
       3235.00   4.94743e-10
       3237.50   4.94743e-10
       3240.00   4.94743e-10
       3260.00   8.61914e-10
       3270.00   5.93341e-10
       3280.00   6.39392e-10
       3290.00   6.79532e-10
       3300.00   7.03142e-10
       3310.00   6.59791e-10
       3320.00   6.39174e-10
       3330.00   6.56799e-10
       3340.00   6.44392e-10
       3350.00   6.44136e-10
       3360.00   5.94655e-10
       3370.00   5.39408e-10
       3380.00   6.06989e-10
       3390.00   6.40524e-10
       3400.00   7.04383e-10
       3410.00   6.86904e-10
       3420.00   6.82598e-10
       3430.00   7.16279e-10
       3440.00   6.46253e-10
       3450.00   6.54609e-10
       3460.00   7.36860e-10
       3470.00   6.92779e-10
       3480.00   7.18760e-10
       3490.00   7.13396e-10
       3500.00   7.86086e-10
       3510.00   8.46879e-10
       3520.00   7.38648e-10
       3530.00   7.74956e-10
       3540.00   8.47500e-10
       3550.00   8.05097e-10
       3560.00   7.11206e-10
       3570.00   6.36802e-10
       3580.00   5.84656e-10
       3590.00   7.05660e-10
       3600.00   8.73153e-10
       3610.00   8.49945e-10
       3620.00   8.80487e-10
       3630.00   9.12782e-10
       3640.00   8.79283e-10
       3650.00   1.04119e-09
       3660.00   1.12998e-09
       3670.00   1.09578e-09
       3680.00   1.05218e-09
       3690.00   1.09374e-09
       3700.00   1.03594e-09
       3710.00   1.01583e-09
       3720.00   9.48579e-10
       3730.00   7.97544e-10
       3740.00   7.41713e-10
       3750.00   8.21372e-10
       3760.00   9.30042e-10
       3770.00   1.00408e-09
       3780.00   1.09286e-09
       3790.00   9.22415e-10
       3800.00   9.29093e-10
       3810.00   9.08148e-10
       3820.00   6.91209e-10
       3830.00   6.03230e-10
       3840.00   7.07046e-10
       3850.00   6.95442e-10
       3860.00   7.01172e-10
       3870.00   7.25292e-10
       3880.00   7.96705e-10
       3890.00   9.79779e-10
       3900.00   1.09746e-09
       3910.00   1.16081e-09
       3920.00   1.02554e-09
       3930.00   7.67986e-10
       3940.00   8.76364e-10
       3950.00   1.16380e-09
       3960.00   1.03681e-09
       3970.00   1.02598e-09
       3980.00   1.44423e-09
       3990.00   1.76068e-09
       4000.00   1.90880e-09
       4010.00   1.96762e-09
       4020.00   2.01904e-09
       4030.00   2.01926e-09
       4040.00   1.97802e-09
       4050.00   1.93102e-09
       4060.00   1.93095e-09
       4070.00   1.93153e-09
       4080.00   2.13621e-09
       4090.00   2.10789e-09
       4100.00   2.11216e-09
       4110.00   2.06111e-09
       4120.00   2.07075e-09
       4130.00   2.01579e-09
       4140.00   1.91727e-09
       4150.00   1.91128e-09
       4160.00   1.94898e-09
       4170.00   1.92876e-09
       4180.00   1.93416e-09
       4190.00   1.94711e-09
       4200.00   1.96616e-09
       4210.00   2.11917e-09
       4220.00   2.07045e-09
       4230.00   2.03582e-09
       4240.00   2.13373e-09
       4250.00   2.12618e-09
       4260.00   2.14800e-09
       4270.00   2.12150e-09
       4280.00   2.06246e-09
       4290.00   1.94485e-09
       4300.00   1.76707e-09
       4310.00   2.05896e-09
       4320.00   2.27557e-09
       4330.00   2.34746e-09
       4340.00   2.43157e-09
       4350.00   2.50725e-09
       4360.00   2.56998e-09
       4370.00   2.45583e-09
       4380.00   2.29823e-09
       4390.00   2.40011e-09
       4400.00   2.42649e-09
       4410.00   2.51714e-09
       4420.00   2.60866e-09
       4430.00   2.62519e-09
       4440.00   2.72269e-09
       4450.00   2.67456e-09
       4460.00   2.73181e-09
       4470.00   2.93470e-09
       4480.00   3.05333e-09
       4490.00   3.08048e-09
       4500.00   3.15460e-09
       4510.00   3.24327e-09
       4520.00   3.07888e-09
       4530.00   3.00199e-09
       4540.00   3.08793e-09
       4550.00   3.18485e-09
       4560.00   3.21364e-09
       4570.00   3.15332e-09
       4580.00   3.19251e-09
       4590.00   3.13803e-09
       4600.00   3.21360e-09
       4610.00   3.34603e-09
       4620.00   3.37839e-09
       4630.00   3.30782e-09
       4640.00   3.18372e-09
       4650.00   3.22809e-09
       4660.00   3.21119e-09
       4670.00   3.13788e-09
       4680.00   3.27961e-09
       4690.00   3.24444e-09
       4700.00   3.21557e-09
       4710.00   3.30859e-09
       4720.00   3.36584e-09
       4730.00   3.32286e-09
       4740.00   3.42945e-09
       4750.00   3.42189e-09
       4760.00   3.35657e-09
       4770.00   3.46648e-09
       4780.00   3.49670e-09
       4790.00   3.48163e-09
       4800.00   3.53126e-09
       4810.00   3.55643e-09
       4820.00   3.53739e-09
       4830.00   3.42280e-09
       4840.00   3.43995e-09
       4850.00   3.28793e-09
       4860.00   3.22973e-09
       4870.00   3.32231e-09
       4880.00   3.36238e-09
       4890.00   3.41273e-09
       4900.00   3.50287e-09
       4910.00   3.36789e-09
       4920.00   3.39095e-09
       4930.00   3.43842e-09
       4940.00   3.51279e-09
       4950.00   3.50677e-09
       4960.00   3.45160e-09
       4970.00   3.42602e-09
       4980.00   3.40018e-09
       4990.00   3.34865e-09
       5000.00   3.31749e-09
       5010.00   3.18612e-09
       5020.00   3.28538e-09
       5030.00   3.34300e-09
       5040.00   3.35249e-09
       5050.00   3.40193e-09
       5060.00   3.36942e-09
       5070.00   3.25761e-09
       5080.00   3.31154e-09
       5090.00   3.35770e-09
       5100.00   3.21342e-09
       5110.00   3.29954e-09
       5120.00   3.26593e-09
       5130.00   3.22575e-09
       5140.00   3.19007e-09
       5150.00   3.24889e-09
       5160.00   3.05822e-09
       5170.00   2.93795e-09
       5180.00   3.10293e-09
       5190.00   3.19860e-09
       5200.00   3.24013e-09
       5210.00   3.23462e-09
       5220.00   3.27892e-09
       5230.00   3.30092e-09
       5240.00   3.37080e-09
       5250.00   3.38219e-09
       5260.00   3.16584e-09
       5270.00   3.19262e-09
       5280.00   3.47652e-09
       5290.00   3.45583e-09
       5300.00   3.50290e-09
       5310.00   3.57322e-09
       5320.00   3.41069e-09
       5330.00   3.38854e-09
       5340.00   3.51567e-09
       5350.00   3.58052e-09
       5360.00   3.58650e-09
       5370.00   3.58931e-09
       5380.00   3.62934e-09
       5390.00   3.50998e-09
       5400.00   3.41091e-09
       5410.00   3.49316e-09
       5420.00   3.65857e-09
       5430.00   3.67061e-09
       5440.00   3.73119e-09
       5450.00   3.73447e-09
       5460.00   3.76622e-09
       5470.00   3.65018e-09
       5480.00   3.69470e-09
       5490.00   3.69579e-09
       5500.00   3.74469e-09
       5510.00   3.69798e-09
       5520.00   3.75746e-09
       5530.00   3.68266e-09
       5540.00   3.71623e-09
       5550.00   3.77863e-09
       5560.00   3.75418e-09
       5570.00   3.72280e-09
       5580.00   3.67025e-09
       5590.00   3.66769e-09
       5600.00   3.66186e-09
       5610.00   3.73666e-09
       5620.00   3.73411e-09
       5630.00   3.74907e-09
       5640.00   3.75673e-09
       5650.00   3.68083e-09
       5660.00   3.71951e-09
       5670.00   3.73411e-09
       5680.00   3.80709e-09
       5690.00   3.77644e-09
       5700.00   3.77388e-09
       5710.00   3.62759e-09
       5720.00   3.79140e-09
       5730.00   3.86256e-09
       5740.00   3.98735e-09
       5760.00   3.97349e-09
       5780.00   3.98225e-09
       5800.00   4.06398e-09
       5820.00   4.00341e-09
       5840.00   4.07347e-09
       5860.00   4.00706e-09
       5880.00   3.91547e-09
       5900.00   3.85416e-09
       5920.00   4.03698e-09
       5940.00   4.04464e-09
       5960.00   4.08332e-09
       5980.00   4.05888e-09
       6000.00   4.03516e-09
       6020.00   4.06034e-09
       6040.00   4.06107e-09
       6060.00   4.11872e-09
       6080.00   4.08880e-09
       6100.00   3.98152e-09
       6120.00   3.95853e-09
       6140.00   3.94174e-09
       6160.00   3.94502e-09
       6180.00   3.95196e-09
       6200.00   3.98991e-09
       6220.00   3.91255e-09
       6240.00   3.86730e-09
       6260.00   3.83154e-09
       6280.00   3.88883e-09
       6300.00   3.90343e-09
       6320.00   3.91218e-09
       6340.00   3.87642e-09
       6360.00   3.91802e-09
       6380.00   3.93444e-09
       6400.00   3.90415e-09
       6420.00   3.84796e-09
       6440.00   3.88554e-09
       6460.00   3.88518e-09
       6480.00   3.87460e-09
       6500.00   3.88263e-09
       6520.00   3.91364e-09
       6540.00   3.80636e-09
       6560.00   3.77826e-09
       6580.00   3.76038e-09
       6600.00   3.85234e-09
       6620.00   3.86474e-09
       6640.00   3.87898e-09
       6660.00   3.83336e-09
       6680.00   3.82278e-09
       6700.00   3.78009e-09
       6720.00   3.75783e-09
       6740.00   3.76731e-09
       6760.00   3.71112e-09
       6780.00   3.73265e-09
       6800.00   3.68886e-09
       6820.00   3.67937e-09
       6840.00   3.70528e-09
       6860.00   3.58242e-09
       6880.00   3.59446e-09
       6900.00   3.65529e-09
       6920.00   3.65054e-09
       6940.00   3.58782e-09
       6960.00   3.56271e-09
       6980.00   3.54231e-09
       7000.00   3.50848e-09
       7020.00   3.57183e-09
       7040.00   3.56724e-09
       7060.00   3.59384e-09
       7080.00   3.60456e-09
       7100.00   3.57344e-09
       7120.00   3.53804e-09
       7140.00   3.52472e-09
       7160.00   3.53987e-09
       7180.00   3.52651e-09
       7200.00   3.48542e-09
       7220.00   3.51108e-09
       7240.00   3.44076e-09
       7260.00   3.43864e-09
       7280.00   3.45966e-09
       7300.00   3.47192e-09
       7320.00   3.46546e-09
       7340.00   3.42605e-09
       7360.00   3.43393e-09
       7380.00   3.45616e-09
       7400.00   3.38894e-09
       7420.00   3.39077e-09
       7440.00   3.42280e-09
       7460.00   3.44638e-09
       7480.00   3.42992e-09
       7500.00   3.37215e-09
       7520.00   3.39952e-09
       7540.00   3.32877e-09
       7560.00   3.29757e-09
       7580.00   3.15635e-09
       7600.00   3.14182e-09
       7620.00   3.81950e-09
       7640.00   3.57508e-09
       7660.00   3.42025e-09
       7680.00   3.15376e-09
       7700.00   3.19926e-09
       7720.00   3.23484e-09
       7740.00   3.30530e-09
       7760.00   3.32158e-09
       7780.00   3.41087e-09
       7800.00   3.38241e-09
       7820.00   3.39430e-09
       7840.00   3.38237e-09
       7860.00   3.39387e-09
       7880.00   3.33384e-09
       7900.00   3.30275e-09
       7920.00   3.27181e-09
       7940.00   3.24126e-09
       7960.00   3.31089e-09
       7980.00   3.26816e-09
       8000.00   3.27615e-09
       8020.00   3.27020e-09
       8040.00   3.25735e-09
       8060.00   3.28231e-09
       8080.00   3.19466e-09
       8100.00   3.15522e-09
       8120.00   3.22054e-09
       8140.00   3.15945e-09
       8160.00   3.10387e-09
       8180.00   3.16022e-09
       8200.00   3.15456e-09
       8220.00   3.13763e-09
       8240.00   3.14208e-09
       8260.00   3.16766e-09
       8280.00   3.08099e-09
       8300.00   3.02100e-09
       8320.00   3.03545e-09
       8340.00   2.95229e-09
       8360.00   3.02560e-09
       8380.00   3.02692e-09
       8400.00   3.05811e-09
       8420.00   3.04841e-09
       8440.00   3.02921e-09
       8460.00   3.11738e-09
       8480.00   3.00068e-09
       8500.00   2.94204e-09
       8520.00   2.85030e-09
       8540.00   2.85059e-09
       8560.00   2.95696e-09
       8580.00   3.01115e-09
       8600.00   3.07680e-09
       8620.00   2.95485e-09
       8640.00   2.86537e-09
       8660.00   2.91434e-09
       8680.00   2.85369e-09
       8700.00   3.01228e-09
       8720.00   2.92547e-09
       8740.00   2.90766e-09
       8760.00   2.93062e-09
       8780.00   2.93605e-09
       8800.00   2.89259e-09
       8820.00   2.95225e-09
       8840.00   2.92197e-09
       8860.00   2.93138e-09
       8880.00   2.87599e-09
       8900.00   2.82935e-09
       8920.00   2.79013e-09
       8940.00   2.78188e-09
       8960.00   2.76115e-09
       8980.00   2.77914e-09
       9000.00   2.73251e-09
       9020.00   2.87876e-09
       9040.00   2.97882e-09
       9060.00   2.81417e-09
       9080.00   2.75199e-09
       9100.00   2.79345e-09
       9120.00   2.81333e-09
       9140.00   2.68138e-09
       9160.00   2.64190e-09
       9180.00   2.73575e-09
       9200.00   2.73305e-09
       9220.00   2.68992e-09
       9240.00   2.59381e-09
       9260.00   2.48415e-09
       9280.00   2.40507e-09
       9300.00   2.22134e-09
       9320.00   2.29374e-09
       9340.00   2.44178e-09
       9360.00   2.38438e-09
       9380.00   2.52440e-09
       9400.00   2.57279e-09
       9420.00   2.26900e-09
       9440.00   2.30805e-09
       9460.00   2.46955e-09
       9480.00   2.37143e-09
       9500.00   2.33684e-09
       9520.00   2.46798e-09
       9540.00   2.46981e-09
       9560.00   2.42785e-09
       9580.00   2.45769e-09
       9600.00   2.44022e-09
       9620.00   2.47809e-09
       9640.00   2.52520e-09
       9660.00   2.55523e-09
       9680.00   2.58731e-09
       9700.00   2.48101e-09
       9720.00   2.52958e-09
       9740.00   2.51228e-09
       9760.00   2.49141e-09
       9780.00   2.49988e-09
       9800.00   2.65737e-09
       9820.00   2.64529e-09
       9840.00   2.59443e-09
       9860.00   2.53480e-09
       9880.00   2.54509e-09
       9900.00   2.52341e-09
       9920.00   2.50769e-09
       9940.00   2.49528e-09
       9960.00   2.50878e-09
       9980.00   2.55228e-09
       10000.0   2.56428e-09
       10020.0   2.52309e-09
       10040.0   2.48773e-09
       10060.0   2.48878e-09
       10080.0   2.52374e-09
       10100.0   2.51484e-09
       10120.0   2.48973e-09
       10140.0   2.50046e-09
       10160.0   2.53261e-09
       10180.0   2.46795e-09
       10200.0   2.46364e-09
       10220.0   2.40402e-09
       10240.0   2.41909e-09
       10260.0   2.39800e-09
       10280.0   2.40132e-09
       10300.0   2.42029e-09
       10320.0   2.35983e-09
       10340.0   2.36413e-09
       10360.0   2.34673e-09
       10380.0   2.37793e-09
       10400.0   2.38015e-09
       10420.0   2.34125e-09
       10440.0   2.32417e-09
       10460.0   2.33972e-09
       10480.0   2.33578e-09
       10500.0   2.32191e-09
       10520.0   2.40340e-09
       10540.0   2.35329e-09
       10560.0   2.33045e-09
       10580.0   2.38610e-09
       10600.0   2.29965e-09
       10800.0   2.19595e-09
       11000.0   2.08793e-09
       11200.0   1.97966e-09
       11400.0   1.87464e-09
       11600.0   1.77583e-09
       11800.0   1.68526e-09
       12000.0   1.60468e-09
       12200.0   1.53557e-09
       12400.0   1.47897e-09
       12600.0   1.43668e-09
       12800.0   1.39567e-09
       13000.0   1.36063e-09
       13200.0   1.32360e-09
       13400.0   1.28824e-09
       13600.0   1.25850e-09
       13800.0   1.22113e-09
       14000.0   1.18544e-09
       14200.0   1.15012e-09
       14400.0   1.11837e-09
       14600.0   1.08863e-09
       14800.0   1.05885e-09
       15000.0   1.04203e-09
       15200.0   1.02517e-09
       15400.0   1.00237e-09
       15600.0   9.83538e-10
       15800.0   9.66679e-10
       16000.0   9.52119e-10
       16200.0   9.31611e-10
       16400.0   9.05557e-10
       16600.0   8.70161e-10
       16800.0   8.42391e-10
       17000.0   8.16628e-10
       17200.0   7.88822e-10
       17400.0   7.60725e-10
       17600.0   7.30984e-10
       17800.0   7.05185e-10
       18000.0   6.79386e-10
       18200.0   6.55266e-10
       18400.0   6.32788e-10
       18600.0   6.10638e-10
       18800.0   5.90495e-10
       19000.0   5.71957e-10
       19200.0   5.53457e-10
       19400.0   5.33241e-10
       19600.0   5.12769e-10
       19800.0   4.94268e-10
       20000.0   4.77738e-10
       20200.0   4.59201e-10
       20400.0   4.43510e-10
       20600.0   4.30592e-10
       20800.0   4.15740e-10
       21000.0   4.00852e-10
       21200.0   3.88810e-10
       21400.0   3.76731e-10
       21600.0   3.64675e-10
       21800.0   3.52600e-10
       22000.0   3.40540e-10
       22200.0   3.28458e-10
       22400.0   3.18386e-10
       22600.0   3.08125e-10
       22800.0   2.97057e-10
       23000.0   2.84154e-10
       23200.0   2.72258e-10
       23400.0   2.62165e-10
       23600.0   2.50094e-10
       23800.0   2.40343e-10
       24000.0   2.33067e-10
       24200.0   2.25623e-10
       24400.0   2.19897e-10
       24600.0   2.14508e-10
       24800.0   2.10030e-10
       25000.0   2.04407e-10
       25200.0   1.97693e-10
       25400.0   1.93066e-10
       25600.0   1.89008e-10
