       229.000       0.00000
       234.000       0.00000
       243.000       0.00000
       252.000       0.00000
       256.000       0.00000
       260.000       0.00000
       266.000       0.00000
       275.000       0.00000
       283.000       0.00000
       293.000       0.00000
       301.000       0.00000
       309.000       0.00000
       325.000       0.00000
       342.000       0.00000
       351.000       0.00000
       356.000       0.00000
       365.000       0.00000
       375.000       0.00000
       384.000       0.00000
       400.000       0.00000
       415.000       0.00000
       425.000       0.00000
       445.000       0.00000
       472.000       0.00000
       494.000       0.00000
       506.000       0.00000
       516.000       0.00000
       540.000       0.00000
       564.000       0.00000
       587.000       0.00000
       612.000       0.00000
       640.000       0.00000
       671.000       0.00000
       705.000       0.00000
       736.000       0.00000
       770.000       0.00000
       810.000       0.00000
       850.000       0.00000
       890.000       0.00000
       920.000       0.00000
       940.000       0.00000
       962.000       0.00000
       987.000       0.00000
       1012.00       0.00000
       1037.00       0.00000
       1062.00       0.00000
       1087.00       0.00000
       1112.00       0.00000
       1120.00       0.00000
       1140.00       0.00000
       1160.00       0.00000
       1180.00       0.00000
       1200.00       0.00000
       1220.00       0.00000
       1240.00       0.00000
       1260.00       0.00000
       1280.00       0.00000
       1300.00       0.00000
       1320.00       0.00000
       1340.00       0.00000
       1360.00       0.00000
       1380.00       0.00000
       1400.00       0.00000
       1420.00       0.00000
       1440.00       0.00000
       1460.00       0.00000
       1480.00       0.00000
       1500.00       0.00000
       1520.00       0.00000
       1540.00       0.00000
       1560.00       0.00000
       1580.00       0.00000
       1600.00       0.00000
       1620.00       0.00000
       1640.00       0.00000
       1660.00       0.00000
       1680.00       0.00000
       1700.00       0.00000
       1720.00       0.00000
       1740.00       0.00000
       1760.00       0.00000
       1780.00       0.00000
       1800.00       0.00000
       1820.00       0.00000
       1840.00       0.00000
       1860.00       0.00000
       1880.00       0.00000
       1900.00       0.00000
       1920.00       0.00000
       1940.00       0.00000
       1960.00       0.00000
       1980.00       0.00000
       2000.00   7.71632e-13
       2002.50   7.71632e-13
       2005.00   8.06706e-13
       2007.50   8.23514e-13
       2010.00   7.82351e-13
       2012.50   8.00253e-13
       2015.00   8.50786e-13
       2017.50   8.85787e-13
       2020.00   9.20788e-13
       2022.50   1.05091e-12
       2025.00   1.11709e-12
       2027.50   1.06262e-12
       2030.00   1.05398e-12
       2032.50   1.06685e-12
       2035.00   1.04614e-12
       2037.50   1.00304e-12
       2040.00   8.53812e-13
       2042.50   7.55262e-13
       2045.00   7.32693e-13
       2047.50   7.14718e-13
       2050.00   7.06442e-13
       2052.50   6.93718e-13
       2055.00   6.91822e-13
       2057.50   7.82059e-13
       2060.00   8.75907e-13
       2062.50   1.05565e-12
       2065.00   1.18199e-12
       2067.50   1.24028e-12
       2070.00   1.26694e-12
       2072.50   1.28356e-12
       2075.00   1.34438e-12
       2077.50   1.41923e-12
       2080.00   1.41646e-12
       2082.50   1.40884e-12
       2085.00   1.39589e-12
       2087.50   1.37883e-12
       2090.00   1.35553e-12
       2092.50   1.44708e-12
       2095.00   1.55289e-12
       2097.50   1.60087e-12
       2100.00   1.63438e-12
       2102.50   1.56164e-12
       2105.00   1.50090e-12
       2107.50   1.45540e-12
       2110.00   1.46404e-12
       2112.50   1.48300e-12
       2115.00   1.53291e-12
       2117.50   1.58891e-12
       2120.00   1.62570e-12
       2122.50   1.66168e-12
       2125.00   1.69709e-12
       2127.50   1.76691e-12
       2130.00   1.87395e-12
       2132.50   1.95263e-12
       2135.00   1.96601e-12
       2137.50   1.82131e-12
       2140.00   1.70908e-12
       2142.50   1.72684e-12
       2145.00   1.72994e-12
       2147.50   1.71955e-12
       2150.00   1.68582e-12
       2152.50   1.62242e-12
       2155.00   1.62209e-12
       2157.50   1.65166e-12
       2160.00   1.73796e-12
       2162.50   1.79298e-12
       2165.00   1.68371e-12
       2167.50   1.68002e-12
       2170.00   1.75936e-12
       2172.50   1.79855e-12
       2175.00   1.83607e-12
       2177.50   1.84143e-12
       2180.00   1.84683e-12
       2182.50   1.86353e-12
       2185.00   1.88861e-12
       2187.50   1.91934e-12
       2190.00   1.97283e-12
       2192.50   2.04728e-12
       2195.00   2.19250e-12
       2197.50   2.28726e-12
       2200.00   2.26163e-12
       2202.50   2.22218e-12
       2205.00   2.13876e-12
       2207.50   2.04145e-12
       2210.00   1.93703e-12
       2212.50   1.84832e-12
       2215.00   1.75965e-12
       2217.50   1.64145e-12
       2220.00   1.57710e-12
       2222.50   1.65439e-12
       2225.00   1.78754e-12
       2227.50   1.94702e-12
       2230.00   2.14357e-12
       2232.50   2.36488e-12
       2235.00   2.57288e-12
       2237.50   2.77239e-12
       2240.00   2.95910e-12
       2242.50   3.15919e-12
       2245.00   3.38765e-12
       2247.50   3.55226e-12
       2250.00   3.68279e-12
       2252.50   3.74659e-12
       2255.00   3.80930e-12
       2257.50   3.85087e-12
       2260.00   3.85670e-12
       2262.50   3.79910e-12
       2265.00   3.70394e-12
       2267.50   3.59700e-12
       2270.00   3.48314e-12
       2272.50   3.37689e-12
       2275.00   3.39545e-12
       2277.50   3.38335e-12
       2280.00   3.33803e-12
       2282.50   3.29850e-12
       2285.00   3.26770e-12
       2287.50   3.21931e-12
       2290.00   3.16430e-12
       2292.50   3.10049e-12
       2295.00   3.03169e-12
       2297.50   2.92629e-12
       2300.00   2.88057e-12
       2302.50   2.91083e-12
       2305.00   2.89676e-12
       2307.50   2.87422e-12
       2310.00   2.96078e-12
       2312.50   3.10629e-12
       2315.00   3.38076e-12
       2317.50   3.62544e-12
       2320.00   3.84686e-12
       2322.50   4.13452e-12
       2325.00   4.49438e-12
       2327.50   4.91148e-12
       2330.00   5.23962e-12
       2332.50   5.31800e-12
       2335.00   5.39566e-12
       2337.50   5.47040e-12
       2340.00   5.51598e-12
       2342.50   5.53457e-12
       2345.00   5.41170e-12
       2347.50   5.27644e-12
       2350.00   5.23633e-12
       2352.50   5.26113e-12
       2355.00   5.43613e-12
       2357.50   5.50869e-12
       2360.00   5.52327e-12
       2362.50   5.57067e-12
       2365.00   5.64322e-12
       2367.50   5.70047e-12
       2370.00   5.75734e-12
       2372.50   5.76646e-12
       2375.00   5.77375e-12
       2377.50   5.80000e-12
       2380.00   5.80182e-12
       2382.50   5.78724e-12
       2385.00   5.75771e-12
       2387.50   5.71359e-12
       2390.00   5.74531e-12
       2392.50   5.75625e-12
       2395.00   5.70885e-12
       2397.50   5.62025e-12
       2400.00   5.40186e-12
       2402.50   5.32493e-12
       2405.00   5.32347e-12
       2407.50   5.24545e-12
       2410.00   5.16743e-12
       2412.50   5.11128e-12
       2415.00   5.11930e-12
       2417.50   5.29029e-12
       2420.00   5.46202e-12
       2422.50   5.63374e-12
       2425.00   5.94219e-12
       2427.50   6.34216e-12
       2430.00   6.66300e-12
       2432.50   6.91968e-12
       2435.00   7.07937e-12
       2437.50   7.19859e-12
       2440.00   7.23177e-12
       2442.50   7.29995e-12
       2445.00   7.40240e-12
       2447.50   7.65215e-12
       2450.00   7.90153e-12
       2452.50   8.13597e-12
       2455.00   8.31973e-12
       2457.50   8.41343e-12
       2460.00   8.21217e-12
       2462.50   7.91794e-12
       2465.00   7.73783e-12
       2467.50   7.61970e-12
       2470.00   7.59527e-12
       2472.50   7.65324e-12
       2475.00   7.80090e-12
       2477.50   7.81695e-12
       2480.00   7.63501e-12
       2482.50   7.40824e-12
       2485.00   7.14244e-12
       2487.50   6.76764e-12
       2490.00   6.49565e-12
       2492.50   6.97874e-12
       2495.00   7.31271e-12
       2497.50   7.45782e-12
       2500.00   7.54860e-12
       2502.50   7.73200e-12
       2505.00   7.91357e-12
       2507.50   7.97846e-12
       2510.00   7.93070e-12
       2512.50   7.56866e-12
       2515.00   7.31380e-12
       2517.50   6.99223e-12
       2520.00   6.47341e-12
       2522.50   5.98157e-12
       2525.00   6.75634e-12
       2527.50   8.06232e-12
       2530.00   8.90600e-12
       2532.50   1.01835e-11
       2535.00   1.19551e-11
       2537.50   1.28983e-11
       2540.00   1.25793e-11
       2542.50   1.28225e-11
       2545.00   1.32374e-11
       2547.50   1.35280e-11
       2550.00   1.38054e-11
       2552.50   1.38634e-11
       2555.00   1.37854e-11
       2557.50   1.33632e-11
       2560.00   1.28032e-11
       2562.50   1.27310e-11
       2565.00   1.30711e-11
       2567.50   1.37376e-11
       2570.00   1.42634e-11
       2572.50   1.50874e-11
       2575.00   1.35028e-11
       2577.50   1.23281e-11
       2580.00   1.18858e-11
       2582.50   1.17874e-11
       2585.00   1.15413e-11
       2587.50   1.26267e-11
       2590.00   1.46579e-11
       2592.50   1.57338e-11
       2595.00   1.61936e-11
       2597.50   1.62388e-11
       2600.00   1.66172e-11
       2602.50   1.67758e-11
       2605.00   1.66336e-11
       2607.50   1.64652e-11
       2610.00   1.67033e-11
       2612.50   1.72213e-11
       2615.00   1.72228e-11
       2617.50   1.73964e-11
       2620.00   1.78667e-11
       2622.50   1.84657e-11
       2625.00   1.87596e-11
       2627.50   1.96955e-11
       2630.00   2.11415e-11
       2632.50   2.22874e-11
       2635.00   2.41465e-11
       2637.50   2.74472e-11
       2640.00   3.00522e-11
       2642.50   3.09998e-11
       2645.00   3.15901e-11
       2647.50   3.20189e-11
       2650.00   3.18931e-11
       2652.50   3.19124e-11
       2655.00   3.26281e-11
       2657.50   3.35797e-11
       2660.00   3.45834e-11
       2662.50   3.55970e-11
       2665.00   3.65690e-11
       2667.50   3.61457e-11
       2670.00   3.55409e-11
       2672.50   3.52703e-11
       2675.00   3.50414e-11
       2677.50   3.47085e-11
       2680.00   3.51963e-11
       2682.50   3.67404e-11
       2685.00   3.68607e-11
       2687.50   3.63856e-11
       2690.00   3.57746e-11
       2692.50   3.54931e-11
       2695.00   3.48339e-11
       2697.50   3.49178e-11
       2700.00   3.58424e-11
       2702.50   3.69227e-11
       2705.00   3.84503e-11
       2707.50   3.99707e-11
       2710.00   4.04848e-11
       2712.50   3.98650e-11
       2715.00   3.84358e-11
       2717.50   3.58566e-11
       2720.00   3.36821e-11
       2722.50   3.33052e-11
       2725.00   3.43556e-11
       2727.50   3.60072e-11
       2730.00   3.77211e-11
       2732.50   3.83774e-11
       2735.00   3.69591e-11
       2737.50   3.47909e-11
       2740.00   3.25574e-11
       2742.50   3.16721e-11
       2745.00   3.16357e-11
       2747.50   3.30456e-11
       2750.00   3.51467e-11
       2752.50   3.75133e-11
       2755.00   3.99051e-11
       2757.50   4.21802e-11
       2760.00   4.48672e-11
       2762.50   4.71642e-11
       2765.00   4.83491e-11
       2767.50   4.97127e-11
       2770.00   5.08284e-11
       2772.50   5.09341e-11
       2775.00   5.00737e-11
       2777.50   4.89835e-11
       2780.00   4.71350e-11
       2782.50   4.42766e-11
       2785.00   4.13817e-11
       2787.50   3.94384e-11
       2790.00   3.85524e-11
       2792.50   3.79764e-11
       2795.00   3.73310e-11
       2797.50   3.73675e-11
       2800.00   3.79581e-11
       2802.50   3.74550e-11
       2805.00   3.71487e-11
       2807.50   3.81258e-11
       2810.00   4.16807e-11
       2812.50   4.56766e-11
       2815.00   4.97127e-11
       2817.50   5.42009e-11
       2820.00   5.89516e-11
       2822.50   6.09022e-11
       2825.00   6.17663e-11
       2827.50   6.17517e-11
       2830.00   6.13907e-11
       2832.50   6.07235e-11
       2835.00   6.08183e-11
       2837.50   5.98121e-11
       2840.00   5.60020e-11
       2842.50   5.20316e-11
       2845.00   4.55782e-11
       2847.50   3.75753e-11
       2850.00   3.04810e-11
       2852.50   2.82387e-11
       2855.00   2.87451e-11
       2857.50   3.23481e-11
       2860.00   3.92379e-11
       2862.50   4.97237e-11
       2865.00   5.83464e-11
       2867.50   6.49492e-11
       2870.00   7.09067e-11
       2872.50   7.46183e-11
       2875.00   7.19786e-11
       2877.50   7.25948e-11
       2880.00   7.47824e-11
       2882.50   7.85997e-11
       2885.00   8.55307e-11
       2887.50   9.45070e-11
       2890.00   1.05569e-10
       2892.50   1.15559e-10
       2895.00   1.26515e-10
       2897.50   1.39546e-10
       2900.00   1.53382e-10
       2902.50   1.61545e-10
       2905.00   1.66493e-10
       2907.50   1.68728e-10
       2910.00   1.69789e-10
       2912.50   1.70638e-10
       2915.00   1.73617e-10
       2917.50   1.74879e-10
       2920.00   1.71623e-10
       2922.50   1.66901e-10
       2925.00   1.63368e-10
       2927.50   1.63295e-10
       2930.00   1.63503e-10
       2932.50   1.64794e-10
       2935.00   1.65169e-10
       2937.50   1.66289e-10
       2940.00   1.65071e-10
       2942.50   1.59088e-10
       2945.00   1.57301e-10
       2947.50   1.59248e-10
       2950.00   1.65902e-10
       2952.50   1.67474e-10
       2955.00   1.71736e-10
       2957.50   1.73730e-10
       2960.00   1.69742e-10
       2962.50   1.59912e-10
       2965.00   1.44183e-10
       2967.50   1.33205e-10
       2970.00   1.30161e-10
       2972.50   1.36986e-10
       2975.00   1.47228e-10
       2977.50   1.54261e-10
       2980.00   1.54137e-10
       2982.50   1.49164e-10
       2985.00   1.43571e-10
       2987.50   1.36913e-10
       2990.00   1.34091e-10
       2992.50   1.36614e-10
       2995.00   1.33428e-10
       2997.50   1.26540e-10
       3000.00   1.18724e-10
       3002.50   1.12544e-10
       3005.00   1.11519e-10
       3007.50   1.16160e-10
       3010.00   1.22610e-10
       3012.50   1.25727e-10
       3015.00   1.24845e-10
       3017.50   1.21217e-10
       3020.00   1.20003e-10
       3022.50   1.25206e-10
       3025.00   1.34729e-10
       3027.50   1.56328e-10
       3030.00   1.79549e-10
       3032.50   1.95982e-10
       3035.00   1.98027e-10
       3037.50   1.97553e-10
       3040.00   1.94231e-10
       3042.50   1.90053e-10
       3045.00   1.92853e-10
       3047.50   2.01378e-10
       3050.00   2.07051e-10
       3052.50   2.06340e-10
       3055.00   1.99744e-10
       3057.50   1.90852e-10
       3060.00   1.81646e-10
       3062.50   1.74401e-10
       3065.00   1.76869e-10
       3067.50   1.89171e-10
       3070.00   2.02577e-10
       3072.50   2.15823e-10
       3075.00   2.28011e-10
       3077.50   2.37826e-10
       3080.00   2.45578e-10
       3082.50   2.51163e-10
       3085.00   2.48545e-10
       3087.50   2.39999e-10
       3090.00   2.29904e-10
       3092.50   2.15134e-10
       3095.00   1.99110e-10
       3097.50   1.97721e-10
       3100.00   2.09927e-10
       3102.50   2.31253e-10
       3105.00   2.62586e-10
       3107.50   2.97926e-10
       3110.00   3.22026e-10
       3112.50   3.31378e-10
       3115.00   3.25071e-10
       3117.50   3.10173e-10
       3120.00   2.91557e-10
       3122.50   2.76969e-10
       3125.00   2.68401e-10
       3127.50   2.69663e-10
       3130.00   2.74217e-10
       3132.50   2.83959e-10
       3135.00   2.96111e-10
       3137.50   3.05791e-10
       3140.00   3.08099e-10
       3142.50   3.06305e-10
       3145.00   3.06119e-10
       3147.50   3.06195e-10
       3150.00   3.03501e-10
       3152.50   2.99345e-10
       3155.00   2.91575e-10
       3157.50   2.82755e-10
       3160.00   2.73706e-10
       3162.50   2.76893e-10
       3165.00   2.90226e-10
       3167.50   3.15682e-10
       3170.00   3.44442e-10
       3172.50   3.68789e-10
       3175.00   3.76883e-10
       3177.50   3.62194e-10
       3180.00   3.49593e-10
       3182.50   3.38561e-10
       3185.00   3.30966e-10
       3187.50   3.24848e-10
       3190.00   3.32373e-10
       3192.50   3.39228e-10
       3195.00   3.39148e-10
       3197.50   3.40817e-10
       3200.00   3.48678e-10
       3202.50   3.46039e-10
       3205.00   3.43395e-10
       3207.50   3.40752e-10
       3210.00   3.38112e-10
       3212.50   3.35469e-10
       3215.00   3.32829e-10
       3217.50   3.30186e-10
       3220.00   3.27542e-10
       3222.50   3.27542e-10
       3225.00   3.27542e-10
       3227.50   3.27542e-10
       3230.00   3.27542e-10
       3232.50   3.27542e-10
       3235.00   3.27542e-10
       3237.50   3.27542e-10
       3240.00   3.27542e-10
       3260.00   5.70630e-10
       3270.00   3.74112e-10
       3280.00   4.28218e-10
       3290.00   5.21154e-10
       3300.00   5.33915e-10
       3310.00   5.19441e-10
       3320.00   4.06270e-10
       3330.00   4.63912e-10
       3340.00   4.25302e-10
       3350.00   5.03909e-10
       3360.00   4.40250e-10
       3370.00   4.17098e-10
       3380.00   3.92087e-10
       3390.00   4.28802e-10
       3400.00   5.36504e-10
       3410.00   4.91986e-10
       3420.00   4.71168e-10
       3430.00   5.12586e-10
       3440.00   3.83009e-10
       3450.00   4.27745e-10
       3460.00   4.35000e-10
       3470.00   4.31500e-10
       3480.00   4.59355e-10
       3490.00   4.54542e-10
       3500.00   4.98731e-10
       3510.00   5.78469e-10
       3520.00   4.68980e-10
       3530.00   4.86007e-10
       3540.00   6.02022e-10
       3550.00   5.01539e-10
       3560.00   4.79517e-10
       3570.00   3.76118e-10
       3580.00   2.96107e-10
       3590.00   3.40303e-10
       3600.00   5.32931e-10
       3610.00   5.95459e-10
       3620.00   5.63921e-10
       3630.00   6.62982e-10
       3640.00   6.95249e-10
       3650.00   7.75387e-10
       3660.00   9.25273e-10
       3670.00   9.69717e-10
       3680.00   8.03461e-10
       3690.00   7.76991e-10
       3700.00   8.55854e-10
       3710.00   8.54505e-10
       3720.00   6.36658e-10
       3730.00   4.14072e-10
       3740.00   4.35912e-10
       3750.00   5.09560e-10
       3760.00   5.22722e-10
       3770.00   6.64769e-10
       3780.00   8.02951e-10
       3790.00   6.67576e-10
       3800.00   5.74531e-10
       3810.00   5.56848e-10
       3820.00   4.28255e-10
       3830.00   3.37675e-10
       3840.00   3.62511e-10
       3850.00   3.66930e-10
       3860.00   3.88733e-10
       3870.00   4.17354e-10
       3880.00   4.61178e-10
       3890.00   6.79717e-10
       3900.00   8.66026e-10
       3910.00   9.10981e-10
       3920.00   8.56437e-10
       3930.00   4.78897e-10
       3940.00   4.91367e-10
       3950.00   9.04746e-10
       3960.00   8.66865e-10
       3970.00   6.30752e-10
       3980.00   1.00475e-09
       3990.00   1.45456e-09
       4000.00   1.60554e-09
       4010.00   1.76538e-09
       4020.00   1.87136e-09
       4030.00   1.65352e-09
       4040.00   1.59092e-09
       4050.00   1.62643e-09
       4060.00   1.56653e-09
       4070.00   1.49784e-09
       4080.00   1.77540e-09
       4090.00   1.93798e-09
       4100.00   1.81492e-09
       4110.00   1.73176e-09
       4120.00   1.69986e-09
       4130.00   1.57641e-09
       4140.00   1.45605e-09
       4150.00   1.35356e-09
       4160.00   1.46838e-09
       4170.00   1.48052e-09
       4180.00   1.47344e-09
       4190.00   1.52842e-09
       4200.00   1.58031e-09
       4210.00   1.73887e-09
       4220.00   1.70883e-09
       4230.00   1.81868e-09
       4240.00   2.06278e-09
       4250.00   2.06168e-09
       4260.00   2.02694e-09
       4270.00   1.98271e-09
       4280.00   1.86619e-09
       4290.00   1.88041e-09
       4300.00   1.50166e-09
       4310.00   1.76374e-09
       4320.00   2.18466e-09
       4330.00   2.35825e-09
       4340.00   2.55137e-09
       4350.00   2.46985e-09
       4360.00   2.63144e-09
       4370.00   2.65663e-09
       4380.00   2.19352e-09
       4390.00   2.23541e-09
       4400.00   2.32623e-09
       4410.00   2.40079e-09
       4420.00   2.62641e-09
       4430.00   2.63322e-09
       4440.00   2.75267e-09
       4450.00   2.73075e-09
       4460.00   2.62531e-09
       4470.00   2.85982e-09
       4480.00   3.03355e-09
       4490.00   2.95505e-09
       4500.00   3.13498e-09
       4510.00   3.19809e-09
       4520.00   3.02630e-09
       4530.00   2.88903e-09
       4540.00   2.92694e-09
       4550.00   3.03483e-09
       4560.00   3.18763e-09
       4570.00   3.21621e-09
       4580.00   3.20488e-09
       4590.00   3.10705e-09
       4600.00   3.14610e-09
       4610.00   3.39166e-09
       4620.00   3.51642e-09
       4630.00   3.46604e-09
       4640.00   3.14315e-09
       4650.00   3.12087e-09
       4660.00   3.18985e-09
       4670.00   3.16346e-09
       4680.00   3.25493e-09
       4690.00   3.10829e-09
       4700.00   3.05335e-09
       4710.00   3.14453e-09
       4720.00   3.36103e-09
       4730.00   3.28578e-09
       4740.00   3.34809e-09
       4750.00   3.45408e-09
       4760.00   3.32439e-09
       4770.00   3.40810e-09
       4780.00   3.51828e-09
       4790.00   3.50020e-09
       4800.00   3.62930e-09
       4810.00   3.60079e-09
       4820.00   3.59543e-09
       4830.00   3.49677e-09
       4840.00   3.54016e-09
       4850.00   3.40708e-09
       4860.00   3.17064e-09
       4870.00   3.16747e-09
       4880.00   3.20998e-09
       4890.00   3.35899e-09
       4900.00   3.47621e-09
       4910.00   3.42382e-09
       4920.00   3.27364e-09
       4930.00   3.26223e-09
       4940.00   3.53848e-09
       4950.00   3.56043e-09
       4960.00   3.57410e-09
       4970.00   3.64596e-09
       4980.00   3.45812e-09
       4990.00   3.37733e-09
       5000.00   3.32031e-09
       5010.00   3.07566e-09
       5020.00   3.12868e-09
       5030.00   3.31291e-09
       5040.00   3.30849e-09
       5050.00   3.32373e-09
       5060.00   3.47110e-09
       5070.00   3.37919e-09
       5080.00   3.21527e-09
       5090.00   3.22066e-09
       5100.00   3.26102e-09
       5110.00   3.19762e-09
       5120.00   3.20801e-09
       5130.00   3.08201e-09
       5140.00   3.12638e-09
       5150.00   3.10921e-09
       5160.00   2.95910e-09
       5170.00   2.72452e-09
       5180.00   2.73017e-09
       5190.00   2.96209e-09
       5200.00   3.16838e-09
       5210.00   3.12434e-09
       5220.00   3.20776e-09
       5230.00   3.28403e-09
       5240.00   3.47657e-09
       5250.00   3.49032e-09
       5260.00   3.28038e-09
       5270.00   3.06961e-09
       5280.00   3.32213e-09
       5290.00   3.62431e-09
       5300.00   3.65836e-09
       5310.00   3.80821e-09
       5320.00   3.68826e-09
       5330.00   3.47431e-09
       5340.00   3.57505e-09
       5350.00   3.69409e-09
       5360.00   3.82024e-09
       5370.00   3.71378e-09
       5380.00   3.67367e-09
       5390.00   3.64589e-09
       5400.00   3.35666e-09
       5410.00   3.42812e-09
       5420.00   3.66164e-09
       5430.00   3.61457e-09
       5440.00   3.73055e-09
       5450.00   3.73784e-09
       5460.00   3.71487e-09
       5470.00   3.72691e-09
       5480.00   3.59332e-09
       5490.00   3.57618e-09
       5500.00   3.67513e-09
       5510.00   3.65617e-09
       5520.00   3.68534e-09
       5530.00   3.72618e-09
       5540.00   3.69810e-09
       5550.00   3.77503e-09
       5560.00   3.81915e-09
       5570.00   3.72654e-09
       5580.00   3.77029e-09
       5590.00   3.68935e-09
       5600.00   3.62281e-09
       5610.00   3.84321e-09
       5620.00   3.85415e-09
       5630.00   3.80165e-09
       5640.00   3.81623e-09
       5650.00   3.80967e-09
       5660.00   3.81003e-09
       5670.00   3.83118e-09
       5680.00   3.93144e-09
       5690.00   3.97556e-09
       5700.00   3.90373e-09
       5710.00   3.79837e-09
       5720.00   3.93071e-09
       5730.00   4.04884e-09
       5740.00   3.99124e-09
       5760.00   3.98686e-09
       5780.00   3.95259e-09
       5800.00   4.09405e-09
       5820.00   4.16077e-09
       5840.00   4.14546e-09
       5860.00   3.97155e-09
       5880.00   3.71341e-09
       5900.00   3.68498e-09
       5920.00   4.09442e-09
       5940.00   4.04811e-09
       5960.00   4.06160e-09
       5980.00   4.00327e-09
       6000.00   3.96134e-09
       6020.00   4.01129e-09
       6040.00   4.08239e-09
       6060.00   4.02551e-09
       6080.00   4.06780e-09
       6100.00   4.04739e-09
       6120.00   3.97957e-09
       6140.00   3.87712e-09
       6160.00   3.81076e-09
       6180.00   3.83847e-09
       6200.00   3.83993e-09
       6220.00   3.78087e-09
       6240.00   3.69081e-09
       6260.00   3.67586e-09
       6280.00   3.74550e-09
       6300.00   3.73274e-09
       6320.00   3.73456e-09
       6340.00   3.71633e-09
       6360.00   3.71743e-09
       6380.00   3.82535e-09
       6400.00   3.74732e-09
       6420.00   3.76701e-09
       6440.00   3.77321e-09
       6460.00   3.76847e-09
       6480.00   3.70576e-09
       6500.00   3.69591e-09
       6520.00   3.79618e-09
       6540.00   3.73383e-09
       6560.00   3.65690e-09
       6580.00   3.74258e-09
       6600.00   3.79873e-09
       6620.00   3.73565e-09
       6640.00   3.75316e-09
       6660.00   3.72836e-09
       6680.00   3.74331e-09
       6700.00   3.72836e-09
       6720.00   3.71633e-09
       6740.00   3.74805e-09
       6760.00   3.70867e-09
       6780.00   3.68206e-09
       6800.00   3.78050e-09
       6820.00   3.79654e-09
       6840.00   3.85269e-09
       6860.00   3.68899e-09
       6880.00   3.60641e-09
       6900.00   3.75826e-09
       6920.00   3.67623e-09
       6940.00   3.56728e-09
       6960.00   3.54227e-09
       6980.00   3.46498e-09
       7000.00   3.44299e-09
       7020.00   3.47756e-09
       7040.00   3.56528e-09
       7060.00   3.56291e-09
       7080.00   3.50745e-09
       7100.00   3.47231e-09
       7120.00   3.46363e-09
       7140.00   3.36592e-09
       7160.00   3.43804e-09
       7180.00   3.35655e-09
       7200.00   3.36789e-09
       7220.00   3.40675e-09
       7240.00   3.36041e-09
       7260.00   3.33361e-09
       7280.00   3.31531e-09
       7300.00   3.30332e-09
       7320.00   3.37022e-09
       7340.00   3.33748e-09
       7360.00   3.33369e-09
       7380.00   3.36665e-09
       7400.00   3.31812e-09
       7420.00   3.30820e-09
       7440.00   3.35684e-09
       7460.00   3.33278e-09
       7480.00   3.26533e-09
       7500.00   3.24013e-09
       7520.00   3.47030e-09
       7540.00   3.59259e-09
       7560.00   3.69008e-09
       7580.00   3.32479e-09
       7600.00   2.71894e-09
       7620.00   3.35684e-09
       7640.00   3.28421e-09
       7660.00   3.27455e-09
       7680.00   3.08244e-09
       7700.00   3.13010e-09
       7720.00   3.21465e-09
       7740.00   3.24243e-09
       7760.00   3.28658e-09
       7780.00   3.27532e-09
       7800.00   3.28407e-09
       7820.00   3.25818e-09
       7840.00   3.22165e-09
       7860.00   3.19463e-09
       7880.00   3.11573e-09
       7900.00   3.00920e-09
       7920.00   3.01529e-09
       7940.00   2.99665e-09
       7960.00   3.08846e-09
       7980.00   3.05032e-09
       8000.00   3.09765e-09
       8020.00   3.11504e-09
       8040.00   3.10986e-09
       8060.00   3.08419e-09
       8080.00   3.01616e-09
       8100.00   2.92512e-09
       8120.00   3.03031e-09
       8140.00   3.04566e-09
       8160.00   2.98903e-09
       8180.00   3.02593e-09
       8200.00   3.00938e-09
       8220.00   3.05401e-09
       8240.00   3.11282e-09
       8260.00   3.13352e-09
       8280.00   2.98229e-09
       8300.00   2.94700e-09
       8320.00   2.98750e-09
       8340.00   2.91094e-09
       8360.00   2.91925e-09
       8380.00   3.02713e-09
       8400.00   3.09768e-09
       8420.00   2.96712e-09
       8440.00   3.01849e-09
       8460.00   3.00271e-09
       8480.00   2.87266e-09
       8500.00   2.88684e-09
       8520.00   2.78457e-09
       8540.00   2.73808e-09
       8560.00   2.90266e-09
       8580.00   3.02790e-09
       8600.00   2.90572e-09
       8620.00   2.99235e-09
       8640.00   2.79405e-09
       8660.00   2.72193e-09
       8680.00   2.75952e-09
       8700.00   2.94495e-09
       8720.00   2.94455e-09
       8740.00   2.92822e-09
       8760.00   2.87867e-09
       8780.00   2.78639e-09
       8800.00   2.93292e-09
       8820.00   2.88111e-09
       8840.00   2.83394e-09
       8860.00   2.99086e-09
       8880.00   2.90707e-09
       8900.00   2.95148e-09
       8920.00   2.87269e-09
       8940.00   2.82234e-09
       8960.00   2.73086e-09
       8980.00   2.80688e-09
       9000.00   2.72029e-09
       9020.00   2.91582e-09
       9040.00   3.01295e-09
       9060.00   2.75886e-09
       9080.00   2.58780e-09
       9100.00   2.68912e-09
       9120.00   2.68664e-09
       9140.00   2.47813e-09
       9160.00   2.41830e-09
       9180.00   2.44203e-09
       9200.00   2.51415e-09
       9220.00   2.54634e-09
       9240.00   2.60821e-09
       9260.00   2.53092e-09
       9280.00   2.60891e-09
       9300.00   2.58998e-09
       9320.00   2.30917e-09
       9340.00   2.60486e-09
       9360.00   2.35912e-09
       9380.00   2.47787e-09
       9400.00   2.51265e-09
       9420.00   2.22280e-09
       9440.00   2.30571e-09
       9460.00   2.29718e-09
       9480.00   2.40116e-09
       9500.00   2.37010e-09
       9520.00   2.55385e-09
       9540.00   2.54317e-09
       9560.00   2.50824e-09
       9580.00   2.44451e-09
       9600.00   2.44393e-09
       9620.00   2.46263e-09
       9640.00   2.39146e-09
       9660.00   2.35413e-09
       9680.00   2.56607e-09
       9700.00   2.43044e-09
       9720.00   2.44393e-09
       9740.00   2.44094e-09
       9760.00   2.42508e-09
       9780.00   2.42799e-09
       9800.00   2.53026e-09
       9820.00   2.48651e-09
       9840.00   2.45009e-09
       9860.00   2.57033e-09
       9880.00   2.45877e-09
       9900.00   2.41257e-09
       9920.00   2.43109e-09
       9940.00   2.43248e-09
       9960.00   2.44072e-09
       9980.00   2.48771e-09
       10000.0   2.57336e-09
       10020.0   2.49555e-09
       10040.0   2.43496e-09
       10060.0   2.46376e-09
       10080.0   2.44958e-09
       10100.0   2.50303e-09
       10120.0   2.40856e-09
       10140.0   2.45738e-09
       10160.0   2.42832e-09
       10180.0   2.39525e-09
       10200.0   2.35274e-09
       10220.0   2.41902e-09
       10240.0   2.44987e-09
       10260.0   2.43397e-09
       10280.0   2.43922e-09
       10300.0   2.38789e-09
       10320.0   2.35781e-09
       10340.0   2.47955e-09
       10360.0   2.41830e-09
       10380.0   2.41305e-09
       10400.0   2.38942e-09
       10420.0   2.41199e-09
       10440.0   2.46088e-09
       10460.0   2.36820e-09
       10480.0   2.39252e-09
       10500.0   2.34920e-09
       10520.0   2.24391e-09
       10540.0   2.40535e-09
       10560.0   2.31256e-09
       10580.0   2.41006e-09
       10600.0   2.32981e-09
       10800.0   2.25200e-09
       11000.0   2.16454e-09
       11200.0   2.07197e-09
       11400.0   1.97845e-09
       11600.0   1.88748e-09
       11800.0   1.80194e-09
       12000.0   1.72432e-09
       12200.0   1.65633e-09
       12400.0   1.59985e-09
       12600.0   1.55792e-09
       12800.0   1.51610e-09
       13000.0   1.47436e-09
       13200.0   1.43254e-09
       13400.0   1.39593e-09
       13600.0   1.36450e-09
       13800.0   1.32782e-09
       14000.0   1.29636e-09
       14200.0   1.25972e-09
       14400.0   1.22829e-09
       14600.0   1.19693e-09
       14800.0   1.16554e-09
       15000.0   1.14983e-09
       15200.0   1.13408e-09
       15400.0   1.11829e-09
       15600.0   1.10250e-09
       15800.0   1.08679e-09
       16000.0   1.06593e-09
       16200.0   1.04504e-09
       16400.0   1.01883e-09
       16600.0   9.82223e-10
       16800.0   9.50867e-10
       17000.0   9.19549e-10
       17200.0   8.88193e-10
       17400.0   8.61979e-10
       17600.0   8.30624e-10
       17800.0   7.99268e-10
       18000.0   7.67986e-10
       18200.0   7.41844e-10
       18400.0   7.20880e-10
       18600.0   6.94775e-10
       18800.0   6.68706e-10
       19000.0   6.47778e-10
       19200.0   6.26924e-10
       19400.0   6.00819e-10
       19600.0   5.79891e-10
       19800.0   5.58999e-10
       20000.0   5.38144e-10
       20200.0   5.17253e-10
       20400.0   4.98950e-10
       20600.0   4.83309e-10
       20800.0   4.67595e-10
       21000.0   4.51917e-10
       21200.0   4.38865e-10
       21400.0   4.25776e-10
       21600.0   4.12723e-10
       21800.0   3.99634e-10
       22000.0   3.86582e-10
       22200.0   3.73493e-10
       22400.0   3.60469e-10
       22600.0   3.50005e-10
       22800.0   3.36949e-10
       23000.0   3.21293e-10
       23200.0   3.05656e-10
       23400.0   2.92625e-10
       23600.0   2.79554e-10
       23800.0   2.67559e-10
       24000.0   2.57135e-10
       24200.0   2.49296e-10
       24400.0   2.42508e-10
       24600.0   2.36758e-10
       24800.0   2.32561e-10
       25000.0   2.27315e-10
       25200.0   2.20519e-10
       25400.0   2.15298e-10
       25600.0   2.10595e-10
