       229.000       0.00000
       234.000       0.00000
       243.000       0.00000
       252.000       0.00000
       256.000       0.00000
       260.000       0.00000
       266.000       0.00000
       275.000       0.00000
       283.000       0.00000
       293.000       0.00000
       301.000       0.00000
       309.000       0.00000
       325.000       0.00000
       342.000       0.00000
       351.000       0.00000
       356.000       0.00000
       365.000       0.00000
       375.000       0.00000
       384.000       0.00000
       400.000       0.00000
       415.000       0.00000
       425.000       0.00000
       445.000       0.00000
       472.000       0.00000
       494.000       0.00000
       506.000       0.00000
       516.000       0.00000
       540.000       0.00000
       564.000       0.00000
       587.000       0.00000
       612.000       0.00000
       640.000       0.00000
       671.000       0.00000
       705.000       0.00000
       736.000       0.00000
       770.000       0.00000
       810.000       0.00000
       850.000       0.00000
       890.000       0.00000
       920.000       0.00000
       940.000       0.00000
       962.000       0.00000
       987.000       0.00000
       1012.00       0.00000
       1037.00       0.00000
       1062.00       0.00000
       1087.00       0.00000
       1112.00       0.00000
       1120.00       0.00000
       1140.00       0.00000
       1160.00       0.00000
       1180.00       0.00000
       1200.00       0.00000
       1220.00       0.00000
       1240.00       0.00000
       1260.00       0.00000
       1280.00       0.00000
       1300.00       0.00000
       1320.00       0.00000
       1340.00       0.00000
       1360.00       0.00000
       1380.00       0.00000
       1400.00       0.00000
       1420.00       0.00000
       1440.00       0.00000
       1460.00       0.00000
       1480.00       0.00000
       1500.00       0.00000
       1520.00       0.00000
       1540.00       0.00000
       1560.00       0.00000
       1580.00       0.00000
       1600.00       0.00000
       1620.00       0.00000
       1640.00       0.00000
       1660.00       0.00000
       1680.00       0.00000
       1700.00       0.00000
       1720.00       0.00000
       1740.00       0.00000
       1760.00       0.00000
       1780.00       0.00000
       1800.00       0.00000
       1820.00       0.00000
       1840.00       0.00000
       1860.00       0.00000
       1880.00       0.00000
       1900.00       0.00000
       1920.00       0.00000
       1940.00       0.00000
       1960.00       0.00000
       1980.00       0.00000
       2000.00   1.75959e-12
       2002.50   2.11882e-12
       2005.00   1.75480e-12
       2007.50   3.12867e-12
       2010.00   3.59500e-12
       2012.50   3.34825e-12
       2015.00   3.17021e-12
       2017.50   3.06652e-12
       2020.00   1.61318e-12
       2022.50   6.15704e-13
       2025.00   1.26395e-12
       2027.50   1.77233e-12
       2030.00   1.72134e-12
       2032.50   2.34012e-12
       2035.00   3.40543e-12
       2037.50   2.93881e-12
       2040.00   2.47222e-12
       2042.50   2.43752e-12
       2045.00   2.67548e-12
       2047.50   3.41300e-12
       2050.00   3.79393e-12
       2052.50   4.03588e-12
       2055.00   3.58054e-12
       2057.50   2.73273e-12
       2060.00   3.08496e-12
       2062.50   3.87044e-12
       2065.00   5.33713e-12
       2067.50   6.07871e-12
       2070.00   4.95572e-12
       2072.50   4.52014e-12
       2075.00   4.51136e-12
       2077.50   5.68889e-12
       2080.00   6.86642e-12
       2082.50   7.27637e-12
       2085.00   7.22001e-12
       2087.50   6.46378e-12
       2090.00   6.04138e-12
       2092.50   5.70243e-12
       2095.00   5.46268e-12
       2097.50   5.18925e-12
       2100.00   4.39020e-12
       2102.50   3.68486e-12
       2105.00   3.09920e-12
       2107.50   2.20678e-12
       2110.00   7.68853e-13
       2112.50   1.41051e-12
       2115.00   2.56622e-12
       2117.50   2.97230e-12
       2120.00   3.43431e-12
       2122.50   4.53954e-12
       2125.00   5.48940e-12
       2127.50   6.27051e-12
       2130.00   6.72623e-12
       2132.50   7.13728e-12
       2135.00   7.41364e-12
       2137.50   7.36898e-12
       2140.00   6.17535e-12
       2142.50   4.44328e-12
       2145.00   2.35286e-12
       2147.50   1.41120e-12
       2150.00   1.53006e-12
       2152.50   1.84550e-12
       2155.00   1.89730e-12
       2157.50   9.95317e-13
       2160.00   4.73135e-13
       2162.50   1.94554e-12
       2165.00   2.59792e-12
       2167.50   2.60586e-12
       2170.00   2.37643e-12
       2172.50   2.13708e-12
       2175.00   1.75425e-12
       2177.50   1.46684e-12
       2180.00   1.47508e-12
       2182.50   1.21966e-12
       2185.00   9.19915e-13
       2187.50   6.20170e-13
       2190.00   3.20444e-13
       2192.50   9.26247e-13
       2195.00   1.53203e-12
       2197.50   2.35575e-12
       2200.00   2.98489e-12
       2202.50   2.93760e-12
       2205.00   2.97190e-12
       2207.50   3.05217e-12
       2210.00   2.55092e-12
       2212.50   1.59272e-12
       2215.00   1.67105e-12
       2217.50   1.47273e-12
       2220.00   7.05749e-13
       2222.50   7.78809e-14
       2225.00   1.16809e-13
       2227.50   1.55736e-13
       2230.00   1.94664e-13
       2232.50   2.33591e-13
       2235.00   2.72519e-13
       2237.50   2.99653e-13
       2240.00   9.39131e-13
       2242.50   2.49704e-12
       2245.00   3.25766e-12
       2247.50   3.70828e-12
       2250.00   4.29101e-12
       2252.50   4.97220e-12
       2255.00   6.21854e-12
       2257.50   6.64533e-12
       2260.00   6.02967e-12
       2262.50   5.52417e-12
       2265.00   5.21414e-12
       2267.50   5.38837e-12
       2270.00   5.73062e-12
       2272.50   6.15082e-12
       2275.00   6.50514e-12
       2277.50   6.09592e-12
       2280.00   5.48867e-12
       2282.50   4.66692e-12
       2285.00   3.64620e-12
       2287.50   2.59854e-12
       2290.00   2.20989e-12
       2292.50   1.94550e-12
       2295.00   1.38415e-12
       2297.50   1.12863e-12
       2300.00   1.15546e-12
       2302.50   1.33130e-12
       2305.00   1.69693e-12
       2307.50   1.69166e-12
       2310.00   1.71135e-12
       2312.50   2.03408e-12
       2315.00   2.43405e-12
       2317.50   3.23969e-12
       2320.00   4.64496e-12
       2322.50   6.52198e-12
       2325.00   7.56261e-12
       2327.50   8.56847e-12
       2330.00   9.36825e-12
       2332.50   9.73172e-12
       2335.00   9.04468e-12
       2337.50   8.43597e-12
       2340.00   7.87960e-12
       2342.50   6.59921e-12
       2345.00   4.65009e-12
       2347.50   3.51988e-12
       2350.00   2.85623e-12
       2352.50   3.03240e-12
       2355.00   3.56747e-12
       2357.50   5.23977e-12
       2360.00   5.88325e-12
       2362.50   5.99160e-12
       2365.00   7.13728e-12
       2367.50   8.28260e-12
       2370.00   7.99783e-12
       2372.50   8.32213e-12
       2375.00   9.83568e-12
       2377.50   9.56811e-12
       2380.00   8.73794e-12
       2382.50   8.19365e-12
       2385.00   7.83933e-12
       2387.50   7.82213e-12
       2390.00   7.80529e-12
       2392.50   7.90119e-12
       2395.00   7.17535e-12
       2397.50   4.68376e-12
       2400.00   4.14496e-12
       2402.50   4.36568e-12
       2405.00   2.84649e-12
       2407.50   4.78588e-13
       2410.00   1.23606e-12
       2412.50   2.11692e-12
       2415.00   3.15480e-12
       2417.50   4.62446e-12
       2420.00   6.86166e-12
       2422.50   7.53736e-12
       2425.00   7.71269e-12
       2427.50   7.80639e-12
       2430.00   7.90009e-12
       2432.50   6.14899e-12
       2435.00   4.76136e-12
       2437.50   3.91875e-12
       2440.00   4.32468e-12
       2442.50   5.04284e-12
       2445.00   6.01722e-12
       2447.50   6.99855e-12
       2450.00   7.29980e-12
       2452.50   7.83531e-12
       2455.00   8.58714e-12
       2457.50   9.29834e-12
       2460.00   9.95830e-12
       2462.50   1.05502e-11
       2465.00   1.06783e-11
       2467.50   9.37740e-12
       2470.00   8.37081e-12
       2472.50   8.90925e-12
       2475.00   9.15010e-12
       2477.50   9.06884e-12
       2480.00   9.83129e-12
       2482.50   1.07090e-11
       2485.00   8.63436e-12
       2487.50   6.60983e-12
       2490.00   7.73611e-12
       2492.50   7.70317e-12
       2495.00   6.89680e-12
       2497.50   7.02820e-12
       2500.00   8.02491e-12
       2502.50   8.02967e-12
       2505.00   8.15229e-12
       2507.50   8.71013e-12
       2510.00   9.14571e-12
       2512.50   9.19439e-12
       2515.00   8.27784e-12
       2517.50   6.81810e-12
       2520.00   6.27308e-12
       2522.50   5.76576e-12
       2525.00   6.99782e-12
       2527.50   8.58201e-12
       2530.00   1.04609e-11
       2532.50   1.15948e-11
       2535.00   1.23785e-11
       2537.50   1.25747e-11
       2540.00   1.23792e-11
       2542.50   1.29653e-11
       2545.00   1.32391e-11
       2547.50   1.30447e-11
       2550.00   1.27482e-11
       2552.50   1.22339e-11
       2555.00   1.20447e-11
       2557.50   1.20754e-11
       2560.00   1.27896e-11
       2562.50   1.35059e-11
       2565.00   1.42738e-11
       2567.50   1.45524e-11
       2570.00   1.39605e-11
       2572.50   1.20165e-11
       2575.00   9.64497e-12
       2577.50   7.90229e-12
       2580.00   6.55602e-12
       2582.50   6.36605e-12
       2585.00   7.28479e-12
       2587.50   9.40486e-12
       2590.00   1.12039e-11
       2592.50   1.25220e-11
       2595.00   1.31322e-11
       2597.50   1.35656e-11
       2600.00   1.48317e-11
       2602.50   1.64126e-11
       2605.00   1.79283e-11
       2607.50   1.94096e-11
       2610.00   2.08591e-11
       2612.50   2.14953e-11
       2615.00   2.10952e-11
       2617.50   2.08386e-11
       2620.00   2.06249e-11
       2622.50   2.03987e-11
       2625.00   2.03844e-11
       2627.50   2.28039e-11
       2630.00   2.48716e-11
       2632.50   2.65575e-11
       2635.00   2.79225e-11
       2637.50   2.92431e-11
       2640.00   2.90594e-11
       2642.50   2.85206e-11
       2645.00   2.80660e-11
       2647.50   2.76970e-11
       2650.00   2.73855e-11
       2652.50   2.78936e-11
       2655.00   2.91578e-11
       2657.50   2.98562e-11
       2660.00   3.05169e-11
       2662.50   3.12135e-11
       2665.00   3.15872e-11
       2667.50   3.02662e-11
       2670.00   3.01655e-11
       2672.50   3.10246e-11
       2675.00   3.13694e-11
       2677.50   3.16930e-11
       2680.00   3.37153e-11
       2682.50   3.54811e-11
       2685.00   3.59920e-11
       2687.50   3.53903e-11
       2690.00   3.42647e-11
       2692.50   3.14902e-11
       2695.00   2.76161e-11
       2697.50   2.42069e-11
       2700.00   2.32336e-11
       2702.50   2.23617e-11
       2705.00   2.62274e-11
       2707.50   2.98617e-11
       2710.00   3.12387e-11
       2712.50   3.16531e-11
       2715.00   3.16147e-11
       2717.50   2.95707e-11
       2720.00   2.61897e-11
       2722.50   2.78877e-11
       2725.00   2.98617e-11
       2727.50   3.24236e-11
       2730.00   3.47841e-11
       2732.50   3.65060e-11
       2735.00   3.73281e-11
       2737.50   3.76246e-11
       2740.00   3.74269e-11
       2742.50   3.72329e-11
       2745.00   3.83383e-11
       2747.50   3.92900e-11
       2750.00   3.98683e-11
       2752.50   4.06004e-11
       2755.00   4.13837e-11
       2757.50   4.07505e-11
       2760.00   4.00111e-11
       2762.50   4.57249e-11
       2765.00   5.06078e-11
       2767.50   5.45902e-11
       2770.00   5.91070e-11
       2772.50   6.44182e-11
       2775.00   6.40924e-11
       2777.50   6.14606e-11
       2780.00   5.80346e-11
       2782.50   5.47366e-11
       2785.00   5.44914e-11
       2787.50   6.02308e-11
       2790.00   7.35837e-11
       2792.50   8.06957e-11
       2795.00   8.66181e-11
       2797.50   9.37448e-11
       2800.00   9.71745e-11
       2802.50   7.92206e-11
       2805.00   6.98648e-11
       2807.50   6.72659e-11
       2810.00   6.32835e-11
       2812.50   5.78076e-11
       2815.00   6.03296e-11
       2817.50   6.39423e-11
       2820.00   6.58457e-11
       2822.50   6.68450e-11
       2825.00   6.43706e-11
       2827.50   6.31956e-11
       2830.00   6.32103e-11
       2832.50   6.23611e-11
       2835.00   6.04028e-11
       2837.50   6.14131e-11
       2840.00   6.19841e-11
       2842.50   5.93779e-11
       2845.00   5.58860e-11
       2847.50   4.77454e-11
       2850.00   4.08237e-11
       2852.50   3.48669e-11
       2855.00   3.58120e-11
       2857.50   3.70462e-11
       2860.00   4.25916e-11
       2862.50   4.90301e-11
       2865.00   5.62630e-11
       2867.50   6.07469e-11
       2870.00   6.34006e-11
       2872.50   6.74489e-11
       2875.00   7.27894e-11
       2877.50   7.58018e-11
       2880.00   7.83604e-11
       2882.50   8.03809e-11
       2885.00   8.35068e-11
       2887.50   9.01393e-11
       2890.00   9.76320e-11
       2892.50   1.05747e-10
       2895.00   1.17153e-10
       2897.50   1.28555e-10
       2900.00   1.36033e-10
       2902.50   1.43064e-10
       2905.00   1.49609e-10
       2907.50   1.52405e-10
       2910.00   1.54016e-10
       2912.50   1.56029e-10
       2915.00   1.58309e-10
       2917.50   1.56713e-10
       2920.00   1.54440e-10
       2922.50   1.51153e-10
       2925.00   1.48536e-10
       2927.50   1.47350e-10
       2930.00   1.44191e-10
       2932.50   1.40721e-10
       2935.00   1.40601e-10
       2937.50   1.40326e-10
       2940.00   1.36355e-10
       2942.50   1.35011e-10
       2945.00   1.37017e-10
       2947.50   1.35037e-10
       2950.00   1.32295e-10
       2952.50   1.38053e-10
       2955.00   1.45008e-10
       2957.50   1.44180e-10
       2960.00   1.41593e-10
       2962.50   1.37094e-10
       2965.00   1.27954e-10
       2967.50   1.11852e-10
       2970.00   1.15008e-10
       2972.50   1.22574e-10
       2975.00   1.28540e-10
       2977.50   1.34708e-10
       2980.00   1.42372e-10
       2982.50   1.44719e-10
       2985.00   1.42153e-10
       2987.50   1.40970e-10
       2990.00   1.39909e-10
       2992.50   1.35348e-10
       2995.00   1.29104e-10
       2997.50   1.19627e-10
       3000.00   1.15743e-10
       3002.50   1.15004e-10
       3005.00   1.20806e-10
       3007.50   1.33697e-10
       3010.00   1.37702e-10
       3012.50   1.38324e-10
       3015.00   1.33361e-10
       3017.50   1.28906e-10
       3020.00   1.26472e-10
       3022.50   1.29967e-10
       3025.00   1.37420e-10
       3027.50   1.55711e-10
       3030.00   1.84009e-10
       3032.50   1.86036e-10
       3035.00   1.86717e-10
       3037.50   1.89389e-10
       3040.00   1.88397e-10
       3042.50   1.75813e-10
       3045.00   1.84462e-10
       3047.50   2.05063e-10
       3050.00   1.99905e-10
       3052.50   1.93675e-10
       3055.00   1.98372e-10
       3057.50   1.99832e-10
       3060.00   1.89126e-10
       3062.50   1.97416e-10
       3065.00   2.14642e-10
       3067.50   2.32252e-10
       3070.00   2.50118e-10
       3072.50   2.65616e-10
       3075.00   2.74840e-10
       3077.50   2.74657e-10
       3080.00   2.74159e-10
       3082.50   2.72991e-10
       3085.00   2.67442e-10
       3087.50   2.60652e-10
       3090.00   2.57281e-10
       3092.50   2.54027e-10
       3095.00   2.53573e-10
       3097.50   2.62032e-10
       3100.00   2.86344e-10
       3102.50   3.08808e-10
       3105.00   3.30689e-10
       3107.50   3.55418e-10
       3110.00   3.78552e-10
       3112.50   3.67644e-10
       3115.00   3.58522e-10
       3117.50   3.51289e-10
       3120.00   3.43357e-10
       3122.50   3.34371e-10
       3125.00   3.36772e-10
       3127.50   3.42680e-10
       3130.00   3.51238e-10
       3132.50   3.60341e-10
       3135.00   3.73464e-10
       3137.50   3.87373e-10
       3140.00   4.02051e-10
       3142.50   4.06224e-10
       3145.00   4.08420e-10
       3147.50   4.09555e-10
       3150.00   4.08859e-10
       3152.50   4.00111e-10
       3155.00   3.89679e-10
       3157.50   3.77929e-10
       3160.00   3.60217e-10
       3162.50   3.36044e-10
       3165.00   3.56267e-10
       3167.50   3.84957e-10
       3170.00   4.19877e-10
       3172.50   4.55785e-10
       3175.00   4.95536e-10
       3177.50   5.00001e-10
       3180.00   4.80968e-10
       3182.50   4.70792e-10
       3185.00   4.60580e-10
       3187.50   4.54394e-10
       3190.00   4.54760e-10
       3192.50   4.74855e-10
       3195.00   4.81883e-10
       3197.50   4.81590e-10
       3200.00   4.86385e-10
       3202.50   4.80748e-10
       3205.00   4.75074e-10
       3207.50   4.69401e-10
       3210.00   4.63764e-10
       3212.50   4.58091e-10
       3215.00   4.52417e-10
       3217.50   4.46780e-10
       3220.00   4.41107e-10
       3222.50   4.56919e-10
       3225.00   4.72732e-10
       3227.50   4.88581e-10
       3230.00   5.04394e-10
       3232.50   5.20206e-10
       3235.00   5.36056e-10
       3237.50   5.51868e-10
       3240.00   5.67681e-10
       3260.00   6.35507e-10
       3270.00   6.50734e-10
       3280.00   6.75551e-10
       3290.00   7.51466e-10
       3300.00   8.01210e-10
       3310.00   7.26173e-10
       3320.00   7.31078e-10
       3330.00   6.84628e-10
       3340.00   7.38801e-10
       3350.00   7.34519e-10
       3360.00   7.03626e-10
       3370.00   6.20719e-10
       3380.00   6.90046e-10
       3390.00   7.63765e-10
       3400.00   7.87886e-10
       3410.00   7.21451e-10
       3420.00   7.41217e-10
       3430.00   7.35580e-10
       3440.00   6.22256e-10
       3450.00   6.56993e-10
       3460.00   7.37081e-10
       3470.00   6.86349e-10
       3480.00   7.32432e-10
       3490.00   7.35800e-10
       3500.00   7.68706e-10
       3510.00   8.63546e-10
       3520.00   7.47403e-10
       3530.00   8.08201e-10
       3540.00   9.31921e-10
       3550.00   8.80127e-10
       3560.00   7.14790e-10
       3570.00   6.18047e-10
       3580.00   6.05822e-10
       3590.00   6.59116e-10
       3600.00   7.20756e-10
       3610.00   6.99489e-10
       3620.00   7.84336e-10
       3630.00   8.37594e-10
       3640.00   7.95500e-10
       3650.00   9.39314e-10
       3660.00   1.05795e-09
       3670.00   1.08694e-09
       3680.00   1.00132e-09
       3690.00   1.03679e-09
       3700.00   9.28699e-10
       3710.00   7.70097e-10
       3720.00   7.07323e-10
       3730.00   6.00880e-10
       3740.00   5.55016e-10
       3750.00   6.47293e-10
       3760.00   7.22220e-10
       3770.00   9.30603e-10
       3780.00   1.03712e-09
       3790.00   8.57213e-10
       3800.00   8.14973e-10
       3810.00   7.80749e-10
       3820.00   5.77783e-10
       3830.00   5.77491e-10
       3840.00   6.22952e-10
       3850.00   6.93706e-10
       3860.00   6.69731e-10
       3870.00   6.60983e-10
       3880.00   7.19438e-10
       3890.00   8.42425e-10
       3900.00   8.82726e-10
       3910.00   1.01585e-09
       3920.00   8.53443e-10
       3930.00   7.41034e-10
       3940.00   8.66327e-10
       3950.00   1.01036e-09
       3960.00   9.23612e-10
       3970.00   1.00732e-09
       3980.00   1.37405e-09
       3990.00   1.76860e-09
       4000.00   1.86066e-09
       4010.00   2.00162e-09
       4020.00   1.95861e-09
       4030.00   1.78917e-09
       4040.00   1.77757e-09
       4050.00   1.78990e-09
       4060.00   1.76955e-09
       4070.00   1.84627e-09
       4080.00   2.03115e-09
       4090.00   2.16699e-09
       4100.00   2.07299e-09
       4110.00   2.13079e-09
       4120.00   2.10802e-09
       4130.00   2.05015e-09
       4140.00   1.85253e-09
       4150.00   1.97618e-09
       4160.00   2.03489e-09
       4170.00   2.05392e-09
       4180.00   1.99316e-09
       4190.00   1.93291e-09
       4200.00   2.01329e-09
       4210.00   2.11304e-09
       4220.00   1.78800e-09
       4230.00   1.76772e-09
       4240.00   1.92786e-09
       4250.00   1.98968e-09
       4260.00   1.97109e-09
       4270.00   2.00890e-09
       4280.00   1.96428e-09
       4290.00   1.91278e-09
       4300.00   1.75579e-09
       4310.00   2.14499e-09
       4320.00   2.43573e-09
       4330.00   2.58782e-09
       4340.00   2.63028e-09
       4350.00   2.80824e-09
       4360.00   2.90195e-09
       4370.00   2.73771e-09
       4380.00   2.41937e-09
       4390.00   2.61926e-09
       4400.00   2.54525e-09
       4410.00   2.70261e-09
       4420.00   2.87673e-09
       4430.00   2.88306e-09
       4440.00   3.02197e-09
       4450.00   2.86051e-09
       4460.00   2.82644e-09
       4470.00   3.27018e-09
       4480.00   3.32603e-09
       4490.00   3.35982e-09
       4500.00   3.51040e-09
       4510.00   3.53756e-09
       4520.00   3.24946e-09
       4530.00   3.15429e-09
       4540.00   3.39371e-09
       4550.00   3.57779e-09
       4560.00   3.55517e-09
       4570.00   3.58013e-09
       4580.00   3.56081e-09
       4590.00   3.54478e-09
       4600.00   3.55620e-09
       4610.00   3.67534e-09
       4620.00   3.55733e-09
       4630.00   3.62611e-09
       4640.00   3.57223e-09
       4650.00   3.59086e-09
       4660.00   3.55598e-09
       4670.00   3.49024e-09
       4680.00   3.57801e-09
       4690.00   3.46505e-09
       4700.00   3.48057e-09
       4710.00   3.59730e-09
       4720.00   3.57007e-09
       4730.00   3.60825e-09
       4740.00   3.68559e-09
       4750.00   3.60704e-09
       4760.00   3.52702e-09
       4770.00   3.52398e-09
       4780.00   3.47812e-09
       4790.00   3.73098e-09
       4800.00   3.81590e-09
       4810.00   3.79540e-09
       4820.00   3.69657e-09
       4830.00   3.59258e-09
       4840.00   3.63855e-09
       4850.00   3.53083e-09
       4860.00   3.42018e-09
       4870.00   3.48357e-09
       4880.00   3.33654e-09
       4890.00   3.48449e-09
       4900.00   3.63164e-09
       4910.00   3.42428e-09
       4920.00   3.38555e-09
       4930.00   3.52801e-09
       4940.00   3.41202e-09
       4950.00   3.47863e-09
       4960.00   3.47325e-09
       4970.00   3.44983e-09
       4980.00   3.29726e-09
       4990.00   3.24741e-09
       5000.00   3.19701e-09
       5010.00   3.11820e-09
       5020.00   3.23965e-09
       5030.00   3.24745e-09
       5040.00   3.06542e-09
       5050.00   3.18335e-09
       5060.00   3.13295e-09
       5070.00   2.95693e-09
       5080.00   2.98625e-09
       5090.00   3.02095e-09
       5100.00   2.82929e-09
       5110.00   2.92018e-09
       5120.00   2.96311e-09
       5130.00   2.87501e-09
       5140.00   2.81706e-09
       5150.00   2.78976e-09
       5160.00   2.54108e-09
       5170.00   2.26549e-09
       5180.00   2.46377e-09
       5190.00   2.84613e-09
       5200.00   2.75242e-09
       5210.00   2.98101e-09
       5220.00   3.21593e-09
       5230.00   3.29283e-09
       5240.00   3.40067e-09
       5250.00   3.39177e-09
       5260.00   2.98617e-09
       5270.00   3.08507e-09
       5280.00   3.59697e-09
       5290.00   3.54836e-09
       5300.00   3.53416e-09
       5310.00   3.64368e-09
       5320.00   3.35777e-09
       5330.00   3.30916e-09
       5340.00   3.50876e-09
       5350.00   3.67863e-09
       5360.00   3.50202e-09
       5370.00   3.56619e-09
       5380.00   3.68815e-09
       5390.00   3.53786e-09
       5400.00   3.32201e-09
       5410.00   3.49957e-09
       5420.00   3.64924e-09
       5430.00   3.71853e-09
       5440.00   3.78076e-09
       5450.00   3.78588e-09
       5460.00   3.76099e-09
       5470.00   3.72475e-09
       5480.00   3.80016e-09
       5490.00   3.89679e-09
       5500.00   3.89386e-09
       5510.00   3.83566e-09
       5520.00   3.77051e-09
       5530.00   3.82981e-09
       5540.00   3.94657e-09
       5550.00   3.98317e-09
       5560.00   3.81407e-09
       5570.00   3.78588e-09
       5580.00   3.63643e-09
       5590.00   3.66985e-09
       5600.00   3.87300e-09
       5610.00   3.90887e-09
       5620.00   3.85982e-09
       5630.00   3.88800e-09
       5640.00   3.99013e-09
       5650.00   3.90265e-09
       5660.00   3.95828e-09
       5670.00   3.98610e-09
       5680.00   3.89240e-09
       5690.00   3.98903e-09
       5700.00   3.92351e-09
       5710.00   3.80748e-09
       5720.00   3.97109e-09
       5730.00   4.08932e-09
       5740.00   4.17973e-09
       5760.00   4.23830e-09
       5780.00   4.22219e-09
       5800.00   4.20316e-09
       5820.00   4.15448e-09
       5840.00   4.21121e-09
       5860.00   4.05565e-09
       5880.00   3.77051e-09
       5900.00   3.82212e-09
       5920.00   4.01831e-09
       5940.00   4.17131e-09
       5960.00   4.17790e-09
       5980.00   4.16582e-09
       6000.00   4.15924e-09
       6020.00   4.17827e-09
       6040.00   4.19291e-09
       6060.00   4.21121e-09
       6080.00   4.10506e-09
       6100.00   4.12885e-09
       6120.00   4.15850e-09
       6140.00   4.01648e-09
       6160.00   4.01685e-09
       6180.00   4.02856e-09
       6200.00   4.15631e-09
       6220.00   3.98281e-09
       6240.00   3.99745e-09
       6260.00   3.94620e-09
       6280.00   3.90411e-09
       6300.00   4.02527e-09
       6320.00   4.00001e-09
       6340.00   3.92461e-09
       6360.00   4.06516e-09
       6380.00   4.04796e-09
       6400.00   3.90045e-09
       6420.00   3.94108e-09
       6440.00   3.86824e-09
       6460.00   3.96158e-09
       6480.00   4.00074e-09
       6500.00   4.00550e-09
       6520.00   4.01502e-09
       6540.00   3.95389e-09
       6560.00   3.89350e-09
       6580.00   3.88544e-09
       6600.00   3.98464e-09
       6620.00   3.97585e-09
       6640.00   3.85360e-09
       6660.00   3.93303e-09
       6680.00   3.91473e-09
       6700.00   3.89386e-09
       6720.00   3.95426e-09
       6740.00   3.98244e-09
       6760.00   3.96121e-09
       6780.00   3.99855e-09
       6800.00   3.88361e-09
       6820.00   3.93046e-09
       6840.00   3.97658e-09
       6860.00   3.85140e-09
       6880.00   3.77746e-09
       6900.00   3.84225e-09
       6920.00   3.86385e-09
       6940.00   3.87666e-09
       6960.00   3.87483e-09
       6980.00   3.82761e-09
       7000.00   3.65352e-09
       7020.00   3.82248e-09
       7040.00   3.84335e-09
       7060.00   3.77051e-09
       7080.00   3.81370e-09
       7100.00   3.77014e-09
       7120.00   3.66326e-09
       7140.00   3.65576e-09
       7160.00   3.67022e-09
       7180.00   3.82248e-09
       7200.00   3.83127e-09
       7220.00   3.78661e-09
       7240.00   3.71450e-09
       7260.00   3.67754e-09
       7280.00   3.68852e-09
       7300.00   3.70206e-09
       7320.00   3.65074e-09
       7340.00   3.53976e-09
       7360.00   3.49196e-09
       7380.00   3.55674e-09
       7400.00   3.51729e-09
       7420.00   3.51253e-09
       7440.00   3.58013e-09
       7460.00   3.60894e-09
       7480.00   3.52607e-09
       7500.00   3.56059e-09
       7520.00   3.45700e-09
       7540.00   3.50532e-09
       7560.00   3.52966e-09
       7580.00   3.16816e-09
       7600.00   3.16311e-09
       7620.00   4.01502e-09
       7640.00   3.72512e-09
       7660.00   3.54628e-09
       7680.00   3.24650e-09
       7700.00   3.32559e-09
       7720.00   3.35133e-09
       7740.00   3.45846e-09
       7760.00   3.42025e-09
       7780.00   3.37512e-09
       7800.00   3.49701e-09
       7820.00   3.48453e-09
       7840.00   3.46139e-09
       7860.00   3.49961e-09
       7880.00   3.37259e-09
       7900.00   3.40180e-09
       7920.00   3.47164e-09
       7940.00   3.39236e-09
       7960.00   3.42109e-09
       7980.00   3.39170e-09
       8000.00   3.39913e-09
       8020.00   3.38903e-09
       8040.00   3.37574e-09
       8060.00   3.39335e-09
       8080.00   3.21611e-09
       8100.00   3.30385e-09
       8120.00   3.36685e-09
       8140.00   3.35034e-09
       8160.00   3.31729e-09
       8180.00   3.26611e-09
       8200.00   3.28335e-09
       8220.00   3.22611e-09
       8240.00   3.21048e-09
       8260.00   3.33529e-09
       8280.00   3.21205e-09
       8300.00   3.22896e-09
       8320.00   3.06384e-09
       8340.00   2.98035e-09
       8360.00   3.17318e-09
       8380.00   3.13273e-09
       8400.00   3.14302e-09
       8420.00   3.17212e-09
       8440.00   3.01018e-09
       8460.00   3.13910e-09
       8480.00   3.02047e-09
       8500.00   3.01556e-09
       8520.00   2.94316e-09
       8540.00   2.91571e-09
       8560.00   2.98258e-09
       8580.00   3.09576e-09
       8600.00   2.98650e-09
       8620.00   3.07007e-09
       8640.00   2.97687e-09
       8660.00   2.95275e-09
       8680.00   3.01157e-09
       8700.00   2.96381e-09
       8720.00   2.95758e-09
       8740.00   2.92812e-09
       8760.00   2.97860e-09
       8780.00   2.92160e-09
       8800.00   2.72442e-09
       8820.00   2.88808e-09
       8840.00   2.84075e-09
       8860.00   2.91454e-09
       8880.00   2.97201e-09
       8900.00   2.88269e-09
       8920.00   2.82922e-09
       8940.00   2.92387e-09
       8960.00   2.87201e-09
       8980.00   3.00561e-09
       9000.00   2.98398e-09
       9020.00   3.06106e-09
       9040.00   3.09390e-09
       9060.00   2.99477e-09
       9080.00   2.87622e-09
       9100.00   3.03837e-09
       9120.00   2.93672e-09
       9140.00   2.89591e-09
       9160.00   2.75594e-09
       9180.00   2.87607e-09
       9200.00   2.85305e-09
       9220.00   2.77779e-09
       9240.00   2.77105e-09
       9260.00   2.71362e-09
       9280.00   2.67863e-09
       9300.00   2.73668e-09
       9320.00   2.78639e-09
       9340.00   3.29005e-09
       9360.00   2.98760e-09
       9380.00   2.95341e-09
       9400.00   2.92446e-09
       9420.00   2.68496e-09
       9440.00   2.88346e-09
       9460.00   2.97325e-09
       9480.00   2.88398e-09
       9500.00   2.79532e-09
       9520.00   2.66933e-09
       9540.00   2.72669e-09
       9560.00   2.73354e-09
       9580.00   2.70634e-09
       9600.00   2.80268e-09
       9620.00   2.75129e-09
       9640.00   2.64759e-09
       9660.00   2.67841e-09
       9680.00   2.59730e-09
       9700.00   2.59009e-09
       9720.00   2.55597e-09
       9740.00   2.58529e-09
       9760.00   2.58994e-09
       9780.00   2.54788e-09
       9800.00   2.52482e-09
       9820.00   2.53299e-09
       9840.00   2.50546e-09
       9860.00   2.44155e-09
       9880.00   2.37801e-09
       9900.00   2.40817e-09
       9920.00   2.40070e-09
       9940.00   2.34038e-09
       9960.00   2.36465e-09
       9980.00   2.39543e-09
       10000.0   2.35026e-09
       10020.0   2.35751e-09
       10040.0   2.39561e-09
       10060.0   2.36300e-09
       10080.0   2.38866e-09
       10100.0   2.38255e-09
       10120.0   2.30023e-09
       10140.0   2.29448e-09
       10160.0   2.25736e-09
       10180.0   2.29682e-09
       10200.0   2.23756e-09
       10220.0   2.22881e-09
       10240.0   2.15531e-09
       10260.0   2.26113e-09
       10280.0   2.19020e-09
       10300.0   2.20480e-09
       10320.0   2.17431e-09
       10340.0   2.17215e-09
       10360.0   2.20429e-09
       10380.0   2.22362e-09
       10400.0   2.11113e-09
       10420.0   2.18617e-09
       10440.0   2.13174e-09
       10460.0   2.19686e-09
       10480.0   2.19968e-09
       10500.0   2.20037e-09
       10520.0   2.25444e-09
       10540.0   2.17065e-09
       10560.0   2.11055e-09
       10580.0   2.11849e-09
       10600.0   2.12006e-09
       10800.0   2.04539e-09
       11000.0   1.97204e-09
       11200.0   1.90074e-09
       11400.0   1.83229e-09
       11600.0   1.76721e-09
       11800.0   1.70590e-09
       12000.0   1.64883e-09
       12200.0   1.59631e-09
       12400.0   1.54865e-09
       12600.0   1.50634e-09
       12800.0   1.46465e-09
       13000.0   1.42603e-09
       13200.0   1.38635e-09
       13400.0   1.35011e-09
       13600.0   1.31944e-09
       13800.0   1.28221e-09
       14000.0   1.24847e-09
       14200.0   1.21230e-09
       14400.0   1.18057e-09
       14600.0   1.14982e-09
       14800.0   1.11907e-09
       15000.0   1.10268e-09
       15200.0   1.08631e-09
       15400.0   1.06699e-09
       15600.0   1.04960e-09
       15800.0   1.03328e-09
       16000.0   1.01541e-09
       16200.0   9.94585e-10
       16400.0   9.68304e-10
       16600.0   9.32067e-10
       16800.0   9.02345e-10
       17000.0   8.73575e-10
       17200.0   8.43853e-10
       17400.0   8.16583e-10
       17600.0   7.85837e-10
       17800.0   7.57066e-10
       18000.0   7.28333e-10
       18200.0   7.03040e-10
       18400.0   6.81224e-10
       18600.0   6.56956e-10
       18800.0   6.33604e-10
       19000.0   6.13764e-10
       19200.0   5.93962e-10
       19400.0   5.70682e-10
       19600.0   5.49855e-10
       19800.0   5.30016e-10
       20000.0   5.11165e-10
       20200.0   4.91326e-10
       20400.0   4.74233e-10
       20600.0   4.59848e-10
       20800.0   4.44474e-10
       21000.0   4.29101e-10
       21200.0   4.16473e-10
       21400.0   4.03808e-10
       21600.0   3.91180e-10
       21800.0   3.78552e-10
       22000.0   3.65890e-10
       22200.0   3.53244e-10
       22400.0   3.41604e-10
       22600.0   3.31198e-10
       22800.0   3.19035e-10
       23000.0   3.04664e-10
       23200.0   2.90784e-10
       23400.0   2.79137e-10
       23600.0   2.66501e-10
       23800.0   2.55546e-10
       24000.0   2.46615e-10
       24200.0   2.38935e-10
       24400.0   2.32640e-10
       24600.0   2.27039e-10
       24800.0   2.22676e-10
       25000.0   2.17211e-10
       25200.0   2.10425e-10
       25400.0   2.05454e-10
       25600.0   2.01051e-10
