       229.000       0.00000
       234.000       0.00000
       243.000       0.00000
       252.000       0.00000
       256.000       0.00000
       260.000       0.00000
       266.000       0.00000
       275.000       0.00000
       283.000       0.00000
       293.000       0.00000
       301.000       0.00000
       309.000       0.00000
       325.000       0.00000
       342.000       0.00000
       351.000       0.00000
       356.000       0.00000
       365.000       0.00000
       375.000       0.00000
       384.000       0.00000
       400.000       0.00000
       415.000       0.00000
       425.000       0.00000
       445.000       0.00000
       472.000       0.00000
       494.000       0.00000
       506.000       0.00000
       516.000       0.00000
       540.000       0.00000
       564.000       0.00000
       587.000       0.00000
       612.000       0.00000
       640.000       0.00000
       671.000       0.00000
       705.000       0.00000
       736.000       0.00000
       770.000       0.00000
       810.000       0.00000
       850.000       0.00000
       890.000       0.00000
       920.000       0.00000
       940.000       0.00000
       962.000       0.00000
       987.000       0.00000
       1012.00       0.00000
       1037.00       0.00000
       1062.00       0.00000
       1087.00       0.00000
       1112.00       0.00000
       1120.00       0.00000
       1140.00       0.00000
       1160.00       0.00000
       1180.00       0.00000
       1200.00       0.00000
       1220.00       0.00000
       1240.00       0.00000
       1260.00       0.00000
       1280.00       0.00000
       1300.00       0.00000
       1320.00       0.00000
       1340.00       0.00000
       1360.00       0.00000
       1380.00       0.00000
       1400.00       0.00000
       1420.00       0.00000
       1440.00       0.00000
       1460.00       0.00000
       1480.00       0.00000
       1500.00       0.00000
       1520.00       0.00000
       1540.00       0.00000
       1560.00       0.00000
       1580.00       0.00000
       1600.00       0.00000
       1620.00       0.00000
       1640.00       0.00000
       1660.00       0.00000
       1680.00       0.00000
       1700.00       0.00000
       1720.00       0.00000
       1740.00       0.00000
       1760.00       0.00000
       1780.00       0.00000
       1800.00       0.00000
       1820.00       0.00000
       1840.00       0.00000
       1860.00       0.00000
       1880.00       0.00000
       1900.00       0.00000
       1920.00       0.00000
       1940.00       0.00000
       1960.00       0.00000
       1980.00       0.00000
       2000.00   2.50993e-12
       2002.50   2.50993e-12
       2005.00   3.02237e-12
       2007.50   2.50307e-12
       2010.00   4.46289e-12
       2012.50   5.12798e-12
       2015.00   4.77619e-12
       2017.50   4.52206e-12
       2020.00   4.37430e-12
       2022.50   2.30111e-12
       2025.00   8.78274e-13
       2027.50   1.80294e-12
       2030.00   2.52812e-12
       2032.50   2.45537e-12
       2035.00   3.33800e-12
       2037.50   4.85751e-12
       2040.00   4.19206e-12
       2042.50   3.52645e-12
       2045.00   3.47697e-12
       2047.50   3.81631e-12
       2050.00   4.86841e-12
       2052.50   5.41152e-12
       2055.00   5.75677e-12
       2057.50   5.10729e-12
       2060.00   3.89799e-12
       2062.50   4.40044e-12
       2065.00   5.52079e-12
       2067.50   7.61301e-12
       2070.00   8.67092e-12
       2072.50   7.06917e-12
       2075.00   6.44801e-12
       2077.50   6.43530e-12
       2080.00   8.11510e-12
       2082.50   9.79454e-12
       2085.00   1.03794e-11
       2087.50   1.02988e-11
       2090.00   9.22020e-12
       2092.50   8.61755e-12
       2095.00   8.13398e-12
       2097.50   7.79199e-12
       2100.00   7.40245e-12
       2102.50   6.26213e-12
       2105.00   5.25614e-12
       2107.50   4.42077e-12
       2110.00   3.14780e-12
       2112.50   1.09672e-12
       2115.00   2.01198e-12
       2117.50   3.66056e-12
       2120.00   4.23962e-12
       2122.50   4.89890e-12
       2125.00   6.47560e-12
       2127.50   7.83011e-12
       2130.00   8.94465e-12
       2132.50   9.59450e-12
       2135.00   1.01808e-11
       2137.50   1.05751e-11
       2140.00   1.05112e-11
       2142.50   8.80851e-12
       2145.00   6.33837e-12
       2147.50   3.35619e-12
       2150.00   2.01300e-12
       2152.50   2.18251e-12
       2155.00   2.63246e-12
       2157.50   2.70638e-12
       2160.00   1.41972e-12
       2162.50   6.74861e-13
       2165.00   2.77521e-12
       2167.50   3.70558e-12
       2170.00   3.71720e-12
       2172.50   3.38980e-12
       2175.00   3.04840e-12
       2177.50   2.50231e-12
       2180.00   2.09233e-12
       2182.50   2.10409e-12
       2185.00   1.73974e-12
       2187.50   1.31218e-12
       2190.00   8.84627e-13
       2192.50   4.57071e-13
       2195.00   1.32122e-12
       2197.50   2.18537e-12
       2200.00   3.36033e-12
       2202.50   4.25777e-12
       2205.00   4.19024e-12
       2207.50   4.23925e-12
       2210.00   4.35361e-12
       2212.50   3.63878e-12
       2215.00   2.27192e-12
       2217.50   2.38359e-12
       2220.00   2.10075e-12
       2222.50   1.00668e-12
       2225.00   1.11091e-13
       2227.50   1.66622e-13
       2230.00   2.22150e-13
       2232.50   2.77673e-13
       2235.00   3.33201e-13
       2237.50   3.88746e-13
       2240.00   4.27447e-13
       2242.50   1.33959e-12
       2245.00   3.56189e-12
       2247.50   4.64695e-12
       2250.00   5.28954e-12
       2252.50   6.12090e-12
       2255.00   7.09241e-12
       2257.50   8.87023e-12
       2260.00   9.47941e-12
       2262.50   8.60121e-12
       2265.00   7.87985e-12
       2267.50   7.43730e-12
       2270.00   7.68598e-12
       2272.50   8.17427e-12
       2275.00   8.77402e-12
       2277.50   9.27902e-12
       2280.00   8.69560e-12
       2282.50   7.82938e-12
       2285.00   6.65676e-12
       2287.50   5.20095e-12
       2290.00   3.70667e-12
       2292.50   3.15227e-12
       2295.00   2.77510e-12
       2297.50   1.97437e-12
       2300.00   1.60991e-12
       2302.50   1.64814e-12
       2305.00   1.89901e-12
       2307.50   2.42055e-12
       2310.00   2.41304e-12
       2312.50   2.44114e-12
       2315.00   2.90148e-12
       2317.50   3.47203e-12
       2320.00   4.62117e-12
       2322.50   6.62590e-12
       2325.00   9.30298e-12
       2327.50   1.07875e-11
       2330.00   1.22222e-11
       2332.50   1.33632e-11
       2335.00   1.38817e-11
       2337.50   1.29015e-11
       2340.00   1.20331e-11
       2342.50   1.12398e-11
       2345.00   9.41298e-12
       2347.50   6.63279e-12
       2350.00   5.02088e-12
       2352.50   4.07407e-12
       2355.00   4.32566e-12
       2357.50   5.08877e-12
       2360.00   7.47397e-12
       2362.50   8.39210e-12
       2365.00   8.54676e-12
       2367.50   1.01808e-11
       2370.00   1.18145e-11
       2372.50   1.14083e-11
       2375.00   1.18708e-11
       2377.50   1.40298e-11
       2380.00   1.36482e-11
       2382.50   1.24644e-11
       2385.00   1.16874e-11
       2387.50   1.11821e-11
       2390.00   1.11578e-11
       2392.50   1.11338e-11
       2395.00   1.12703e-11
       2397.50   1.02353e-11
       2400.00   6.68072e-12
       2402.50   5.91252e-12
       2405.00   6.22728e-12
       2407.50   4.06027e-12
       2410.00   6.82702e-13
       2412.50   1.76315e-12
       2415.00   3.01961e-12
       2417.50   4.50028e-12
       2420.00   6.59649e-12
       2422.50   9.78800e-12
       2425.00   1.07515e-11
       2427.50   1.10013e-11
       2430.00   1.11353e-11
       2432.50   1.12689e-11
       2435.00   8.77112e-12
       2437.50   6.79181e-12
       2440.00   5.58977e-12
       2442.50   6.16919e-12
       2445.00   7.19333e-12
       2447.50   8.58342e-12
       2450.00   9.98295e-12
       2452.50   1.04124e-11
       2455.00   1.11766e-11
       2457.50   1.22487e-11
       2460.00   1.32638e-11
       2462.50   1.42048e-11
       2465.00   1.50492e-11
       2467.50   1.52318e-11
       2470.00   1.33763e-11
       2472.50   1.19405e-11
       2475.00   1.27083e-11
       2477.50   1.30521e-11
       2480.00   1.29359e-11
       2482.50   1.40236e-11
       2485.00   1.52754e-11
       2487.50   1.23162e-11
       2490.00   9.42823e-12
       2492.50   1.10351e-11
       2495.00   1.09879e-11
       2497.50   9.83774e-12
       2500.00   1.00251e-11
       2502.50   1.14471e-11
       2505.00   1.14536e-11
       2507.50   1.16290e-11
       2510.00   1.24244e-11
       2512.50   1.30456e-11
       2515.00   1.31149e-11
       2517.50   1.18076e-11
       2520.00   9.72556e-12
       2522.50   8.94792e-12
       2525.00   8.22438e-12
       2527.50   9.98223e-12
       2530.00   1.22418e-11
       2532.50   1.49214e-11
       2535.00   1.65391e-11
       2537.50   1.76570e-11
       2540.00   1.79369e-11
       2542.50   1.76580e-11
       2545.00   1.84941e-11
       2547.50   1.88848e-11
       2550.00   1.86074e-11
       2552.50   1.81841e-11
       2555.00   1.74507e-11
       2557.50   1.71810e-11
       2560.00   1.72246e-11
       2562.50   1.82433e-11
       2565.00   1.92652e-11
       2567.50   2.03605e-11
       2570.00   2.07577e-11
       2572.50   1.99136e-11
       2575.00   1.71403e-11
       2577.50   1.37579e-11
       2580.00   1.12721e-11
       2582.50   9.35162e-12
       2585.00   9.08043e-12
       2587.50   1.03910e-11
       2590.00   1.34152e-11
       2592.50   1.54268e-11
       2595.00   1.59194e-11
       2597.50   1.56119e-11
       2600.00   1.51040e-11
       2602.50   1.33767e-11
       2605.00   9.81959e-12
       2607.50   1.05823e-11
       2610.00   1.24248e-11
       2612.50   1.50242e-11
       2615.00   1.82883e-11
       2617.50   2.42676e-11
       2620.00   2.71857e-11
       2622.50   2.72787e-11
       2625.00   2.46510e-11
       2627.50   1.85591e-11
       2630.00   1.95637e-11
       2632.50   2.26521e-11
       2635.00   2.80570e-11
       2637.50   3.46390e-11
       2640.00   4.73989e-11
       2642.50   4.94973e-11
       2645.00   4.32166e-11
       2647.50   4.11800e-11
       2650.00   3.97205e-11
       2652.50   3.59903e-11
       2655.00   3.39837e-11
       2657.50   4.11437e-11
       2660.00   4.37176e-11
       2662.50   4.32312e-11
       2665.00   4.32820e-11
       2667.50   4.38265e-11
       2670.00   4.28681e-11
       2672.50   4.17826e-11
       2675.00   4.36341e-11
       2677.50   4.42259e-11
       2680.00   3.90525e-11
       2682.50   3.97532e-11
       2685.00   4.37576e-11
       2687.50   4.35216e-11
       2690.00   3.99456e-11
       2692.50   4.73045e-11
       2695.00   5.14214e-11
       2697.50   4.60230e-11
       2700.00   4.09222e-11
       2702.50   3.70086e-11
       2705.00   3.67036e-11
       2707.50   3.88020e-11
       2710.00   4.06790e-11
       2712.50   4.25523e-11
       2715.00   4.63061e-11
       2717.50   4.49447e-11
       2720.00   3.23631e-11
       2722.50   2.92467e-11
       2725.00   2.98105e-11
       2727.50   3.07875e-11
       2730.00   3.22502e-11
       2732.50   3.97968e-11
       2735.00   4.32203e-11
       2737.50   4.13942e-11
       2740.00   4.04285e-11
       2742.50   4.09839e-11
       2745.00   4.06427e-11
       2747.50   4.00836e-11
       2750.00   4.19714e-11
       2752.50   4.38592e-11
       2755.00   5.06046e-11
       2757.50   5.51934e-11
       2760.00   5.65476e-11
       2762.50   5.68925e-11
       2765.00   5.69905e-11
       2767.50   5.82139e-11
       2770.00   5.98658e-11
       2772.50   6.14559e-11
       2775.00   6.39137e-11
       2777.50   6.71775e-11
       2780.00   6.51953e-11
       2782.50   5.65439e-11
       2785.00   5.73426e-11
       2787.50   6.48141e-11
       2790.00   9.78510e-11
       2792.50   1.32304e-10
       2795.00   1.82995e-10
       2797.50   2.33379e-10
       2800.00   2.83420e-10
       2802.50   2.64622e-10
       2805.00   2.36435e-10
       2807.50   1.88997e-10
       2810.00   1.37158e-10
       2812.50   8.69560e-11
       2815.00   6.11582e-11
       2817.50   5.16283e-11
       2820.00   5.08079e-11
       2822.50   5.80288e-11
       2825.00   5.84027e-11
       2827.50   5.89909e-11
       2830.00   6.12925e-11
       2832.50   6.24579e-11
       2835.00   6.00074e-11
       2837.50   6.06463e-11
       2840.00   6.37104e-11
       2842.50   6.87640e-11
       2845.00   7.39010e-11
       2847.50   7.60757e-11
       2850.00   7.86823e-11
       2852.50   8.34345e-11
       2855.00   8.23236e-11
       2857.50   7.84572e-11
       2860.00   7.71430e-11
       2862.50   7.75278e-11
       2865.00   7.78328e-11
       2867.50   7.85734e-11
       2870.00   7.99711e-11
       2872.50   8.39355e-11
       2875.00   9.33565e-11
       2877.50   9.08878e-11
       2880.00   8.37976e-11
       2882.50   8.16919e-11
       2885.00   8.23890e-11
       2887.50   7.75460e-11
       2890.00   7.54512e-11
       2892.50   7.86496e-11
       2895.00   8.23309e-11
       2897.50   8.72610e-11
       2900.00   8.55402e-11
       2902.50   8.12853e-11
       2905.00   8.38157e-11
       2907.50   8.63498e-11
       2910.00   9.36506e-11
       2912.50   1.01848e-10
       2915.00   1.11389e-10
       2917.50   1.15546e-10
       2920.00   1.18356e-10
       2922.50   1.13872e-10
       2925.00   1.08223e-10
       2927.50   1.14867e-10
       2930.00   1.20214e-10
       2932.50   1.23921e-10
       2935.00   1.29265e-10
       2937.50   1.37528e-10
       2940.00   1.24872e-10
       2942.50   1.06898e-10
       2945.00   9.56909e-11
       2947.50   8.46471e-11
       2950.00   7.55129e-11
       2952.50   7.96988e-11
       2955.00   9.83157e-11
       2957.50   1.01739e-10
       2960.00   1.03090e-10
       2962.50   1.00537e-10
       2965.00   9.43077e-11
       2967.50   7.72991e-11
       2970.00   7.32149e-11
       2972.50   7.77529e-11
       2975.00   8.01454e-11
       2977.50   8.05483e-11
       2980.00   8.88076e-11
       2982.50   9.77348e-11
       2985.00   1.04048e-10
       2987.50   1.10590e-10
       2990.00   1.18337e-10
       2992.50   1.22041e-10
       2995.00   1.22556e-10
       2997.50   1.18207e-10
       3000.00   1.13658e-10
       3002.50   1.11102e-10
       3005.00   1.10140e-10
       3007.50   1.12565e-10
       3010.00   1.13048e-10
       3012.50   1.12612e-10
       3015.00   1.07504e-10
       3017.50   9.92741e-11
       3020.00   9.44493e-11
       3022.50   9.26304e-11
       3025.00   9.72011e-11
       3027.50   1.05489e-10
       3030.00   1.25551e-10
       3032.50   1.41953e-10
       3035.00   1.55673e-10
       3037.50   1.54449e-10
       3040.00   1.53222e-10
       3042.50   1.42709e-10
       3045.00   1.34903e-10
       3047.50   1.32620e-10
       3050.00   1.32754e-10
       3052.50   1.33658e-10
       3055.00   1.28252e-10
       3057.50   1.19125e-10
       3060.00   1.01365e-10
       3062.50   9.15667e-11
       3065.00   9.03977e-11
       3067.50   9.43403e-11
       3070.00   1.05958e-10
       3072.50   1.17604e-10
       3075.00   1.28129e-10
       3077.50   1.30332e-10
       3080.00   1.32957e-10
       3082.50   1.45787e-10
       3085.00   1.52827e-10
       3087.50   1.52489e-10
       3090.00   1.52046e-10
       3092.50   1.51411e-10
       3095.00   1.47555e-10
       3097.50   1.45515e-10
       3100.00   1.58348e-10
       3102.50   1.71331e-10
       3105.00   1.86016e-10
       3107.50   2.03406e-10
       3110.00   2.23725e-10
       3112.50   2.25540e-10
       3115.00   2.24836e-10
       3117.50   2.12667e-10
       3120.00   1.96130e-10
       3122.50   1.80247e-10
       3125.00   1.70445e-10
       3127.50   1.66256e-10
       3130.00   1.60832e-10
       3132.50   1.53832e-10
       3135.00   1.37477e-10
       3137.50   1.21082e-10
       3140.00   1.10213e-10
       3142.50   1.05050e-10
       3145.00   1.29871e-10
       3147.50   1.59329e-10
       3150.00   1.92431e-10
       3152.50   2.05428e-10
       3155.00   2.17583e-10
       3157.50   2.10870e-10
       3160.00   1.95833e-10
       3162.50   1.66009e-10
       3165.00   1.47878e-10
       3167.50   1.37550e-10
       3170.00   1.26760e-10
       3172.50   1.15546e-10
       3175.00   1.51422e-10
       3177.50   1.77521e-10
       3180.00   1.74152e-10
       3182.50   1.79376e-10
       3185.00   2.11825e-10
       3187.50   2.10166e-10
       3190.00   1.91091e-10
       3192.50   2.14689e-10
       3195.00   2.38283e-10
       3197.50   2.43242e-10
       3200.00   2.54246e-10
       3202.50   2.51287e-10
       3205.00   2.48329e-10
       3207.50   2.45370e-10
       3210.00   2.42407e-10
       3212.50   2.39449e-10
       3215.00   2.36490e-10
       3217.50   2.33531e-10
       3220.00   2.30572e-10
       3222.50   2.38842e-10
       3225.00   2.47112e-10
       3227.50   2.55386e-10
       3230.00   2.63656e-10
       3232.50   2.71930e-10
       3235.00   2.80200e-10
       3237.50   2.88470e-10
       3240.00   2.96744e-10
       3260.00   2.80305e-10
       3270.00   2.22237e-10
       3280.00   2.87770e-10
       3290.00   2.83540e-10
       3300.00   3.33288e-10
       3310.00   2.83812e-10
       3320.00   3.65584e-10
       3330.00   3.09523e-10
       3340.00   3.76512e-10
       3350.00   4.11110e-10
       3360.00   3.18810e-10
       3370.00   3.02219e-10
       3380.00   3.62640e-10
       3390.00   3.65766e-10
       3400.00   4.23163e-10
       3410.00   4.23562e-10
       3420.00   3.99710e-10
       3430.00   3.53764e-10
       3440.00   3.49059e-10
       3450.00   3.61634e-10
       3460.00   4.14885e-10
       3470.00   4.40589e-10
       3480.00   4.23163e-10
       3490.00   4.05555e-10
       3500.00   4.95045e-10
       3510.00   4.68652e-10
       3520.00   4.31150e-10
       3530.00   4.42840e-10
       3540.00   5.81304e-10
       3550.00   5.61228e-10
       3560.00   4.42404e-10
       3570.00   3.77746e-10
       3580.00   3.77202e-10
       3590.00   4.12780e-10
       3600.00   4.12489e-10
       3610.00   4.17427e-10
       3620.00   4.63025e-10
       3630.00   4.69487e-10
       3640.00   4.59540e-10
       3650.00   5.16937e-10
       3660.00   6.02143e-10
       3670.00   5.44274e-10
       3680.00   5.50010e-10
       3690.00   5.61845e-10
       3700.00   4.92177e-10
       3710.00   4.10710e-10
       3720.00   3.76875e-10
       3730.00   3.86568e-10
       3740.00   3.37376e-10
       3750.00   3.49770e-10
       3760.00   4.78418e-10
       3770.00   5.24089e-10
       3780.00   5.61083e-10
       3790.00   5.16283e-10
       3800.00   5.42822e-10
       3810.00   5.08006e-10
       3820.00   4.25632e-10
       3830.00   3.94519e-10
       3840.00   5.02234e-10
       3850.00   4.83682e-10
       3860.00   4.52206e-10
       3870.00   5.19188e-10
       3880.00   4.57616e-10
       3890.00   5.31713e-10
       3900.00   5.64060e-10
       3910.00   5.44855e-10
       3920.00   5.66710e-10
       3930.00   5.02234e-10
       3940.00   5.18026e-10
       3950.00   5.38393e-10
       3960.00   5.40244e-10
       3970.00   6.29771e-10
       3980.00   8.40699e-10
       3990.00   9.30116e-10
       4000.00   1.06491e-09
       4010.00   1.09229e-09
       4020.00   1.12158e-09
       4030.00   1.07050e-09
       4040.00   1.06927e-09
       4050.00   1.09614e-09
       4060.00   1.13905e-09
       4070.00   1.12463e-09
       4080.00   1.25181e-09
       4090.00   1.34616e-09
       4100.00   1.25362e-09
       4110.00   1.27740e-09
       4120.00   1.34979e-09
       4130.00   1.34391e-09
       4140.00   1.27007e-09
       4150.00   1.29385e-09
       4160.00   1.39906e-09
       4170.00   1.34467e-09
       4180.00   1.31774e-09
       4190.00   1.38294e-09
       4200.00   1.34838e-09
       4210.00   1.31734e-09
       4220.00   9.85698e-10
       4230.00   1.00421e-09
       4240.00   1.25635e-09
       4250.00   1.23681e-09
       4260.00   1.23594e-09
       4270.00   1.26887e-09
       4280.00   1.22872e-09
       4290.00   1.25406e-09
       4300.00   1.30035e-09
       4310.00   1.49287e-09
       4320.00   1.72260e-09
       4330.00   1.80254e-09
       4340.00   1.97993e-09
       4350.00   1.98211e-09
       4360.00   2.09505e-09
       4370.00   2.04909e-09
       4380.00   1.87733e-09
       4390.00   1.97056e-09
       4400.00   2.03457e-09
       4410.00   1.95328e-09
       4420.00   2.12173e-09
       4430.00   2.14192e-09
       4440.00   2.27555e-09
       4450.00   2.19855e-09
       4460.00   2.07766e-09
       4470.00   2.41565e-09
       4480.00   2.58581e-09
       4490.00   2.53593e-09
       4500.00   2.66586e-09
       4510.00   2.79401e-09
       4520.00   2.60719e-09
       4530.00   2.53945e-09
       4540.00   2.62073e-09
       4550.00   2.86310e-09
       4560.00   2.96167e-09
       4570.00   2.96479e-09
       4580.00   2.95880e-09
       4590.00   2.95608e-09
       4600.00   3.02742e-09
       4610.00   3.09396e-09
       4620.00   3.10576e-09
       4630.00   3.12478e-09
       4640.00   3.02858e-09
       4650.00   3.02850e-09
       4660.00   3.01656e-09
       4670.00   3.04528e-09
       4680.00   3.10035e-09
       4690.00   3.04996e-09
       4700.00   2.95630e-09
       4710.00   3.00694e-09
       4720.00   3.06463e-09
       4730.00   2.99812e-09
       4740.00   2.94304e-09
       4750.00   2.88692e-09
       4760.00   2.75161e-09
       4770.00   2.56915e-09
       4780.00   2.55154e-09
       4790.00   2.64495e-09
       4800.00   2.85875e-09
       4810.00   2.92340e-09
       4820.00   2.85047e-09
       4830.00   2.78345e-09
       4840.00   2.85236e-09
       4850.00   2.91730e-09
       4860.00   2.90246e-09
       4870.00   2.87403e-09
       4880.00   2.81191e-09
       4890.00   2.90638e-09
       4900.00   3.00796e-09
       4910.00   2.97666e-09
       4920.00   2.92660e-09
       4930.00   2.94795e-09
       4940.00   2.96450e-09
       4950.00   2.97768e-09
       4960.00   2.84858e-09
       4970.00   2.92471e-09
       4980.00   2.74170e-09
       4990.00   2.68615e-09
       5000.00   2.69781e-09
       5010.00   2.59819e-09
       5020.00   2.54558e-09
       5030.00   2.61834e-09
       5040.00   2.63355e-09
       5050.00   2.50049e-09
       5060.00   2.43765e-09
       5070.00   2.36439e-09
       5080.00   2.36290e-09
       5090.00   2.34842e-09
       5100.00   2.25736e-09
       5110.00   2.25065e-09
       5120.00   2.26840e-09
       5130.00   2.19739e-09
       5140.00   2.29574e-09
       5150.00   2.27163e-09
       5160.00   2.22792e-09
       5170.00   2.01547e-09
       5180.00   2.01104e-09
       5190.00   2.35038e-09
       5200.00   2.30609e-09
       5210.00   2.42320e-09
       5220.00   2.85493e-09
       5230.00   2.96693e-09
       5240.00   3.10220e-09
       5250.00   3.17499e-09
       5260.00   2.87606e-09
       5270.00   2.77517e-09
       5280.00   3.12653e-09
       5290.00   3.18922e-09
       5300.00   3.24982e-09
       5310.00   3.39859e-09
       5320.00   3.26227e-09
       5330.00   3.13996e-09
       5340.00   3.26543e-09
       5350.00   3.40280e-09
       5360.00   3.55473e-09
       5370.00   3.47156e-09
       5380.00   3.49661e-09
       5390.00   3.51800e-09
       5400.00   3.34312e-09
       5410.00   3.38171e-09
       5420.00   3.67036e-09
       5430.00   3.63297e-09
       5440.00   3.62789e-09
       5450.00   3.61834e-09
       5460.00   3.73063e-09
       5470.00   3.72664e-09
       5480.00   3.70485e-09
       5490.00   3.83446e-09
       5500.00   3.84281e-09
       5510.00   3.79525e-09
       5520.00   3.87004e-09
       5530.00   3.95499e-09
       5540.00   3.94809e-09
       5550.00   4.05374e-09
       5560.00   4.05011e-09
       5570.00   3.92014e-09
       5580.00   3.96007e-09
       5590.00   3.85624e-09
       5600.00   3.74951e-09
       5610.00   3.93176e-09
       5620.00   4.04575e-09
       5630.00   4.02106e-09
       5640.00   4.17245e-09
       5650.00   4.18915e-09
       5660.00   4.20259e-09
       5670.00   4.17717e-09
       5680.00   4.35688e-09
       5690.00   4.24470e-09
       5700.00   4.26067e-09
       5710.00   4.16701e-09
       5720.00   4.18988e-09
       5730.00   4.32566e-09
       5740.00   4.43965e-09
       5760.00   4.54748e-09
       5780.00   4.62335e-09
       5800.00   4.60157e-09
       5820.00   4.60629e-09
       5840.00   4.69669e-09
       5860.00   4.52751e-09
       5880.00   3.96806e-09
       5900.00   3.89618e-09
       5920.00   4.40407e-09
       5940.00   4.64114e-09
       5960.00   4.56599e-09
       5980.00   4.70177e-09
       6000.00   4.61137e-09
       6020.00   4.75405e-09
       6040.00   4.82085e-09
       6060.00   4.82883e-09
       6080.00   4.84263e-09
       6100.00   4.72028e-09
       6120.00   4.71956e-09
       6140.00   4.63533e-09
       6160.00   4.53150e-09
       6180.00   4.47305e-09
       6200.00   4.65131e-09
       6220.00   4.62117e-09
       6240.00   4.44473e-09
       6260.00   4.43058e-09
       6280.00   4.54457e-09
       6300.00   4.58632e-09
       6320.00   4.59140e-09
       6340.00   4.72101e-09
       6360.00   4.71920e-09
       6380.00   4.69233e-09
       6400.00   4.84662e-09
       6420.00   4.94138e-09
       6440.00   4.93521e-09
       6460.00   4.88329e-09
       6480.00   4.97042e-09
       6500.00   4.96643e-09
       6520.00   5.05211e-09
       6540.00   5.14686e-09
       6560.00   5.00890e-09
       6580.00   4.95517e-09
       6600.00   5.18026e-09
       6620.00   5.10003e-09
       6640.00   5.16102e-09
       6660.00   5.09712e-09
       6680.00   5.06663e-09
       6700.00   4.85171e-09
       6720.00   4.79798e-09
       6740.00   4.73517e-09
       6760.00   4.71956e-09
       6780.00   4.63061e-09
       6800.00   4.57906e-09
       6820.00   4.48975e-09
       6840.00   4.76276e-09
       6860.00   4.57071e-09
       6880.00   4.54203e-09
       6900.00   4.58378e-09
       6920.00   4.68180e-09
       6940.00   4.67817e-09
       6960.00   4.71593e-09
       6980.00   4.67708e-09
       7000.00   4.66438e-09
       7020.00   4.78781e-09
       7040.00   4.79217e-09
       7060.00   4.88002e-09
       7080.00   4.82775e-09
       7100.00   4.80959e-09
       7120.00   4.86223e-09
       7140.00   4.74497e-09
       7160.00   4.97224e-09
       7180.00   5.09240e-09
       7200.00   4.79180e-09
       7220.00   4.82520e-09
       7240.00   4.87131e-09
       7260.00   4.85316e-09
       7280.00   4.93012e-09
       7300.00   4.98930e-09
       7320.00   4.89963e-09
       7340.00   4.90580e-09
       7360.00   4.93738e-09
       7380.00   4.92504e-09
       7400.00   4.96788e-09
       7420.00   4.96171e-09
       7440.00   5.02016e-09
       7460.00   5.05356e-09
       7480.00   5.15485e-09
       7500.00   5.13706e-09
       7520.00   5.08442e-09
       7540.00   5.10838e-09
       7560.00   5.08151e-09
       7580.00   5.89763e-09
       7600.00   6.31876e-09
       7620.00   7.05211e-09
       7640.00   6.23926e-09
       7660.00   5.30297e-09
       7680.00   4.44691e-09
       7700.00   4.76784e-09
       7720.00   4.90144e-09
       7740.00   5.03686e-09
       7760.00   5.00745e-09
       7780.00   5.01290e-09
       7800.00   5.00201e-09
       7820.00   5.06663e-09
       7840.00   5.06227e-09
       7860.00   5.09494e-09
       7880.00   5.03831e-09
       7900.00   4.98785e-09
       7920.00   5.02669e-09
       7940.00   4.98385e-09
       7960.00   5.05247e-09
       7980.00   5.04303e-09
       8000.00   5.07026e-09
       8020.00   5.00346e-09
       8040.00   5.00092e-09
       8060.00   5.02633e-09
       8080.00   5.09240e-09
       8100.00   4.93738e-09
       8120.00   5.13924e-09
       8140.00   5.24270e-09
       8160.00   4.87676e-09
       8180.00   4.84626e-09
       8200.00   4.96280e-09
       8220.00   4.73299e-09
       8240.00   4.84190e-09
       8260.00   5.09313e-09
       8280.00   4.97696e-09
       8300.00   4.75768e-09
       8320.00   4.70903e-09
       8340.00   4.71193e-09
       8360.00   4.61428e-09
       8380.00   4.63860e-09
       8400.00   4.71484e-09
       8420.00   4.80814e-09
       8440.00   4.73481e-09
       8460.00   4.78781e-09
       8480.00   4.62335e-09
       8500.00   4.61065e-09
       8520.00   4.68797e-09
       8540.00   4.48648e-09
       8560.00   4.55728e-09
       8580.00   4.81940e-09
       8600.00   4.76203e-09
       8620.00   4.77910e-09
       8640.00   4.87567e-09
       8660.00   4.66801e-09
       8680.00   4.42150e-09
       8700.00   4.76095e-09
       8720.00   4.83973e-09
       8740.00   4.77038e-09
       8760.00   4.78527e-09
       8780.00   4.67055e-09
       8800.00   4.60883e-09
       8820.00   4.52170e-09
       8840.00   4.64441e-09
       8860.00   4.55800e-09
       8880.00   4.47342e-09
       8900.00   4.39827e-09
       8920.00   4.48431e-09
       8940.00   4.62408e-09
       8960.00   4.69124e-09
       8980.00   4.72464e-09
       9000.00   4.49592e-09
       9020.00   4.49012e-09
       9040.00   4.86369e-09
       9060.00   4.56091e-09
       9080.00   4.34925e-09
       9100.00   4.43312e-09
       9120.00   4.43929e-09
       9140.00   4.37830e-09
       9160.00   4.34308e-09
       9180.00   4.37612e-09
       9200.00   4.66147e-09
       9220.00   4.58995e-09
       9240.00   4.40879e-09
       9260.00   4.27447e-09
       9280.00   4.65566e-09
       9300.00   4.89890e-09
       9320.00   5.11782e-09
       9340.00   5.45835e-09
       9360.00   4.47414e-09
       9380.00   4.39790e-09
       9400.00   4.97151e-09
       9420.00   4.57144e-09
       9440.00   4.42622e-09
       9460.00   4.74715e-09
       9480.00   4.59358e-09
       9500.00   4.54711e-09
       9520.00   4.46470e-09
       9540.00   4.87349e-09
       9560.00   4.58197e-09
       9580.00   4.37503e-09
       9600.00   4.26321e-09
       9620.00   4.20767e-09
       9640.00   3.99747e-09
       9660.00   4.15503e-09
       9680.00   4.15684e-09
       9700.00   4.01707e-09
       9720.00   4.19278e-09
       9740.00   4.20041e-09
       9760.00   4.17971e-09
       9780.00   4.08060e-09
       9800.00   4.16664e-09
       9820.00   4.18806e-09
       9840.00   4.12235e-09
       9860.00   4.07806e-09
       9880.00   3.99384e-09
       9900.00   4.12526e-09
       9920.00   4.02760e-09
       9940.00   3.99129e-09
       9960.00   4.05410e-09
       9980.00   3.97822e-09
       10000.0   4.02615e-09
       10020.0   4.13542e-09
       10040.0   4.16229e-09
       10060.0   4.05265e-09
       10080.0   4.06209e-09
       10100.0   4.08750e-09
       10120.0   4.01780e-09
       10140.0   4.16120e-09
       10160.0   3.98730e-09
       10180.0   3.99347e-09
       10200.0   4.00146e-09
       10220.0   3.92014e-09
       10240.0   3.93393e-09
       10260.0   4.04720e-09
       10280.0   3.97532e-09
       10300.0   4.05737e-09
       10320.0   3.88274e-09
       10340.0   3.85406e-09
       10360.0   4.03450e-09
       10380.0   4.00945e-09
       10400.0   3.91941e-09
       10420.0   3.99638e-09
       10440.0   3.90489e-09
       10460.0   4.03667e-09
       10480.0   3.92232e-09
       10500.0   3.95898e-09
       10520.0   4.02397e-09
       10540.0   3.94228e-09
       10560.0   4.01562e-09
       10580.0   3.93756e-09
       10600.0   3.90489e-09
       10800.0   3.79997e-09
       11000.0   3.67218e-09
       11200.0   3.53117e-09
       11400.0   3.38581e-09
       11600.0   3.24328e-09
       11800.0   3.10993e-09
       12000.0   2.99104e-09
       12200.0   2.89098e-09
       12400.0   2.81376e-09
       12600.0   2.77056e-09
       12800.0   2.71585e-09
       13000.0   2.64782e-09
       13200.0   2.56410e-09
       13400.0   2.48031e-09
       13600.0   2.40509e-09
       13800.0   2.35880e-09
       14000.0   2.32812e-09
       14200.0   2.29323e-09
       14400.0   2.25399e-09
       14600.0   2.21489e-09
       14800.0   2.18298e-09
       15000.0   2.16421e-09
       15200.0   2.15589e-09
       15400.0   2.15274e-09
       15600.0   2.14947e-09
       15800.0   2.14174e-09
       16000.0   2.12623e-09
       16200.0   2.09959e-09
       16400.0   2.05853e-09
       16600.0   2.00098e-09
       16800.0   1.93172e-09
       17000.0   1.85686e-09
       17200.0   1.77935e-09
       17400.0   1.70118e-09
       17600.0   1.62436e-09
       17800.0   1.55099e-09
       18000.0   1.48296e-09
       18200.0   1.42189e-09
       18400.0   1.36722e-09
       18600.0   1.31770e-09
       18800.0   1.27210e-09
       19000.0   1.22963e-09
       19200.0   1.18991e-09
       19400.0   1.15263e-09
       19600.0   1.11741e-09
       19800.0   1.08394e-09
       20000.0   1.05188e-09
       20200.0   1.02124e-09
       20400.0   9.91978e-10
       20600.0   9.64170e-10
       20800.0   9.37776e-10
       21000.0   9.12763e-10
       21200.0   8.89056e-10
       21400.0   8.66511e-10
       21600.0   8.45128e-10
       21800.0   8.24579e-10
       22000.0   8.04467e-10
       22200.0   7.84354e-10
       22400.0   7.63697e-10
       22600.0   7.42205e-10
       22800.0   7.20495e-10
       23000.0   7.00019e-10
       23200.0   6.81214e-10
       23400.0   6.61537e-10
       23600.0   6.37649e-10
       23800.0   6.09186e-10
       24000.0   5.79598e-10
       24200.0   5.52624e-10
       24400.0   5.29534e-10
       24600.0   5.09204e-10
       24800.0   4.90435e-10
       25000.0   4.72646e-10
       25200.0   4.55764e-10
       25400.0   4.39754e-10
       25600.0   4.24579e-10
