       229.000       0.00000
       234.000       0.00000
       243.000       0.00000
       252.000       0.00000
       256.000       0.00000
       260.000       0.00000
       266.000       0.00000
       275.000       0.00000
       283.000       0.00000
       293.000       0.00000
       301.000       0.00000
       309.000       0.00000
       325.000       0.00000
       342.000       0.00000
       351.000       0.00000
       356.000       0.00000
       365.000       0.00000
       375.000       0.00000
       384.000       0.00000
       400.000       0.00000
       415.000       0.00000
       425.000       0.00000
       445.000       0.00000
       472.000       0.00000
       494.000       0.00000
       506.000       0.00000
       516.000       0.00000
       540.000       0.00000
       564.000       0.00000
       587.000       0.00000
       612.000       0.00000
       640.000       0.00000
       671.000       0.00000
       705.000       0.00000
       736.000       0.00000
       770.000       0.00000
       810.000       0.00000
       850.000       0.00000
       890.000       0.00000
       920.000       0.00000
       940.000       0.00000
       962.000       0.00000
       987.000       0.00000
       1012.00       0.00000
       1037.00       0.00000
       1062.00       0.00000
       1087.00       0.00000
       1112.00       0.00000
       1120.00       0.00000
       1140.00       0.00000
       1160.00       0.00000
       1180.00       0.00000
       1200.00       0.00000
       1220.00       0.00000
       1240.00       0.00000
       1260.00       0.00000
       1280.00       0.00000
       1300.00       0.00000
       1320.00       0.00000
       1340.00       0.00000
       1360.00       0.00000
       1380.00       0.00000
       1400.00       0.00000
       1420.00       0.00000
       1440.00       0.00000
       1460.00       0.00000
       1480.00       0.00000
       1500.00       0.00000
       1520.00       0.00000
       1540.00       0.00000
       1560.00       0.00000
       1580.00       0.00000
       1600.00       0.00000
       1620.00       0.00000
       1640.00       0.00000
       1660.00       0.00000
       1680.00       0.00000
       1700.00       0.00000
       1720.00       0.00000
       1740.00       0.00000
       1760.00       0.00000
       1780.00       0.00000
       1800.00       0.00000
       1820.00       0.00000
       1840.00       0.00000
       1860.00       0.00000
       1880.00       0.00000
       1900.00       0.00000
       1920.00       0.00000
       1940.00       0.00000
       1960.00       0.00000
       1980.00       0.00000
       2000.00   2.25166e-12
       2002.50   2.25166e-12
       2005.00   2.71138e-12
       2007.50   2.24554e-12
       2010.00   4.00352e-12
       2012.50   4.60046e-12
       2015.00   4.28478e-12
       2017.50   4.05680e-12
       2020.00   3.92415e-12
       2022.50   2.06432e-12
       2025.00   7.87910e-13
       2027.50   1.61743e-12
       2030.00   2.26797e-12
       2032.50   2.20270e-12
       2035.00   2.99452e-12
       2037.50   4.35763e-12
       2040.00   3.76069e-12
       2042.50   3.16360e-12
       2045.00   3.11920e-12
       2047.50   3.42369e-12
       2050.00   4.36741e-12
       2052.50   4.85490e-12
       2055.00   5.16442e-12
       2057.50   4.58198e-12
       2060.00   3.49694e-12
       2062.50   3.94771e-12
       2065.00   4.95276e-12
       2067.50   6.82984e-12
       2070.00   7.77871e-12
       2072.50   6.34163e-12
       2075.00   5.78456e-12
       2077.50   5.77332e-12
       2080.00   7.27999e-12
       2082.50   8.78666e-12
       2085.00   9.31111e-12
       2087.50   9.23898e-12
       2090.00   8.27163e-12
       2092.50   7.73087e-12
       2095.00   7.29702e-12
       2097.50   6.99004e-12
       2100.00   6.64064e-12
       2102.50   5.61784e-12
       2105.00   4.71536e-12
       2107.50   3.96583e-12
       2110.00   2.82392e-12
       2112.50   9.83882e-13
       2115.00   1.80496e-12
       2117.50   3.28390e-12
       2120.00   3.80346e-12
       2122.50   4.39460e-12
       2125.00   5.80920e-12
       2127.50   7.02447e-12
       2130.00   8.02444e-12
       2132.50   8.60725e-12
       2135.00   9.13315e-12
       2137.50   9.48689e-12
       2140.00   9.42963e-12
       2142.50   7.90230e-12
       2145.00   5.68597e-12
       2147.50   3.01087e-12
       2150.00   1.80586e-12
       2152.50   1.95794e-12
       2155.00   2.36159e-12
       2157.50   2.42792e-12
       2160.00   1.27365e-12
       2162.50   6.05421e-13
       2165.00   2.48964e-12
       2167.50   3.32445e-12
       2170.00   3.33460e-12
       2172.50   3.04102e-12
       2175.00   2.73473e-12
       2177.50   2.24485e-12
       2180.00   1.87705e-12
       2182.50   1.88759e-12
       2185.00   1.56071e-12
       2187.50   1.17717e-12
       2190.00   7.93601e-13
       2192.50   4.10066e-13
       2195.00   1.18529e-12
       2197.50   1.96048e-12
       2200.00   3.01457e-12
       2202.50   3.81977e-12
       2205.00   3.75924e-12
       2207.50   3.80309e-12
       2210.00   3.90566e-12
       2212.50   3.26432e-12
       2215.00   2.03815e-12
       2217.50   2.13833e-12
       2220.00   1.88458e-12
       2222.50   9.03094e-13
       2225.00   9.96604e-14
       2227.50   1.49474e-13
       2230.00   1.99288e-13
       2232.50   2.49102e-13
       2235.00   2.98916e-13
       2237.50   3.48730e-13
       2240.00   3.83463e-13
       2242.50   1.20175e-12
       2245.00   3.19539e-12
       2247.50   4.16880e-12
       2250.00   4.74508e-12
       2252.50   5.49134e-12
       2255.00   6.36265e-12
       2257.50   7.95739e-12
       2260.00   8.50395e-12
       2262.50   7.71601e-12
       2265.00   7.06905e-12
       2267.50   6.67218e-12
       2270.00   6.89508e-12
       2272.50   7.33327e-12
       2275.00   7.87113e-12
       2277.50   8.32418e-12
       2280.00   7.80082e-12
       2282.50   7.02374e-12
       2285.00   5.97194e-12
       2287.50   4.66607e-12
       2290.00   3.32525e-12
       2292.50   2.82791e-12
       2295.00   2.48957e-12
       2297.50   1.77121e-12
       2300.00   1.44425e-12
       2302.50   1.47858e-12
       2305.00   1.70362e-12
       2307.50   2.17149e-12
       2310.00   2.16475e-12
       2312.50   2.18998e-12
       2315.00   2.60294e-12
       2317.50   3.11478e-12
       2320.00   4.14560e-12
       2322.50   5.94403e-12
       2325.00   8.34593e-12
       2327.50   9.67754e-12
       2330.00   1.09646e-11
       2332.50   1.19881e-11
       2335.00   1.24531e-11
       2337.50   1.15738e-11
       2340.00   1.07949e-11
       2342.50   1.00831e-11
       2345.00   8.44451e-12
       2347.50   5.95019e-12
       2350.00   4.50442e-12
       2352.50   3.65486e-12
       2355.00   3.88029e-12
       2357.50   4.56531e-12
       2360.00   6.70480e-12
       2362.50   7.52862e-12
       2365.00   7.66708e-12
       2367.50   9.13315e-12
       2370.00   1.05989e-11
       2372.50   1.02342e-11
       2375.00   1.06492e-11
       2377.50   1.25861e-11
       2380.00   1.22440e-11
       2382.50   1.11817e-11
       2385.00   1.04851e-11
       2387.50   1.00316e-11
       2390.00   1.00099e-11
       2392.50   9.98815e-12
       2395.00   1.01107e-11
       2397.50   9.18208e-12
       2400.00   5.99332e-12
       2402.50   5.30396e-12
       2405.00   5.58630e-12
       2407.50   3.64253e-12
       2410.00   6.12453e-13
       2412.50   1.58173e-12
       2415.00   2.70892e-12
       2417.50   4.03723e-12
       2420.00   5.91757e-12
       2422.50   8.78086e-12
       2425.00   9.64528e-12
       2427.50   9.86927e-12
       2430.00   9.98924e-12
       2432.50   1.01096e-11
       2435.00   7.86859e-12
       2437.50   6.09300e-12
       2440.00   5.01473e-12
       2442.50   5.53411e-12
       2445.00   6.45326e-12
       2447.50   7.70006e-12
       2450.00   8.95555e-12
       2452.50   9.34119e-12
       2455.00   1.00266e-11
       2457.50   1.09885e-11
       2460.00   1.18989e-11
       2462.50   1.27431e-11
       2465.00   1.35009e-11
       2467.50   1.36647e-11
       2470.00   1.20001e-11
       2472.50   1.07119e-11
       2475.00   1.14009e-11
       2477.50   1.17090e-11
       2480.00   1.16050e-11
       2482.50   1.25807e-11
       2485.00   1.37035e-11
       2487.50   1.10490e-11
       2490.00   8.45829e-12
       2492.50   9.89971e-12
       2495.00   9.85731e-12
       2497.50   8.82544e-12
       2500.00   8.99361e-12
       2502.50   1.02690e-11
       2505.00   1.02748e-11
       2507.50   1.04321e-11
       2510.00   1.11458e-11
       2512.50   1.17032e-11
       2515.00   1.17656e-11
       2517.50   1.05927e-11
       2520.00   8.72504e-12
       2522.50   8.02698e-12
       2525.00   7.37821e-12
       2527.50   8.95483e-12
       2530.00   1.09820e-11
       2532.50   1.33860e-11
       2535.00   1.48376e-11
       2537.50   1.58401e-11
       2540.00   1.60913e-11
       2542.50   1.58412e-11
       2545.00   1.65911e-11
       2547.50   1.69416e-11
       2550.00   1.66929e-11
       2552.50   1.63131e-11
       2555.00   1.56549e-11
       2557.50   1.54132e-11
       2560.00   1.54523e-11
       2562.50   1.63660e-11
       2565.00   1.72830e-11
       2567.50   1.82656e-11
       2570.00   1.86219e-11
       2572.50   1.78647e-11
       2575.00   1.53769e-11
       2577.50   1.23422e-11
       2580.00   1.01121e-11
       2582.50   8.38942e-12
       2585.00   8.14622e-12
       2587.50   9.32198e-12
       2590.00   1.20349e-11
       2592.50   1.38394e-11
       2595.00   1.42816e-11
       2597.50   1.40054e-11
       2600.00   1.35499e-11
       2602.50   1.20001e-11
       2605.00   8.80913e-12
       2607.50   9.49342e-12
       2610.00   1.11465e-11
       2612.50   1.34785e-11
       2615.00   1.64066e-11
       2617.50   2.17704e-11
       2620.00   2.43887e-11
       2622.50   2.44720e-11
       2625.00   2.21143e-11
       2627.50   1.66495e-11
       2630.00   1.75508e-11
       2632.50   2.03213e-11
       2635.00   2.51704e-11
       2637.50   3.10746e-11
       2640.00   4.25216e-11
       2642.50   4.44063e-11
       2645.00   3.87703e-11
       2647.50   3.69400e-11
       2650.00   3.56334e-11
       2652.50   3.22870e-11
       2655.00   3.04871e-11
       2657.50   3.69110e-11
       2660.00   3.92161e-11
       2662.50   3.87812e-11
       2665.00   3.88283e-11
       2667.50   3.93176e-11
       2670.00   3.84586e-11
       2672.50   3.74836e-11
       2675.00   3.91436e-11
       2677.50   3.96728e-11
       2680.00   3.50328e-11
       2682.50   3.56620e-11
       2685.00   3.92560e-11
       2687.50   3.90421e-11
       2690.00   3.58367e-11
       2692.50   4.24382e-11
       2695.00   4.61315e-11
       2697.50   4.12893e-11
       2700.00   3.67116e-11
       2702.50   3.32014e-11
       2705.00   3.29267e-11
       2707.50   3.48096e-11
       2710.00   3.64906e-11
       2712.50   3.81759e-11
       2715.00   4.15430e-11
       2717.50   4.03216e-11
       2720.00   2.90333e-11
       2722.50   2.62371e-11
       2725.00   2.67431e-11
       2727.50   2.76195e-11
       2730.00   2.89319e-11
       2732.50   3.57015e-11
       2735.00   3.87739e-11
       2737.50   3.71357e-11
       2740.00   3.62658e-11
       2742.50   3.67696e-11
       2745.00   3.64579e-11
       2747.50   3.59596e-11
       2750.00   3.76540e-11
       2752.50   3.93466e-11
       2755.00   4.53957e-11
       2757.50   4.95131e-11
       2760.00   5.07272e-11
       2762.50   5.10389e-11
       2765.00   5.11259e-11
       2767.50   5.22205e-11
       2770.00   5.37065e-11
       2772.50   5.51309e-11
       2775.00   5.73382e-11
       2777.50   6.02631e-11
       2780.00   5.84871e-11
       2782.50   5.07272e-11
       2785.00   5.14413e-11
       2787.50   5.81428e-11
       2790.00   8.77832e-11
       2792.50   1.18689e-10
       2795.00   1.64168e-10
       2797.50   2.09364e-10
       2800.00   2.54260e-10
       2802.50   2.37395e-10
       2805.00   2.12108e-10
       2807.50   1.69550e-10
       2810.00   1.23045e-10
       2812.50   7.80082e-11
       2815.00   5.48663e-11
       2817.50   4.63163e-11
       2820.00   4.55806e-11
       2822.50   5.20574e-11
       2825.00   5.23908e-11
       2827.50   5.29200e-11
       2830.00   5.49859e-11
       2832.50   5.60298e-11
       2835.00   5.38334e-11
       2837.50   5.44060e-11
       2840.00   5.71569e-11
       2842.50   6.16911e-11
       2845.00   6.62977e-11
       2847.50   6.82476e-11
       2850.00   7.05854e-11
       2852.50   7.48477e-11
       2855.00   7.38546e-11
       2857.50   7.03860e-11
       2860.00   6.92045e-11
       2862.50   6.95524e-11
       2865.00   6.98243e-11
       2867.50   7.04875e-11
       2870.00   7.17416e-11
       2872.50   7.53007e-11
       2875.00   8.37492e-11
       2877.50   8.15347e-11
       2880.00   7.51775e-11
       2882.50   7.32856e-11
       2885.00   7.39126e-11
       2887.50   6.95669e-11
       2890.00   6.76859e-11
       2892.50   7.05564e-11
       2895.00   7.38619e-11
       2897.50   7.82836e-11
       2900.00   7.67396e-11
       2902.50   7.29195e-11
       2905.00   7.51920e-11
       2907.50   7.74645e-11
       2910.00   8.40138e-11
       2912.50   9.13677e-11
       2915.00   9.99286e-11
       2917.50   1.03658e-10
       2920.00   1.06177e-10
       2922.50   1.02154e-10
       2925.00   9.70871e-11
       2927.50   1.03046e-10
       2930.00   1.07844e-10
       2932.50   1.11168e-10
       2935.00   1.15963e-10
       2937.50   1.23379e-10
       2940.00   1.12023e-10
       2942.50   9.58983e-11
       2945.00   8.58442e-11
       2947.50   7.59386e-11
       2950.00   6.77438e-11
       2952.50   7.14987e-11
       2955.00   8.82000e-11
       2957.50   9.12699e-11
       2960.00   9.24841e-11
       2962.50   9.01934e-11
       2965.00   8.46046e-11
       2967.50   6.93458e-11
       2970.00   6.56816e-11
       2972.50   6.97554e-11
       2975.00   7.18974e-11
       2977.50   7.22599e-11
       2980.00   7.96682e-11
       2982.50   8.76781e-11
       2985.00   9.33431e-11
       2987.50   9.92110e-11
       2990.00   1.06163e-10
       2992.50   1.09483e-10
       2995.00   1.09946e-10
       2997.50   1.06047e-10
       3000.00   1.01962e-10
       3002.50   9.96713e-11
       3005.00   9.88050e-11
       3007.50   1.00983e-10
       3010.00   1.01415e-10
       3012.50   1.01027e-10
       3015.00   9.64419e-11
       3017.50   8.90590e-11
       3020.00   8.47278e-11
       3022.50   8.30968e-11
       3025.00   8.71997e-11
       3027.50   9.46370e-11
       3030.00   1.12632e-10
       3032.50   1.27347e-10
       3035.00   1.39656e-10
       3037.50   1.38558e-10
       3040.00   1.37456e-10
       3042.50   1.28021e-10
       3045.00   1.21023e-10
       3047.50   1.18971e-10
       3050.00   1.19094e-10
       3052.50   1.19906e-10
       3055.00   1.15053e-10
       3057.50   1.06866e-10
       3060.00   9.09364e-11
       3062.50   8.21473e-11
       3065.00   8.10962e-11
       3067.50   8.46336e-11
       3070.00   9.50574e-11
       3072.50   1.05503e-10
       3075.00   1.14945e-10
       3077.50   1.16920e-10
       3080.00   1.19279e-10
       3082.50   1.30787e-10
       3085.00   1.37101e-10
       3087.50   1.36800e-10
       3090.00   1.36401e-10
       3092.50   1.35828e-10
       3095.00   1.32371e-10
       3097.50   1.30544e-10
       3100.00   1.42055e-10
       3102.50   1.53700e-10
       3105.00   1.66875e-10
       3107.50   1.82478e-10
       3110.00   2.00705e-10
       3112.50   2.02336e-10
       3115.00   2.01702e-10
       3117.50   1.90785e-10
       3120.00   1.75947e-10
       3122.50   1.61703e-10
       3125.00   1.52907e-10
       3127.50   1.49148e-10
       3130.00   1.44281e-10
       3132.50   1.38003e-10
       3135.00   1.23331e-10
       3137.50   1.08624e-10
       3140.00   9.88703e-11
       3142.50   9.42419e-11
       3145.00   1.16510e-10
       3147.50   1.42936e-10
       3150.00   1.72631e-10
       3152.50   1.84290e-10
       3155.00   1.95196e-10
       3157.50   1.89172e-10
       3160.00   1.75682e-10
       3162.50   1.48927e-10
       3165.00   1.32664e-10
       3167.50   1.23397e-10
       3170.00   1.13716e-10
       3172.50   1.03655e-10
       3175.00   1.35839e-10
       3177.50   1.59257e-10
       3180.00   1.56230e-10
       3182.50   1.60920e-10
       3185.00   1.90031e-10
       3187.50   1.88542e-10
       3190.00   1.71427e-10
       3192.50   1.92598e-10
       3195.00   2.13768e-10
       3197.50   2.18215e-10
       3200.00   2.28088e-10
       3202.50   2.25431e-10
       3205.00   2.22778e-10
       3207.50   2.20121e-10
       3210.00   2.17465e-10
       3212.50   2.14812e-10
       3215.00   2.12155e-10
       3217.50   2.09502e-10
       3220.00   2.06845e-10
       3222.50   2.14268e-10
       3225.00   2.21687e-10
       3227.50   2.29106e-10
       3230.00   2.36529e-10
       3232.50   2.43948e-10
       3235.00   2.51367e-10
       3237.50   2.58790e-10
       3240.00   2.66209e-10
       3260.00   2.51465e-10
       3270.00   2.25623e-10
       3280.00   2.44572e-10
       3290.00   2.71175e-10
       3300.00   2.88177e-10
       3310.00   2.86745e-10
       3320.00   2.85633e-10
       3330.00   2.97568e-10
       3340.00   3.11775e-10
       3350.00   3.51187e-10
       3360.00   3.07676e-10
       3370.00   2.92816e-10
       3380.00   3.17009e-10
       3390.00   3.58182e-10
       3400.00   4.04194e-10
       3410.00   3.93647e-10
       3420.00   3.83680e-10
       3430.00   4.02672e-10
       3440.00   3.10880e-10
       3450.00   2.99938e-10
       3460.00   3.48331e-10
       3470.00   3.22388e-10
       3480.00   3.72481e-10
       3490.00   3.67334e-10
       3500.00   4.04339e-10
       3510.00   4.54827e-10
       3520.00   3.82701e-10
       3530.00   4.25397e-10
       3540.00   5.29128e-10
       3550.00   5.39928e-10
       3560.00   4.42939e-10
       3570.00   3.43739e-10
       3580.00   2.73908e-10
       3590.00   2.86136e-10
       3600.00   3.63238e-10
       3610.00   3.64217e-10
       3620.00   3.68965e-10
       3630.00   3.91473e-10
       3640.00   3.97851e-10
       3650.00   4.15647e-10
       3660.00   4.82119e-10
       3670.00   5.44676e-10
       3680.00   4.60554e-10
       3690.00   4.62257e-10
       3700.00   4.88607e-10
       3710.00   4.45005e-10
       3720.00   3.74220e-10
       3730.00   3.07386e-10
       3740.00   2.93316e-10
       3750.00   3.18075e-10
       3760.00   3.71828e-10
       3770.00   4.62982e-10
       3780.00   5.29381e-10
       3790.00   5.09193e-10
       3800.00   4.67114e-10
       3810.00   4.65918e-10
       3820.00   3.89008e-10
       3830.00   3.27629e-10
       3840.00   3.66392e-10
       3850.00   4.27209e-10
       3860.00   3.99120e-10
       3870.00   4.30544e-10
       3880.00   4.43809e-10
       3890.00   4.47977e-10
       3900.00   4.82844e-10
       3910.00   5.54390e-10
       3920.00   5.33694e-10
       3930.00   4.51384e-10
       3940.00   4.35110e-10
       3950.00   5.23546e-10
       3960.00   5.03648e-10
       3970.00   4.78205e-10
       3980.00   6.63158e-10
       3990.00   8.32708e-10
       4000.00   8.99361e-10
       4010.00   9.83447e-10
       4020.00   1.03615e-09
       4030.00   9.17809e-10
       4040.00   8.85770e-10
       4050.00   1.02571e-09
       4060.00   1.05264e-09
       4070.00   9.86492e-10
       4080.00   1.11780e-09
       4090.00   1.26184e-09
       4100.00   1.18565e-09
       4110.00   1.12277e-09
       4120.00   1.20323e-09
       4130.00   1.19743e-09
       4140.00   1.11704e-09
       4150.00   1.18065e-09
       4160.00   1.30203e-09
       4170.00   1.25390e-09
       4180.00   1.23697e-09
       4190.00   1.29497e-09
       4200.00   1.24556e-09
       4210.00   1.19475e-09
       4220.00   8.94287e-10
       4230.00   7.27782e-10
       4240.00   1.01382e-09
       4250.00   1.07116e-09
       4260.00   1.09149e-09
       4270.00   1.10726e-09
       4280.00   1.10392e-09
       4290.00   1.13049e-09
       4300.00   1.05793e-09
       4310.00   1.20573e-09
       4320.00   1.40932e-09
       4330.00   1.57930e-09
       4340.00   1.74175e-09
       4350.00   1.72718e-09
       4360.00   1.84736e-09
       4370.00   1.85947e-09
       4380.00   1.45049e-09
       4390.00   1.56611e-09
       4400.00   1.65512e-09
       4410.00   1.71282e-09
       4420.00   1.87846e-09
       4430.00   1.85686e-09
       4440.00   1.96624e-09
       4450.00   1.97610e-09
       4460.00   1.86748e-09
       4470.00   2.23575e-09
       4480.00   2.41473e-09
       4490.00   2.39947e-09
       4500.00   2.57659e-09
       4510.00   2.73447e-09
       4520.00   2.63730e-09
       4530.00   2.29005e-09
       4540.00   2.37631e-09
       4550.00   2.62161e-09
       4560.00   2.88684e-09
       4570.00   3.05570e-09
       4580.00   2.90283e-09
       4590.00   2.90616e-09
       4600.00   2.92374e-09
       4610.00   3.03298e-09
       4620.00   3.11707e-09
       4630.00   3.14497e-09
       4640.00   3.00851e-09
       4650.00   2.88978e-09
       4660.00   3.02145e-09
       4670.00   3.08619e-09
       4680.00   3.01511e-09
       4690.00   3.03544e-09
       4700.00   2.94538e-09
       4710.00   2.91015e-09
       4720.00   3.03327e-09
       4730.00   3.01091e-09
       4740.00   2.91486e-09
       4750.00   2.90805e-09
       4760.00   2.69341e-09
       4770.00   2.44053e-09
       4780.00   2.29882e-09
       4790.00   2.46471e-09
       4800.00   2.77575e-09
       4810.00   2.93193e-09
       4820.00   2.86810e-09
       4830.00   2.77311e-09
       4840.00   2.81816e-09
       4850.00   2.94048e-09
       4860.00   2.93983e-09
       4870.00   2.78967e-09
       4880.00   2.78953e-09
       4890.00   2.78612e-09
       4900.00   2.90743e-09
       4910.00   3.01565e-09
       4920.00   2.82454e-09
       4930.00   2.88325e-09
       4940.00   2.99383e-09
       4950.00   2.96618e-09
       4960.00   2.85027e-09
       4970.00   2.82294e-09
       4980.00   2.74513e-09
       4990.00   2.62016e-09
       5000.00   2.61646e-09
       5010.00   2.45050e-09
       5020.00   2.49149e-09
       5030.00   2.56050e-09
       5040.00   2.46203e-09
       5050.00   2.41226e-09
       5060.00   2.44789e-09
       5070.00   2.34224e-09
       5080.00   2.23568e-09
       5090.00   2.29182e-09
       5100.00   2.21944e-09
       5110.00   2.19186e-09
       5120.00   2.28131e-09
       5130.00   2.25069e-09
       5140.00   2.32600e-09
       5150.00   2.26029e-09
       5160.00   2.35224e-09
       5170.00   2.09179e-09
       5180.00   1.77440e-09
       5190.00   2.09194e-09
       5200.00   2.34938e-09
       5210.00   2.29820e-09
       5220.00   2.69979e-09
       5230.00   3.03639e-09
       5240.00   3.16817e-09
       5250.00   3.22855e-09
       5260.00   2.99373e-09
       5270.00   2.69805e-09
       5280.00   2.92522e-09
       5290.00   3.40194e-09
       5300.00   3.40629e-09
       5310.00   3.49371e-09
       5320.00   3.58835e-09
       5330.00   3.24725e-09
       5340.00   3.21739e-09
       5350.00   3.38799e-09
       5360.00   3.67588e-09
       5370.00   3.63130e-09
       5380.00   3.63238e-09
       5390.00   3.81578e-09
       5400.00   3.53094e-09
       5410.00   3.37458e-09
       5420.00   3.70850e-09
       5430.00   3.82303e-09
       5440.00   3.76975e-09
       5450.00   3.73568e-09
       5460.00   3.60651e-09
       5470.00   3.77881e-09
       5480.00   3.80563e-09
       5490.00   3.85891e-09
       5500.00   3.90784e-09
       5510.00   3.79041e-09
       5520.00   3.79512e-09
       5530.00   3.97924e-09
       5540.00   4.06006e-09
       5550.00   4.18728e-09
       5560.00   4.17605e-09
       5570.00   4.00896e-09
       5580.00   3.99120e-09
       5590.00   3.86942e-09
       5600.00   3.62658e-09
       5610.00   3.96655e-09
       5620.00   4.04810e-09
       5630.00   4.03759e-09
       5640.00   4.20323e-09
       5650.00   4.30399e-09
       5660.00   4.27825e-09
       5670.00   4.22824e-09
       5680.00   4.30725e-09
       5690.00   4.26122e-09
       5700.00   4.26339e-09
       5710.00   4.24491e-09
       5720.00   4.29529e-09
       5730.00   4.45114e-09
       5740.00   4.46600e-09
       5760.00   4.53667e-09
       5780.00   4.54211e-09
       5800.00   4.57437e-09
       5820.00   4.74834e-09
       5840.00   4.79147e-09
       5860.00   4.55298e-09
       5880.00   3.86362e-09
       5900.00   3.18386e-09
       5920.00   3.62586e-09
       5940.00   4.42794e-09
       5960.00   4.53087e-09
       5980.00   4.59793e-09
       6000.00   4.61424e-09
       6020.00   4.64541e-09
       6040.00   4.72841e-09
       6060.00   4.83460e-09
       6080.00   4.87266e-09
       6100.00   4.88607e-09
       6120.00   4.73420e-09
       6140.00   4.72442e-09
       6160.00   4.44824e-09
       6180.00   4.31703e-09
       6200.00   4.52544e-09
       6220.00   4.35727e-09
       6240.00   4.15937e-09
       6260.00   4.11298e-09
       6280.00   4.23766e-09
       6300.00   4.41127e-09
       6320.00   4.52399e-09
       6340.00   4.73783e-09
       6360.00   4.72478e-09
       6380.00   4.66498e-09
       6400.00   4.67984e-09
       6420.00   4.82989e-09
       6440.00   4.96798e-09
       6460.00   5.01763e-09
       6480.00   5.09375e-09
       6500.00   5.11549e-09
       6520.00   5.26373e-09
       6540.00   5.50693e-09
       6560.00   5.45220e-09
       6580.00   5.37790e-09
       6600.00   5.43553e-09
       6620.00   5.35905e-09
       6640.00   5.29635e-09
       6660.00   5.19124e-09
       6680.00   5.14268e-09
       6700.00   5.08432e-09
       6720.00   4.96725e-09
       6740.00   4.86106e-09
       6760.00   4.84257e-09
       6780.00   4.82119e-09
       6800.00   4.77589e-09
       6820.00   4.74544e-09
       6840.00   4.86650e-09
       6860.00   4.69035e-09
       6880.00   4.52363e-09
       6900.00   4.45694e-09
       6920.00   4.74073e-09
       6940.00   4.88353e-09
       6960.00   5.04047e-09
       6980.00   5.02561e-09
       7000.00   4.99226e-09
       7020.00   5.07744e-09
       7040.00   5.22749e-09
       7060.00   5.30396e-09
       7080.00   5.16877e-09
       7100.00   5.09266e-09
       7120.00   4.98248e-09
       7140.00   4.84910e-09
       7160.00   5.04953e-09
       7180.00   4.99516e-09
       7200.00   4.47651e-09
       7220.00   5.00676e-09
       7240.00   5.25503e-09
       7260.00   5.00930e-09
       7280.00   5.20610e-09
       7300.00   5.29345e-09
       7320.00   5.24561e-09
       7340.00   5.32317e-09
       7360.00   5.35434e-09
       7380.00   5.32969e-09
       7400.00   5.42574e-09
       7420.00   5.48808e-09
       7440.00   5.54390e-09
       7460.00   5.58667e-09
       7480.00   5.57869e-09
       7500.00   5.58304e-09
       7520.00   5.59319e-09
       7540.00   5.68960e-09
       7560.00   5.72041e-09
       7580.00   6.68377e-09
       7600.00   6.17672e-09
       7620.00   5.46452e-09
       7640.00   5.28040e-09
       7660.00   4.95457e-09
       7680.00   4.93645e-09
       7700.00   5.37826e-09
       7720.00   5.43480e-09
       7740.00   5.47612e-09
       7760.00   5.52614e-09
       7780.00   5.46090e-09
       7800.00   5.44024e-09
       7820.00   5.46923e-09
       7840.00   5.33006e-09
       7860.00   5.33006e-09
       7880.00   5.34456e-09
       7900.00   5.26735e-09
       7920.00   5.24271e-09
       7940.00   5.24488e-09
       7960.00   5.26083e-09
       7980.00   5.36666e-09
       8000.00   5.35905e-09
       8020.00   5.31157e-09
       8040.00   5.31121e-09
       8060.00   5.37609e-09
       8080.00   5.37029e-09
       8100.00   5.28548e-09
       8120.00   5.51490e-09
       8140.00   5.50475e-09
       8160.00   5.18472e-09
       8180.00   5.03684e-09
       8200.00   5.13760e-09
       8220.00   5.26373e-09
       8240.00   5.32063e-09
       8260.00   5.80775e-09
       8280.00   5.63596e-09
       8300.00   5.48337e-09
       8320.00   5.28874e-09
       8340.00   5.20828e-09
       8360.00   5.33586e-09
       8380.00   5.26083e-09
       8400.00   5.41233e-09
       8420.00   5.45800e-09
       8440.00   5.29345e-09
       8460.00   5.36413e-09
       8480.00   5.41849e-09
       8500.00   5.36195e-09
       8520.00   5.24090e-09
       8540.00   4.95674e-09
       8560.00   4.99009e-09
       8580.00   5.25612e-09
       8600.00   5.36231e-09
       8620.00   5.48373e-09
       8640.00   5.43915e-09
       8660.00   5.19559e-09
       8680.00   5.02561e-09
       8700.00   5.28693e-09
       8720.00   5.33368e-09
       8740.00   5.25938e-09
       8760.00   5.25431e-09
       8780.00   5.14014e-09
       8800.00   5.08215e-09
       8820.00   5.01872e-09
       8840.00   5.22567e-09
       8860.00   5.16660e-09
       8880.00   5.14159e-09
       8900.00   5.15681e-09
       8920.00   5.25793e-09
       8940.00   5.24561e-09
       8960.00   5.20393e-09
       8980.00   5.00966e-09
       9000.00   4.80343e-09
       9020.00   5.12419e-09
       9040.00   5.64611e-09
       9060.00   5.72113e-09
       9080.00   5.07816e-09
       9100.00   4.86650e-09
       9120.00   4.87483e-09
       9140.00   4.72442e-09
       9160.00   4.59140e-09
       9180.00   4.63417e-09
       9200.00   5.08432e-09
       9220.00   5.26047e-09
       9240.00   5.02887e-09
       9260.00   4.91687e-09
       9280.00   5.73309e-09
       9300.00   5.60587e-09
       9320.00   4.90781e-09
       9340.00   4.24020e-09
       9360.00   3.34515e-09
       9380.00   4.20033e-09
       9400.00   5.52541e-09
       9420.00   5.43988e-09
       9440.00   4.88462e-09
       9460.00   4.75885e-09
       9480.00   4.94949e-09
       9500.00   5.02198e-09
       9520.00   4.74616e-09
       9540.00   5.01800e-09
       9560.00   4.90020e-09
       9580.00   4.58270e-09
       9600.00   4.50043e-09
       9620.00   4.45041e-09
       9640.00   4.27245e-09
       9660.00   4.02418e-09
       9680.00   4.44679e-09
       9700.00   4.67621e-09
       9720.00   4.68672e-09
       9740.00   4.40402e-09
       9760.00   4.15865e-09
       9780.00   4.14161e-09
       9800.00   4.24745e-09
       9820.00   4.33008e-09
       9840.00   4.31015e-09
       9860.00   4.32392e-09
       9880.00   4.36270e-09
       9900.00   4.21700e-09
       9920.00   4.13980e-09
       9940.00   4.23404e-09
       9960.00   4.27934e-09
       9980.00   4.29710e-09
       10000.0   4.29456e-09
       10020.0   4.33334e-09
       10040.0   4.30399e-09
       10060.0   4.27463e-09
       10080.0   4.24962e-09
       10100.0   4.22099e-09
       10120.0   4.28514e-09
       10140.0   4.19743e-09
       10160.0   4.13545e-09
       10180.0   4.12132e-09
       10200.0   4.10102e-09
       10220.0   4.07855e-09
       10240.0   4.10646e-09
       10260.0   4.06804e-09
       10280.0   4.10428e-09
       10300.0   4.14524e-09
       10320.0   4.09667e-09
       10340.0   4.03578e-09
       10360.0   3.96800e-09
       10380.0   4.08254e-09
       10400.0   4.08254e-09
       10420.0   4.14633e-09
       10440.0   4.19235e-09
       10460.0   4.23077e-09
       10480.0   4.15829e-09
       10500.0   4.18003e-09
       10520.0   4.18039e-09
       10540.0   4.16046e-09
       10560.0   4.16698e-09
       10580.0   4.08906e-09
       10600.0   4.10247e-09
       10800.0   4.03506e-09
       11000.0   3.95604e-09
       11200.0   3.87014e-09
       11400.0   3.78026e-09
       11600.0   3.69074e-09
       11800.0   3.60361e-09
       12000.0   3.52249e-09
       12200.0   3.44964e-09
       12400.0   3.38748e-09
       12600.0   3.34580e-09
       12800.0   3.28480e-09
       13000.0   3.19416e-09
       13200.0   3.06527e-09
       13400.0   2.93164e-09
       13600.0   2.83266e-09
       13800.0   2.77083e-09
       14000.0   2.72635e-09
       14200.0   2.68072e-09
       14400.0   2.63299e-09
       14600.0   2.58681e-09
       14800.0   2.55021e-09
       15000.0   2.53013e-09
       15200.0   2.52357e-09
       15400.0   2.52447e-09
       15600.0   2.52661e-09
       15800.0   2.52458e-09
       16000.0   2.51324e-09
       16200.0   2.48769e-09
       16400.0   2.44289e-09
       16600.0   2.37576e-09
       16800.0   2.29316e-09
       17000.0   2.20382e-09
       17200.0   2.11100e-09
       17400.0   2.01608e-09
       17600.0   1.92101e-09
       17800.0   1.82909e-09
       18000.0   1.74399e-09
       18200.0   1.66861e-09
       18400.0   1.60235e-09
       18600.0   1.54342e-09
       18800.0   1.49018e-09
       19000.0   1.44143e-09
       19200.0   1.39663e-09
       19400.0   1.35524e-09
       19600.0   1.31671e-09
       19800.0   1.28054e-09
       20000.0   1.24614e-09
       20200.0   1.21345e-09
       20400.0   1.18235e-09
       20600.0   1.15271e-09
       20800.0   1.12444e-09
       21000.0   1.09747e-09
       21200.0   1.07163e-09
       21400.0   1.04687e-09
       21600.0   1.02306e-09
       21800.0   9.99938e-10
       22000.0   9.77141e-10
       22200.0   9.54343e-10
       22400.0   9.31075e-10
       22600.0   9.07081e-10
       22800.0   8.82508e-10
       23000.0   8.57898e-10
       23200.0   8.33252e-10
       23400.0   8.06685e-10
       23600.0   7.75877e-10
       23800.0   7.40902e-10
       24000.0   7.05274e-10
       24200.0   6.72690e-10
       24400.0   6.44348e-10
       24600.0   6.19267e-10
       24800.0   5.96360e-10
       25000.0   5.75013e-10
       25200.0   5.55078e-10
       25400.0   5.36340e-10
       25600.0   5.18653e-10
