       229.000       0.00000
       234.000       0.00000
       243.000       0.00000
       252.000       0.00000
       256.000       0.00000
       260.000       0.00000
       266.000       0.00000
       275.000       0.00000
       283.000       0.00000
       293.000       0.00000
       301.000       0.00000
       309.000       0.00000
       325.000       0.00000
       342.000       0.00000
       351.000       0.00000
       356.000       0.00000
       365.000       0.00000
       375.000       0.00000
       384.000       0.00000
       400.000       0.00000
       415.000       0.00000
       425.000       0.00000
       445.000       0.00000
       472.000       0.00000
       494.000       0.00000
       506.000   2.01558e-24
       516.000   4.27016e-24
       540.000   2.26227e-23
       564.000   1.05658e-22
       587.000   4.21006e-22
       612.000   1.72944e-21
       640.000   7.55473e-21
       671.000   3.44308e-20
       705.000   1.58448e-19
       736.000   5.68626e-19
       770.000   2.05932e-18
       810.000   8.14878e-18
       850.000   2.82354e-17
       890.000   8.69803e-17
       920.000   1.15881e-14
       940.000   4.93742e-14
       962.000   8.33308e-14
       987.000   1.49554e-13
       1012.00   2.17139e-13
       1037.00   2.96201e-13
       1062.00   4.47886e-13
       1087.00   6.15210e-13
       1112.00   1.70857e-11
       1120.00   1.88435e-11
       1140.00   1.73032e-11
       1160.00   1.63052e-11
       1180.00   9.42465e-12
       1200.00   4.67627e-12
       1220.00   4.43078e-12
       1240.00   7.73684e-11
       1260.00   3.42181e-10
       1280.00   1.59177e-09
       1300.00   2.48677e-09
       1320.00   3.79339e-09
       1340.00   4.48833e-09
       1360.00   4.56554e-09
       1380.00   5.00298e-09
       1400.00   5.26995e-09
       1420.00   5.88950e-09
       1440.00   6.05267e-09
       1460.00   6.74834e-09
       1480.00   6.42345e-09
       1500.00   7.48225e-09
       1520.00   7.52996e-09
       1540.00   7.66327e-09
       1560.00   7.44401e-09
       1580.00   7.29067e-09
       1600.00   7.00475e-09
       1620.00   6.50067e-09
       1640.00   6.28978e-09
       1660.00   5.85235e-09
       1680.00   6.34806e-09
       1700.00   6.24207e-09
       1720.00   6.15647e-09
       1740.00   6.22313e-09
       1760.00   6.27084e-09
       1780.00   6.33749e-09
       1800.00   6.40415e-09
       1820.00   6.20419e-09
       1840.00   6.08982e-09
       1860.00   6.15647e-09
       1880.00   6.07052e-09
       1900.00   5.85235e-09
       1920.00   5.71904e-09
       1940.00   5.62252e-09
       1960.00   5.48922e-09
       1980.00   5.25174e-09
       2000.00   5.02228e-09
       2002.50   5.00189e-09
       2005.00   4.98185e-09
       2007.50   4.96182e-09
       2010.00   4.94179e-09
       2012.50   4.92139e-09
       2015.00   4.90136e-09
       2017.50   4.88133e-09
       2020.00   4.86093e-09
       2022.50   4.85292e-09
       2025.00   4.84454e-09
       2027.50   4.83616e-09
       2030.00   4.82779e-09
       2032.50   4.81941e-09
       2035.00   4.81103e-09
       2037.50   4.80265e-09
       2040.00   4.79428e-09
       2042.50   4.78117e-09
       2045.00   4.76805e-09
       2047.50   4.75458e-09
       2050.00   4.74146e-09
       2052.50   4.72835e-09
       2055.00   4.71488e-09
       2057.50   4.70176e-09
       2060.00   4.68865e-09
       2062.50   4.68137e-09
       2065.00   4.67445e-09
       2067.50   4.66753e-09
       2070.00   4.66061e-09
       2072.50   4.65332e-09
       2075.00   4.64640e-09
       2077.50   4.63948e-09
       2080.00   4.63220e-09
       2082.50   4.62637e-09
       2085.00   4.62054e-09
       2087.50   4.61435e-09
       2090.00   4.60852e-09
       2092.50   4.60233e-09
       2095.00   4.59650e-09
       2097.50   4.59068e-09
       2100.00   4.58448e-09
       2102.50   4.55826e-09
       2105.00   4.53204e-09
       2107.50   4.50581e-09
       2110.00   4.47922e-09
       2112.50   4.45300e-09
       2115.00   4.42678e-09
       2117.50   4.40019e-09
       2120.00   4.37396e-09
       2122.50   4.35612e-09
       2125.00   4.33863e-09
       2127.50   4.32079e-09
       2130.00   4.30294e-09
       2132.50   4.28509e-09
       2135.00   4.26761e-09
       2137.50   4.24976e-09
       2140.00   4.23192e-09
       2142.50   4.24029e-09
       2145.00   4.24867e-09
       2147.50   4.25705e-09
       2150.00   4.26542e-09
       2152.50   4.27380e-09
       2155.00   4.28218e-09
       2157.50   4.29019e-09
       2160.00   4.29857e-09
       2162.50   4.27854e-09
       2165.00   4.25778e-09
       2167.50   4.23774e-09
       2170.00   4.21735e-09
       2172.50   4.19695e-09
       2175.00   4.17655e-09
       2177.50   4.15616e-09
       2180.00   4.13576e-09
       2182.50   4.12629e-09
       2185.00   4.11682e-09
       2187.50   4.10735e-09
       2190.00   4.09788e-09
       2192.50   4.08878e-09
       2195.00   4.07931e-09
       2197.50   4.06984e-09
       2200.00   4.06037e-09
       2202.50   4.04471e-09
       2205.00   4.02904e-09
       2207.50   4.01375e-09
       2210.00   3.99808e-09
       2212.50   3.98242e-09
       2215.00   3.96676e-09
       2217.50   3.95110e-09
       2220.00   3.93544e-09
       2222.50   3.93544e-09
       2225.00   3.93544e-09
       2227.50   3.93544e-09
       2230.00   3.93544e-09
       2232.50   3.93544e-09
       2235.00   3.93544e-09
       2237.50   3.93544e-09
       2240.00   3.93544e-09
       2242.50   3.90958e-09
       2245.00   3.88335e-09
       2247.50   3.85713e-09
       2250.00   3.83127e-09
       2252.50   3.80505e-09
       2255.00   3.77919e-09
       2257.50   3.75296e-09
       2260.00   3.72674e-09
       2262.50   3.74240e-09
       2265.00   3.75770e-09
       2267.50   3.77336e-09
       2270.00   3.78866e-09
       2272.50   3.80432e-09
       2275.00   3.81961e-09
       2277.50   3.83528e-09
       2280.00   3.85057e-09
       2282.50   3.84256e-09
       2285.00   3.83418e-09
       2287.50   3.82581e-09
       2290.00   3.81743e-09
       2292.50   3.80905e-09
       2295.00   3.80067e-09
       2297.50   3.79230e-09
       2300.00   3.78392e-09
       2302.50   3.77809e-09
       2305.00   3.77190e-09
       2307.50   3.76571e-09
       2310.00   3.75952e-09
       2312.50   3.75369e-09
       2315.00   3.74750e-09
       2317.50   3.74131e-09
       2320.00   3.73548e-09
       2322.50   3.71763e-09
       2325.00   3.69978e-09
       2327.50   3.68194e-09
       2330.00   3.66373e-09
       2332.50   3.64588e-09
       2335.00   3.62818e-09
       2337.50   3.61030e-09
       2340.00   3.59241e-09
       2342.50   3.59136e-09
       2345.00   3.59030e-09
       2347.50   3.58921e-09
       2350.00   3.58815e-09
       2352.50   3.58706e-09
       2355.00   3.58600e-09
       2357.50   3.58491e-09
       2360.00   3.58385e-09
       2362.50   3.56349e-09
       2365.00   3.54310e-09
       2367.50   3.52274e-09
       2370.00   3.50234e-09
       2372.50   3.48198e-09
       2375.00   3.46162e-09
       2377.50   3.44122e-09
       2380.00   3.42086e-09
       2382.50   3.41740e-09
       2385.00   3.41394e-09
       2387.50   3.41048e-09
       2390.00   3.40702e-09
       2392.50   3.40360e-09
       2395.00   3.40014e-09
       2397.50   3.39668e-09
       2400.00   3.39322e-09
       2402.50   3.40870e-09
       2405.00   3.42418e-09
       2407.50   3.43969e-09
       2410.00   3.45517e-09
       2412.50   3.47065e-09
       2415.00   3.48617e-09
       2417.50   3.50165e-09
       2420.00   3.51713e-09
       2422.50   3.52310e-09
       2425.00   3.52904e-09
       2427.50   3.53501e-09
       2430.00   3.54095e-09
       2432.50   3.54692e-09
       2435.00   3.55286e-09
       2437.50   3.55883e-09
       2440.00   3.56477e-09
       2442.50   3.55646e-09
       2445.00   3.54812e-09
       2447.50   3.53978e-09
       2450.00   3.53144e-09
       2452.50   3.52310e-09
       2455.00   3.51476e-09
       2457.50   3.50642e-09
       2460.00   3.49808e-09
       2462.50   3.49331e-09
       2465.00   3.48854e-09
       2467.50   3.48376e-09
       2470.00   3.47899e-09
       2472.50   3.47422e-09
       2475.00   3.46949e-09
       2477.50   3.46471e-09
       2480.00   3.45994e-09
       2482.50   3.46934e-09
       2485.00   3.47877e-09
       2487.50   3.48817e-09
       2490.00   3.49760e-09
       2492.50   3.50700e-09
       2495.00   3.51640e-09
       2497.50   3.52583e-09
       2500.00   3.53523e-09
       2502.50   3.52463e-09
       2505.00   3.51403e-09
       2507.50   3.50343e-09
       2510.00   3.49283e-09
       2512.50   3.48223e-09
       2515.00   3.47160e-09
       2517.50   3.46100e-09
       2520.00   3.45040e-09
       2522.50   3.42538e-09
       2525.00   3.40036e-09
       2527.50   3.37533e-09
       2530.00   3.35031e-09
       2532.50   3.32533e-09
       2535.00   3.30030e-09
       2537.50   3.27528e-09
       2540.00   3.25026e-09
       2542.50   3.26086e-09
       2545.00   3.27146e-09
       2547.50   3.28206e-09
       2550.00   3.29266e-09
       2552.50   3.30325e-09
       2555.00   3.31385e-09
       2557.50   3.32449e-09
       2560.00   3.33509e-09
       2562.50   3.35177e-09
       2565.00   3.36845e-09
       2567.50   3.38513e-09
       2570.00   3.40181e-09
       2572.50   3.41850e-09
       2575.00   3.43518e-09
       2577.50   3.45186e-09
       2580.00   3.46850e-09
       2582.50   3.46508e-09
       2585.00   3.46162e-09
       2587.50   3.45816e-09
       2590.00   3.45470e-09
       2592.50   3.45124e-09
       2595.00   3.44778e-09
       2597.50   3.44432e-09
       2600.00   3.44086e-09
       2602.50   3.44326e-09
       2605.00   3.44563e-09
       2607.50   3.44803e-09
       2610.00   3.45040e-09
       2612.50   3.45280e-09
       2615.00   3.45517e-09
       2617.50   3.45754e-09
       2620.00   3.45994e-09
       2622.50   3.46220e-09
       2625.00   3.46446e-09
       2627.50   3.46672e-09
       2630.00   3.46901e-09
       2632.50   3.47127e-09
       2635.00   3.47353e-09
       2637.50   3.47579e-09
       2640.00   3.47805e-09
       2642.50   3.47805e-09
       2645.00   3.47805e-09
       2647.50   3.47805e-09
       2650.00   3.47805e-09
       2652.50   3.47805e-09
       2655.00   3.47805e-09
       2657.50   3.47805e-09
       2660.00   3.47805e-09
       2662.50   3.46970e-09
       2665.00   3.46136e-09
       2667.50   3.45302e-09
       2670.00   3.44468e-09
       2672.50   3.43634e-09
       2675.00   3.42800e-09
       2677.50   3.41966e-09
       2680.00   3.41132e-09
       2682.50   3.40669e-09
       2685.00   3.40203e-09
       2687.50   3.39737e-09
       2690.00   3.39274e-09
       2692.50   3.38808e-09
       2695.00   3.38346e-09
       2697.50   3.37879e-09
       2700.00   3.37417e-09
       2702.50   3.37533e-09
       2705.00   3.37654e-09
       2707.50   3.37774e-09
       2710.00   3.37894e-09
       2712.50   3.38011e-09
       2715.00   3.38131e-09
       2717.50   3.38251e-09
       2720.00   3.38368e-09
       2722.50   3.37297e-09
       2725.00   3.36226e-09
       2727.50   3.35151e-09
       2730.00   3.34081e-09
       2732.50   3.33006e-09
       2735.00   3.31935e-09
       2737.50   3.30865e-09
       2740.00   3.29790e-09
       2742.50   3.28362e-09
       2745.00   3.26931e-09
       2747.50   3.25503e-09
       2750.00   3.24072e-09
       2752.50   3.22640e-09
       2755.00   3.21213e-09
       2757.50   3.19781e-09
       2760.00   3.18353e-09
       2762.50   3.18816e-09
       2765.00   3.19282e-09
       2767.50   3.19745e-09
       2770.00   3.20211e-09
       2772.50   3.20677e-09
       2775.00   3.21140e-09
       2777.50   3.21606e-09
       2780.00   3.22069e-09
       2782.50   3.18390e-09
       2785.00   3.14708e-09
       2787.50   3.11025e-09
       2790.00   3.07343e-09
       2792.50   3.03661e-09
       2795.00   2.99982e-09
       2797.50   2.96300e-09
       2800.00   2.92617e-09
       2802.50   2.98456e-09
       2805.00   3.04294e-09
       2807.50   3.10133e-09
       2810.00   3.15971e-09
       2812.50   3.21806e-09
       2815.00   3.27645e-09
       2817.50   3.33483e-09
       2820.00   3.39322e-09
       2822.50   3.37533e-09
       2825.00   3.35749e-09
       2827.50   3.33960e-09
       2830.00   3.32172e-09
       2832.50   3.30387e-09
       2835.00   3.28599e-09
       2837.50   3.26811e-09
       2840.00   3.25026e-09
       2842.50   3.24072e-09
       2845.00   3.23117e-09
       2847.50   3.22167e-09
       2850.00   3.21213e-09
       2852.50   3.20258e-09
       2855.00   3.19308e-09
       2857.50   3.18353e-09
       2860.00   3.17399e-09
       2862.50   3.17519e-09
       2865.00   3.17640e-09
       2867.50   3.17756e-09
       2870.00   3.17876e-09
       2872.50   3.17996e-09
       2875.00   3.18113e-09
       2877.50   3.18233e-09
       2880.00   3.18353e-09
       2882.50   3.19413e-09
       2885.00   3.20473e-09
       2887.50   3.21533e-09
       2890.00   3.22593e-09
       2892.50   3.23657e-09
       2895.00   3.24716e-09
       2897.50   3.25776e-09
       2900.00   3.26836e-09
       2902.50   3.25776e-09
       2905.00   3.24716e-09
       2907.50   3.23657e-09
       2910.00   3.22593e-09
       2912.50   3.21533e-09
       2915.00   3.20473e-09
       2917.50   3.19413e-09
       2920.00   3.18353e-09
       2922.50   3.17745e-09
       2925.00   3.17137e-09
       2927.50   3.16529e-09
       2930.00   3.15920e-09
       2932.50   3.15316e-09
       2935.00   3.14708e-09
       2937.50   3.14099e-09
       2940.00   3.13491e-09
       2942.50   3.13731e-09
       2945.00   3.13968e-09
       2947.50   3.14205e-09
       2950.00   3.14445e-09
       2952.50   3.14682e-09
       2955.00   3.14922e-09
       2957.50   3.15159e-09
       2960.00   3.15396e-09
       2962.50   3.15396e-09
       2965.00   3.15396e-09
       2967.50   3.15396e-09
       2970.00   3.15396e-09
       2972.50   3.15396e-09
       2975.00   3.15396e-09
       2977.50   3.15396e-09
       2980.00   3.15396e-09
       2982.50   3.15888e-09
       2985.00   3.16376e-09
       2987.50   3.16864e-09
       2990.00   3.17352e-09
       2992.50   3.17840e-09
       2995.00   3.18328e-09
       2997.50   3.18816e-09
       3000.00   3.19308e-09
       3002.50   3.19187e-09
       3005.00   3.19067e-09
       3007.50   3.18947e-09
       3010.00   3.18831e-09
       3012.50   3.18710e-09
       3015.00   3.18590e-09
       3017.50   3.18474e-09
       3020.00   3.18353e-09
       3022.50   3.18233e-09
       3025.00   3.18113e-09
       3027.50   3.17996e-09
       3030.00   3.17876e-09
       3032.50   3.17756e-09
       3035.00   3.17640e-09
       3037.50   3.17519e-09
       3040.00   3.17399e-09
       3042.50   3.16911e-09
       3045.00   3.16423e-09
       3047.50   3.15935e-09
       3050.00   3.15447e-09
       3052.50   3.14959e-09
       3055.00   3.14467e-09
       3057.50   3.13979e-09
       3060.00   3.13491e-09
       3062.50   3.13863e-09
       3065.00   3.14230e-09
       3067.50   3.14598e-09
       3070.00   3.14970e-09
       3072.50   3.15338e-09
       3075.00   3.15709e-09
       3077.50   3.16077e-09
       3080.00   3.16445e-09
       3082.50   3.16685e-09
       3085.00   3.16922e-09
       3087.50   3.17162e-09
       3090.00   3.17399e-09
       3092.50   3.17640e-09
       3095.00   3.17876e-09
       3097.50   3.18113e-09
       3100.00   3.18353e-09
       3102.50   3.18233e-09
       3105.00   3.18113e-09
       3107.50   3.17996e-09
       3110.00   3.17876e-09
       3112.50   3.17756e-09
       3115.00   3.17640e-09
       3117.50   3.17519e-09
       3120.00   3.17399e-09
       3122.50   3.17519e-09
       3125.00   3.17640e-09
       3127.50   3.17756e-09
       3130.00   3.17876e-09
       3132.50   3.17996e-09
       3135.00   3.18113e-09
       3137.50   3.18233e-09
       3140.00   3.18353e-09
       3142.50   3.18113e-09
       3145.00   3.17876e-09
       3147.50   3.17640e-09
       3150.00   3.17399e-09
       3152.50   3.17162e-09
       3155.00   3.16922e-09
       3157.50   3.16685e-09
       3160.00   3.16445e-09
       3162.50   3.16314e-09
       3165.00   3.16183e-09
       3167.50   3.16052e-09
       3170.00   3.15920e-09
       3172.50   3.15793e-09
       3175.00   3.15662e-09
       3177.50   3.15531e-09
       3180.00   3.15396e-09
       3182.50   3.15279e-09
       3185.00   3.15159e-09
       3187.50   3.15039e-09
       3190.00   3.14922e-09
       3192.50   3.14802e-09
       3195.00   3.14682e-09
       3197.50   3.14562e-09
       3200.00   3.14445e-09
       3202.50   3.13979e-09
       3205.00   3.13517e-09
       3207.50   3.13050e-09
       3210.00   3.12584e-09
       3212.50   3.12122e-09
       3215.00   3.11655e-09
       3217.50   3.11193e-09
       3220.00   3.10727e-09
       3222.50   3.10727e-09
       3225.00   3.10727e-09
       3227.50   3.10727e-09
       3230.00   3.10727e-09
       3232.50   3.10727e-09
       3235.00   3.10727e-09
       3237.50   3.10727e-09
       3240.00   3.10727e-09
       3260.00   3.34117e-09
       3270.00   3.14919e-09
       3280.00   3.01016e-09
       3290.00   3.09084e-09
       3300.00   3.04203e-09
       3310.00   3.03963e-09
       3320.00   3.03224e-09
       3330.00   3.00619e-09
       3340.00   2.93827e-09
       3350.00   3.05413e-09
       3360.00   3.02630e-09
       3370.00   2.94100e-09
       3380.00   2.92268e-09
       3390.00   3.01956e-09
       3400.00   2.94606e-09
       3410.00   2.98612e-09
       3420.00   2.98456e-09
       3430.00   2.90869e-09
       3440.00   2.94074e-09
       3450.00   2.90902e-09
       3460.00   2.88768e-09
       3470.00   2.92104e-09
       3480.00   2.86990e-09
       3490.00   2.81938e-09
       3500.00   2.84167e-09
       3510.00   2.80245e-09
       3520.00   2.87923e-09
       3530.00   2.94009e-09
       3540.00   2.88250e-09
       3550.00   2.88451e-09
       3560.00   2.80969e-09
       3570.00   2.83257e-09
       3580.00   2.83552e-09
       3590.00   2.79939e-09
       3600.00   2.78220e-09
       3610.00   2.80201e-09
       3620.00   2.79990e-09
       3630.00   2.80190e-09
       3640.00   2.80219e-09
       3650.00   2.79997e-09
       3660.00   2.81651e-09
       3670.00   2.73547e-09
       3680.00   2.73354e-09
       3690.00   2.77892e-09
       3700.00   2.86371e-09
       3710.00   2.97538e-09
       3720.00   3.30453e-09
       3730.00   3.37635e-09
       3740.00   3.53574e-09
       3750.00   4.21006e-09
       3760.00   4.28983e-09
       3770.00   4.43479e-09
       3780.00   5.70338e-09
       3790.00   5.09330e-09
       3800.00   4.80848e-09
       3810.00   6.80880e-09
       3820.00   7.01204e-09
       3830.00   4.84745e-09
       3840.00   4.93560e-09
       3850.00   7.27100e-09
       3860.00   7.98124e-09
       3870.00   7.61155e-09
       3880.00   5.53292e-09
       3890.00   4.44426e-09
       3900.00   6.26392e-09
       3910.00   7.77108e-09
       3920.00   8.02312e-09
       3930.00   8.08140e-09
       3940.00   7.92769e-09
       3950.00   7.73356e-09
       3960.00   5.71431e-09
       3970.00   4.43734e-09
       3980.00   6.40597e-09
       3990.00   7.97723e-09
       4000.00   8.43615e-09
       4010.00   8.35347e-09
       4020.00   8.30503e-09
       4030.00   8.16954e-09
       4040.00   8.16954e-09
       4050.00   8.06938e-09
       4060.00   7.87051e-09
       4070.00   7.65380e-09
       4080.00   7.23567e-09
       4090.00   5.54312e-09
       4100.00   4.26725e-09
       4110.00   5.48157e-09
       4120.00   6.95412e-09
       4130.00   7.29212e-09
       4140.00   7.70952e-09
       4150.00   7.65343e-09
       4160.00   7.66072e-09
       4170.00   7.47934e-09
       4180.00   7.51248e-09
       4190.00   7.51394e-09
       4200.00   7.48443e-09
       4210.00   7.49827e-09
       4220.00   7.43199e-09
       4230.00   7.32381e-09
       4240.00   7.25898e-09
       4250.00   7.17630e-09
       4260.00   7.09472e-09
       4270.00   7.06157e-09
       4280.00   7.04045e-09
       4290.00   6.90058e-09
       4300.00   6.74470e-09
       4310.00   6.58990e-09
       4320.00   6.20200e-09
       4330.00   4.48797e-09
       4340.00   3.83564e-09
       4350.00   5.36247e-09
       4360.00   6.42819e-09
       4370.00   6.72466e-09
       4380.00   6.63142e-09
       4390.00   6.58407e-09
       4400.00   6.54292e-09
       4410.00   6.44020e-09
       4420.00   6.35534e-09
       4430.00   6.33239e-09
       4440.00   6.29816e-09
       4450.00   6.29743e-09
       4460.00   6.30763e-09
       4470.00   6.09383e-09
       4480.00   6.05012e-09
       4490.00   6.14227e-09
       4500.00   6.05595e-09
       4510.00   6.02900e-09
       4520.00   5.97036e-09
       4530.00   5.92264e-09
       4540.00   5.86473e-09
       4550.00   5.89168e-09
       4560.00   5.85016e-09
       4570.00   5.88731e-09
       4580.00   5.81483e-09
       4590.00   5.78424e-09
       4600.00   5.82102e-09
       4610.00   5.73944e-09
       4620.00   5.74527e-09
       4630.00   5.72050e-09
       4640.00   5.74162e-09
       4650.00   5.68663e-09
       4660.00   5.59193e-09
       4670.00   5.59776e-09
       4680.00   5.59411e-09
       4690.00   5.63964e-09
       4700.00   5.53147e-09
       4710.00   5.56243e-09
       4720.00   5.50451e-09
       4730.00   5.47137e-09
       4740.00   5.46299e-09
       4750.00   5.37704e-09
       4760.00   5.33988e-09
       4770.00   5.30820e-09
       4780.00   5.29071e-09
       4790.00   5.25903e-09
       4800.00   5.20403e-09
       4810.00   5.11625e-09
       4820.00   5.04814e-09
       4830.00   4.91921e-09
       4840.00   4.60270e-09
       4850.00   3.51782e-09
       4860.00   2.91893e-09
       4870.00   3.73657e-09
       4880.00   4.53677e-09
       4890.00   4.76732e-09
       4900.00   4.82524e-09
       4910.00   4.80120e-09
       4920.00   4.79063e-09
       4930.00   4.80265e-09
       4940.00   4.81030e-09
       4950.00   4.75968e-09
       4960.00   4.74911e-09
       4970.00   4.74329e-09
       4980.00   4.74656e-09
       4990.00   4.68355e-09
       5000.00   4.66498e-09
       5010.00   4.61144e-09
       5020.00   4.60160e-09
       5030.00   4.56627e-09
       5040.00   4.56518e-09
       5050.00   4.48287e-09
       5060.00   4.43115e-09
       5070.00   4.41803e-09
       5080.00   4.41330e-09
       5090.00   4.37069e-09
       5100.00   4.37032e-09
       5110.00   4.39509e-09
       5120.00   4.42787e-09
       5130.00   4.45227e-09
       5140.00   4.38926e-09
       5150.00   4.38489e-09
       5160.00   4.29383e-09
       5170.00   4.26907e-09
       5180.00   4.31350e-09
       5190.00   4.30112e-09
       5200.00   4.26033e-09
       5210.00   4.21990e-09
       5220.00   4.17983e-09
       5230.00   4.09970e-09
       5240.00   4.08805e-09
       5250.00   4.09642e-09
       5260.00   4.04543e-09
       5270.00   4.00646e-09
       5280.00   4.00683e-09
       5290.00   4.00719e-09
       5300.00   3.97660e-09
       5310.00   3.93070e-09
       5320.00   3.89282e-09
       5330.00   3.88590e-09
       5340.00   3.90958e-09
       5350.00   3.91031e-09
       5360.00   3.86514e-09
       5370.00   3.81306e-09
       5380.00   3.80250e-09
       5390.00   3.78866e-09
       5400.00   3.78574e-09
       5410.00   3.74568e-09
       5420.00   3.75041e-09
       5430.00   3.71435e-09
       5440.00   3.72674e-09
       5450.00   3.69833e-09
       5460.00   3.66409e-09
       5470.00   3.68230e-09
       5480.00   3.66518e-09
       5490.00   3.64089e-09
       5500.00   3.62046e-09
       5510.00   3.67210e-09
       5520.00   3.61936e-09
       5530.00   3.55825e-09
       5540.00   3.52372e-09
       5550.00   3.53374e-09
       5560.00   3.51079e-09
       5570.00   3.52263e-09
       5580.00   3.49232e-09
       5590.00   3.49032e-09
       5600.00   3.46497e-09
       5610.00   3.44639e-09
       5620.00   3.41820e-09
       5630.00   3.38437e-09
       5640.00   3.37238e-09
       5650.00   3.38648e-09
       5660.00   3.34281e-09
       5670.00   3.37792e-09
       5680.00   3.33658e-09
       5690.00   3.31677e-09
       5700.00   3.29572e-09
       5710.00   3.25569e-09
       5720.00   3.24633e-09
       5730.00   3.27361e-09
       5740.00   3.20517e-09
       5760.00   3.14733e-09
       5780.00   3.14882e-09
       5800.00   3.11805e-09
       5820.00   3.10439e-09
       5840.00   3.09667e-09
       5860.00   3.04721e-09
       5880.00   2.94719e-09
       5900.00   2.90210e-09
       5920.00   2.94428e-09
       5940.00   2.88917e-09
       5960.00   2.87536e-09
       5980.00   2.87329e-09
       6000.00   2.87296e-09
       6020.00   2.81352e-09
       6040.00   2.81647e-09
       6060.00   2.86517e-09
       6080.00   2.85908e-09
       6100.00   2.86003e-09
       6120.00   2.83963e-09
       6140.00   2.75706e-09
       6160.00   2.68764e-09
       6180.00   2.67144e-09
       6200.00   2.63428e-09
       6220.00   2.62307e-09
       6240.00   2.58715e-09
       6260.00   2.52269e-09
       6280.00   2.49723e-09
       6300.00   2.49213e-09
       6320.00   2.49169e-09
       6340.00   2.45698e-09
       6360.00   2.44966e-09
       6380.00   2.42307e-09
       6400.00   2.37645e-09
       6420.00   2.37467e-09
       6440.00   2.35598e-09
       6460.00   2.32018e-09
       6480.00   2.28609e-09
       6500.00   2.26715e-09
       6520.00   2.19492e-09
       6540.00   1.90576e-09
       6560.00   1.79588e-09
       6580.00   2.04978e-09
       6600.00   2.18742e-09
       6620.00   2.17147e-09
       6640.00   2.16090e-09
       6660.00   2.10656e-09
       6680.00   2.09028e-09
       6700.00   2.07782e-09
       6720.00   2.06912e-09
       6740.00   2.03251e-09
       6760.00   2.01478e-09
       6780.00   2.02931e-09
       6800.00   2.02071e-09
       6820.00   2.02672e-09
       6840.00   2.09527e-09
       6860.00   1.96182e-09
       6880.00   1.86151e-09
       6900.00   1.93935e-09
       6920.00   1.94528e-09
       6940.00   1.89484e-09
       6960.00   1.88282e-09
       6980.00   1.85077e-09
       7000.00   1.85135e-09
       7020.00   1.83041e-09
       7040.00   1.82221e-09
       7060.00   1.81343e-09
       7080.00   1.81300e-09
       7100.00   1.79719e-09
       7120.00   1.77566e-09
       7140.00   1.74966e-09
       7160.00   1.74758e-09
       7180.00   1.71240e-09
       7200.00   1.69655e-09
       7220.00   1.68927e-09
       7240.00   1.62345e-09
       7260.00   1.62302e-09
       7280.00   1.63289e-09
       7300.00   1.63544e-09
       7320.00   1.61836e-09
       7340.00   1.59373e-09
       7360.00   1.59577e-09
       7380.00   1.58652e-09
       7400.00   1.57498e-09
       7420.00   1.56055e-09
       7440.00   1.55057e-09
       7460.00   1.53560e-09
       7480.00   1.51881e-09
       7500.00   1.53579e-09
       7520.00   1.55119e-09
       7540.00   1.57585e-09
       7560.00   1.57519e-09
       7580.00   1.42936e-09
       7600.00   1.24623e-09
       7620.00   1.46145e-09
       7640.00   1.43450e-09
       7660.00   1.43151e-09
       7680.00   1.28804e-09
       7700.00   1.36249e-09
       7720.00   1.37870e-09
       7740.00   1.38088e-09
       7760.00   1.35473e-09
       7780.00   1.35914e-09
       7800.00   1.37050e-09
       7820.00   1.34905e-09
       7840.00   1.36883e-09
       7860.00   1.33783e-09
       7880.00   1.32770e-09
       7900.00   1.31379e-09
       7920.00   1.32406e-09
       7940.00   1.31376e-09
       7960.00   1.29529e-09
       7980.00   1.29376e-09
       8000.00   1.27996e-09
       8020.00   1.26426e-09
       8040.00   1.26000e-09
       8060.00   1.25257e-09
       8080.00   1.23027e-09
       8100.00   1.23224e-09
       8120.00   1.23778e-09
       8140.00   1.20267e-09
       8160.00   1.17051e-09
       8180.00   1.15809e-09
       8200.00   1.17797e-09
       8220.00   1.13295e-09
       8240.00   1.12148e-09
       8260.00   1.16989e-09
       8280.00   1.11737e-09
       8300.00   1.13849e-09
       8320.00   1.09464e-09
       8340.00   1.08564e-09
       8360.00   1.08561e-09
       8380.00   1.08433e-09
       8400.00   1.10906e-09
       8420.00   1.04922e-09
       8440.00   1.03094e-09
       8460.00   1.04773e-09
       8480.00   1.07169e-09
       8500.00   1.09052e-09
       8520.00   1.09974e-09
       8540.00   1.03600e-09
       8560.00   1.12290e-09
       8580.00   1.03658e-09
       8600.00   1.07122e-09
       8620.00   1.15098e-09
       8640.00   1.06164e-09
       8660.00   1.02860e-09
       8680.00   1.16588e-09
       8700.00   1.19028e-09
       8720.00   1.10535e-09
       8740.00   9.96698e-10
       8760.00   1.03986e-09
       8780.00   1.17422e-09
       8800.00   1.21490e-09
       8820.00   1.12370e-09
       8840.00   9.90506e-10
       8860.00   9.55687e-10
       8880.00   1.07056e-09
       8900.00   1.11350e-09
       8920.00   1.10138e-09
       8940.00   1.12862e-09
       8960.00   1.03425e-09
       8980.00   9.65011e-10
       9000.00   7.90038e-10
       9020.00   9.44104e-10
       9040.00   1.08866e-09
       9060.00   1.03312e-09
       9080.00   9.84715e-10
       9100.00   1.05745e-09
       9120.00   1.04678e-09
       9140.00   9.61332e-10
       9160.00   9.75901e-10
       9180.00   9.95533e-10
       9200.00   8.92676e-10
       9220.00   7.80932e-10
       9240.00   8.89325e-10
       9260.00   9.13510e-10
       9280.00   9.13655e-10
       9300.00   8.55780e-10
       9320.00   7.98124e-10
       9340.00   9.02583e-10
       9360.00   7.72591e-10
       9380.00   9.14639e-10
       9400.00   9.60130e-10
       9420.00   8.38917e-10
       9440.00   7.92442e-10
       9460.00   8.25732e-10
       9480.00   7.97177e-10
       9500.00   7.63449e-10
       9520.00   7.02697e-10
       9540.00   6.60010e-10
       9560.00   7.77071e-10
       9580.00   8.08140e-10
       9600.00   8.06064e-10
       9620.00   8.08868e-10
       9640.00   7.95538e-10
       9660.00   8.42595e-10
       9680.00   8.55926e-10
       9700.00   8.20086e-10
       9720.00   8.06064e-10
       9740.00   7.87670e-10
       9760.00   8.10034e-10
       9780.00   7.97723e-10
       9800.00   7.90912e-10
       9820.00   8.27953e-10
       9840.00   8.10252e-10
       9860.00   7.75032e-10
       9880.00   7.70552e-10
       9900.00   7.96011e-10
       9920.00   8.00017e-10
       9940.00   7.92478e-10
       9960.00   7.84684e-10
       9980.00   7.62539e-10
       10000.0   7.35113e-10
       10020.0   6.49884e-10
       10040.0   6.48500e-10
       10060.0   6.86088e-10
       10080.0   7.09399e-10
       10100.0   7.54271e-10
       10120.0   7.30596e-10
       10140.0   7.39738e-10
       10160.0   7.35331e-10
       10180.0   7.30014e-10
       10200.0   7.14571e-10
       10220.0   7.01531e-10
       10240.0   7.23785e-10
       10260.0   6.96906e-10
       10280.0   6.88711e-10
       10300.0   6.93227e-10
       10320.0   6.98873e-10
       10340.0   6.97598e-10
       10360.0   6.87181e-10
       10380.0   6.85542e-10
       10400.0   6.91187e-10
       10420.0   6.79459e-10
       10440.0   6.85506e-10
       10460.0   6.75781e-10
       10480.0   6.41070e-10
       10500.0   6.42381e-10
       10520.0   6.11204e-10
       10540.0   6.40888e-10
       10560.0   6.48027e-10
       10580.0   6.28905e-10
       10600.0   6.32620e-10
       10800.0   5.98055e-10
       11000.0   5.62544e-10
       11200.0   5.26959e-10
       11400.0   4.91993e-10
       11600.0   4.58339e-10
       11800.0   4.26433e-10
       12000.0   3.96530e-10
       12200.0   3.68959e-10
       12400.0   3.43805e-10
       12600.0   3.24458e-10
       12800.0   2.90913e-10
       13000.0   2.91044e-10
       13200.0   2.76628e-10
       13400.0   2.62216e-10
       13600.0   2.48758e-10
       13800.0   2.36447e-10
       14000.0   2.25280e-10
       14200.0   2.14204e-10
       14400.0   2.03131e-10
       14600.0   1.94160e-10
       14800.0   1.85193e-10
       15000.0   1.76222e-10
       15200.0   1.68301e-10
       15400.0   1.60419e-10
       15600.0   1.53662e-10
       15800.0   1.47980e-10
       16000.0   1.43493e-10
       16200.0   1.35943e-10
       16400.0   1.29263e-10
       16600.0   1.26608e-10
       16800.0   1.16766e-10
       17000.0   1.15310e-10
       17200.0   1.11711e-10
       17400.0   1.03957e-10
       17600.0   1.02485e-10
       17800.0   9.97135e-11
       18000.0   9.55760e-11
       18200.0   8.78289e-11
       18400.0   8.77451e-11
       18600.0   8.47512e-11
       18800.0   7.75469e-11
       19000.0   7.83445e-11
       19200.0   7.54380e-11
       19400.0   7.10091e-11
       19600.0   6.95230e-11
       19800.0   6.79350e-11
       20000.0   6.49083e-11
       20200.0   6.25190e-11
       20400.0   6.02280e-11
       20600.0   5.80245e-11
       20800.0   5.60540e-11
       21000.0   5.39743e-11
       21200.0   5.21095e-11
       21400.0   5.02957e-11
       21600.0   4.67809e-11
       21800.0   4.60197e-11
       22000.0   4.53677e-11
       22200.0   4.38890e-11
       22400.0   4.24940e-11
       22600.0   4.11209e-11
       22800.0   3.98534e-11
       23000.0   3.86915e-11
       23200.0   3.75296e-11
       23400.0   3.63845e-11
       23600.0   3.52583e-11
       23800.0   3.42013e-11
       24000.0   3.31633e-11
       24200.0   3.22462e-11
       24400.0   3.12078e-11
       24600.0   3.03792e-11
       24800.0   2.94646e-11
       25000.0   2.86349e-11
       25200.0   2.77382e-11
       25400.0   2.69289e-11
       25600.0   2.61181e-11
