       229.000       0.00000
       234.000       0.00000
       243.000       0.00000
       252.000       0.00000
       256.000       0.00000
       260.000       0.00000
       266.000       0.00000
       275.000       0.00000
       283.000       0.00000
       293.000       0.00000
       301.000       0.00000
       309.000       0.00000
       325.000       0.00000
       342.000       0.00000
       351.000       0.00000
       356.000       0.00000
       365.000       0.00000
       375.000       0.00000
       384.000       0.00000
       400.000       0.00000
       415.000       0.00000
       425.000       0.00000
       445.000       0.00000
       472.000       0.00000
       494.000       0.00000
       506.000       0.00000
       516.000       0.00000
       540.000       0.00000
       564.000       0.00000
       587.000       0.00000
       612.000       0.00000
       640.000       0.00000
       671.000       0.00000
       705.000       0.00000
       736.000       0.00000
       770.000       0.00000
       810.000       0.00000
       850.000       0.00000
       890.000       0.00000
       920.000   2.67652e-20
       940.000   8.09447e-20
       962.000   1.62309e-19
       987.000   3.44588e-19
       1012.00   6.73214e-19
       1037.00   1.22318e-18
       1062.00   2.27365e-18
       1087.00   4.04541e-18
       1112.00   1.54029e-16
       1120.00   1.87513e-16
       1140.00   2.66397e-16
       1160.00   4.17380e-16
       1180.00   5.90745e-16
       1200.00   8.10687e-16
       1220.00   1.19663e-15
       1240.00   1.95669e-15
       1260.00   2.93494e-15
       1280.00   3.97976e-15
       1300.00   5.42890e-15
       1320.00   7.11804e-15
       1340.00   9.07345e-15
       1360.00   1.16405e-14
       1380.00   1.51122e-14
       1400.00   1.96938e-14
       1420.00   2.53032e-14
       1440.00   3.24603e-14
       1460.00   4.18511e-14
       1480.00   5.27315e-14
       1500.00   6.77044e-14
       1520.00   3.90681e-13
       1540.00   6.78357e-13
       1560.00   6.96923e-13
       1580.00   8.98117e-13
       1600.00   1.15198e-12
       1620.00   1.38757e-12
       1640.00   1.58319e-12
       1660.00   1.70705e-12
       1680.00   2.94894e-11
       1700.00   4.44992e-11
       1720.00   5.60799e-11
       1740.00   7.59586e-11
       1760.00   7.20011e-11
       1780.00   9.99006e-11
       1800.00   8.81047e-11
       1820.00   6.31450e-11
       1840.00   6.85397e-11
       1860.00   9.52647e-11
       1880.00   1.08374e-10
       1900.00   1.24441e-10
       1920.00   1.47212e-10
       1940.00   1.20213e-10
       1960.00   1.20906e-10
       1980.00   1.84548e-10
       2000.00   1.88140e-10
       2002.50   1.84927e-10
       2005.00   1.81717e-10
       2007.50   1.78507e-10
       2010.00   1.75298e-10
       2012.50   1.72088e-10
       2015.00   1.68878e-10
       2017.50   1.65668e-10
       2020.00   1.62458e-10
       2022.50   1.64800e-10
       2025.00   1.67142e-10
       2027.50   1.69483e-10
       2030.00   1.71825e-10
       2032.50   1.74167e-10
       2035.00   1.76508e-10
       2037.50   1.78850e-10
       2040.00   1.81192e-10
       2042.50   1.80211e-10
       2045.00   1.79229e-10
       2047.50   1.78248e-10
       2050.00   1.77267e-10
       2052.50   1.76286e-10
       2055.00   1.75305e-10
       2057.50   1.74324e-10
       2060.00   1.73342e-10
       2062.50   1.77457e-10
       2065.00   1.81568e-10
       2067.50   1.85678e-10
       2070.00   1.89793e-10
       2072.50   1.93903e-10
       2075.00   1.98018e-10
       2077.50   2.02128e-10
       2080.00   2.06239e-10
       2082.50   2.06713e-10
       2085.00   2.07187e-10
       2087.50   2.07665e-10
       2090.00   2.08139e-10
       2092.50   2.08614e-10
       2095.00   2.09088e-10
       2097.50   2.09562e-10
       2100.00   2.10036e-10
       2102.50   2.11444e-10
       2105.00   2.12852e-10
       2107.50   2.14260e-10
       2110.00   2.15668e-10
       2112.50   2.17076e-10
       2115.00   2.18484e-10
       2117.50   2.19888e-10
       2120.00   2.21296e-10
       2122.50   2.22580e-10
       2125.00   2.23860e-10
       2127.50   2.25140e-10
       2130.00   2.26420e-10
       2132.50   2.27704e-10
       2135.00   2.28985e-10
       2137.50   2.30265e-10
       2140.00   2.31545e-10
       2142.50   2.31848e-10
       2145.00   2.32147e-10
       2147.50   2.32446e-10
       2150.00   2.32749e-10
       2152.50   2.33048e-10
       2155.00   2.33347e-10
       2157.50   2.33650e-10
       2160.00   2.33949e-10
       2162.50   2.36338e-10
       2165.00   2.38727e-10
       2167.50   2.41116e-10
       2170.00   2.43502e-10
       2172.50   2.45891e-10
       2175.00   2.48280e-10
       2177.50   2.50669e-10
       2180.00   2.53054e-10
       2182.50   2.58274e-10
       2185.00   2.63493e-10
       2187.50   2.68713e-10
       2190.00   2.73932e-10
       2192.50   2.79152e-10
       2195.00   2.84372e-10
       2197.50   2.89591e-10
       2200.00   2.94811e-10
       2202.50   2.93862e-10
       2205.00   2.92910e-10
       2207.50   2.91962e-10
       2210.00   2.91014e-10
       2212.50   2.90065e-10
       2215.00   2.89117e-10
       2217.50   2.88169e-10
       2220.00   2.87217e-10
       2222.50   2.87362e-10
       2225.00   2.87501e-10
       2227.50   2.87647e-10
       2230.00   2.87786e-10
       2232.50   2.87931e-10
       2235.00   2.88074e-10
       2237.50   2.88216e-10
       2240.00   2.88358e-10
       2242.50   2.90098e-10
       2245.00   2.91838e-10
       2247.50   2.93578e-10
       2250.00   2.95314e-10
       2252.50   2.97054e-10
       2255.00   2.98794e-10
       2257.50   3.00537e-10
       2260.00   3.02277e-10
       2262.50   2.97072e-10
       2265.00   2.91867e-10
       2267.50   2.86666e-10
       2270.00   2.81461e-10
       2272.50   2.76256e-10
       2275.00   2.71055e-10
       2277.50   2.65850e-10
       2280.00   2.60648e-10
       2282.50   2.64744e-10
       2285.00   2.68841e-10
       2287.50   2.72937e-10
       2290.00   2.77033e-10
       2292.50   2.81129e-10
       2295.00   2.85225e-10
       2297.50   2.89321e-10
       2300.00   2.93417e-10
       2302.50   2.92484e-10
       2305.00   2.91550e-10
       2307.50   2.90620e-10
       2310.00   2.89686e-10
       2312.50   2.88752e-10
       2315.00   2.87818e-10
       2317.50   2.86885e-10
       2320.00   2.85951e-10
       2322.50   2.81366e-10
       2325.00   2.76781e-10
       2327.50   2.72193e-10
       2330.00   2.67608e-10
       2332.50   2.63019e-10
       2335.00   2.58434e-10
       2337.50   2.53846e-10
       2340.00   2.49261e-10
       2342.50   2.44184e-10
       2345.00   2.39106e-10
       2347.50   2.34029e-10
       2350.00   2.28952e-10
       2352.50   2.23875e-10
       2355.00   2.18797e-10
       2357.50   2.13720e-10
       2360.00   2.08643e-10
       2362.50   2.07381e-10
       2365.00   2.06115e-10
       2367.50   2.04849e-10
       2370.00   2.03584e-10
       2372.50   2.02318e-10
       2375.00   2.01052e-10
       2377.50   1.99787e-10
       2380.00   1.98521e-10
       2382.50   1.92036e-10
       2385.00   1.85554e-10
       2387.50   1.79069e-10
       2390.00   1.72584e-10
       2392.50   1.66099e-10
       2395.00   1.59613e-10
       2397.50   1.53132e-10
       2400.00   1.46647e-10
       2402.50   1.54711e-10
       2405.00   1.62779e-10
       2407.50   1.70844e-10
       2410.00   1.78909e-10
       2412.50   1.86977e-10
       2415.00   1.95041e-10
       2417.50   2.03109e-10
       2420.00   2.11174e-10
       2422.50   2.19873e-10
       2425.00   2.28572e-10
       2427.50   2.37272e-10
       2430.00   2.45971e-10
       2432.50   2.54670e-10
       2435.00   2.63366e-10
       2437.50   2.72065e-10
       2440.00   2.80764e-10
       2442.50   2.80465e-10
       2445.00   2.80166e-10
       2447.50   2.79863e-10
       2450.00   2.79564e-10
       2452.50   2.79261e-10
       2455.00   2.78962e-10
       2457.50   2.78663e-10
       2460.00   2.78361e-10
       2462.50   2.77554e-10
       2465.00   2.76748e-10
       2467.50   2.75942e-10
       2470.00   2.75136e-10
       2472.50   2.74326e-10
       2475.00   2.73520e-10
       2477.50   2.72714e-10
       2480.00   2.71908e-10
       2482.50   2.70803e-10
       2485.00   2.69694e-10
       2487.50   2.68585e-10
       2490.00   2.67480e-10
       2492.50   2.66371e-10
       2495.00   2.65266e-10
       2497.50   2.64157e-10
       2500.00   2.63052e-10
       2502.50   2.56724e-10
       2505.00   2.50399e-10
       2507.50   2.44071e-10
       2510.00   2.37746e-10
       2512.50   2.31418e-10
       2515.00   2.25093e-10
       2517.50   2.18768e-10
       2520.00   2.12440e-10
       2522.50   2.07694e-10
       2525.00   2.02949e-10
       2527.50   1.98207e-10
       2530.00   1.93462e-10
       2532.50   1.88717e-10
       2535.00   1.83971e-10
       2537.50   1.79226e-10
       2540.00   1.74480e-10
       2542.50   1.86185e-10
       2545.00   1.97890e-10
       2547.50   2.09595e-10
       2550.00   2.21296e-10
       2552.50   2.33001e-10
       2555.00   2.44705e-10
       2557.50   2.56410e-10
       2560.00   2.68111e-10
       2562.50   2.80465e-10
       2565.00   2.92815e-10
       2567.50   3.05169e-10
       2570.00   3.17520e-10
       2572.50   3.29874e-10
       2575.00   3.42228e-10
       2577.50   3.54578e-10
       2580.00   3.66936e-10
       2582.50   3.69234e-10
       2585.00   3.71495e-10
       2587.50   3.73793e-10
       2590.00   3.76091e-10
       2592.50   3.78352e-10
       2595.00   3.80650e-10
       2597.50   3.82948e-10
       2600.00   3.85246e-10
       2602.50   3.71459e-10
       2605.00   3.57722e-10
       2607.50   3.43968e-10
       2610.00   3.30213e-10
       2612.50   3.16462e-10
       2615.00   3.02707e-10
       2617.50   2.88953e-10
       2620.00   2.75198e-10
       2622.50   2.92400e-10
       2625.00   3.09597e-10
       2627.50   3.26799e-10
       2630.00   3.43997e-10
       2632.50   3.61198e-10
       2635.00   3.78389e-10
       2637.50   3.95605e-10
       2640.00   4.12784e-10
       2642.50   4.54074e-10
       2645.00   4.95363e-10
       2647.50   5.36653e-10
       2650.00   5.77906e-10
       2652.50   6.19195e-10
       2655.00   6.60484e-10
       2657.50   7.01774e-10
       2660.00   7.43027e-10
       2662.50   7.44121e-10
       2665.00   7.45215e-10
       2667.50   7.46309e-10
       2670.00   7.47404e-10
       2672.50   7.48498e-10
       2675.00   7.49556e-10
       2677.50   7.50650e-10
       2680.00   7.51744e-10
       2682.50   7.51744e-10
       2685.00   7.51744e-10
       2687.50   7.51744e-10
       2690.00   7.51744e-10
       2692.50   7.51744e-10
       2695.00   7.51744e-10
       2697.50   7.51744e-10
       2700.00   7.51744e-10
       2702.50   7.51744e-10
       2705.00   7.51744e-10
       2707.50   7.51744e-10
       2710.00   7.51744e-10
       2712.50   7.51744e-10
       2715.00   7.51744e-10
       2717.50   7.51744e-10
       2720.00   7.51744e-10
       2722.50   7.39707e-10
       2725.00   7.27671e-10
       2727.50   7.15634e-10
       2730.00   7.03597e-10
       2732.50   6.91561e-10
       2735.00   6.79524e-10
       2737.50   6.67451e-10
       2740.00   6.55414e-10
       2742.50   6.33712e-10
       2745.00   6.11973e-10
       2747.50   5.90234e-10
       2750.00   5.68531e-10
       2752.50   5.46793e-10
       2755.00   5.25054e-10
       2757.50   5.03315e-10
       2760.00   4.81612e-10
       2762.50   5.03315e-10
       2765.00   5.25054e-10
       2767.50   5.46793e-10
       2770.00   5.68531e-10
       2772.50   5.90234e-10
       2775.00   6.11973e-10
       2777.50   6.33712e-10
       2780.00   6.55414e-10
       2782.50   6.17626e-10
       2785.00   5.79839e-10
       2787.50   5.42051e-10
       2790.00   5.04263e-10
       2792.50   4.66475e-10
       2795.00   4.28687e-10
       2797.50   3.90900e-10
       2800.00   3.53126e-10
       2802.50   3.73756e-10
       2805.00   3.94401e-10
       2807.50   4.15046e-10
       2810.00   4.35727e-10
       2812.50   4.56372e-10
       2815.00   4.77016e-10
       2817.50   4.97661e-10
       2820.00   5.18306e-10
       2822.50   5.60142e-10
       2825.00   6.02015e-10
       2827.50   6.43852e-10
       2830.00   6.85688e-10
       2832.50   7.27561e-10
       2835.00   7.69398e-10
       2837.50   8.11271e-10
       2840.00   8.53107e-10
       2842.50   8.44463e-10
       2845.00   8.35782e-10
       2847.50   8.27137e-10
       2850.00   8.18493e-10
       2852.50   8.09812e-10
       2855.00   8.01167e-10
       2857.50   7.92523e-10
       2860.00   7.83842e-10
       2862.50   8.06274e-10
       2865.00   8.28706e-10
       2867.50   8.51101e-10
       2870.00   8.73533e-10
       2872.50   8.95929e-10
       2875.00   9.18361e-10
       2877.50   9.40756e-10
       2880.00   9.63188e-10
       2882.50   9.98678e-10
       2885.00   1.03417e-09
       2887.50   1.06966e-09
       2890.00   1.10515e-09
       2892.50   1.14064e-09
       2895.00   1.17613e-09
       2897.50   1.21162e-09
       2900.00   1.24711e-09
       2902.50   1.26607e-09
       2905.00   1.28508e-09
       2907.50   1.30404e-09
       2910.00   1.32301e-09
       2912.50   1.34198e-09
       2915.00   1.36098e-09
       2917.50   1.37995e-09
       2920.00   1.39892e-09
       2922.50   1.39490e-09
       2925.00   1.39089e-09
       2927.50   1.38688e-09
       2930.00   1.38287e-09
       2932.50   1.37885e-09
       2935.00   1.37484e-09
       2937.50   1.37083e-09
       2940.00   1.36682e-09
       2942.50   1.37192e-09
       2945.00   1.37703e-09
       2947.50   1.38214e-09
       2950.00   1.38724e-09
       2952.50   1.39235e-09
       2955.00   1.39742e-09
       2957.50   1.40253e-09
       2960.00   1.40763e-09
       2962.50   1.40654e-09
       2965.00   1.40544e-09
       2967.50   1.40439e-09
       2970.00   1.40329e-09
       2972.50   1.40220e-09
       2975.00   1.40110e-09
       2977.50   1.40001e-09
       2980.00   1.39892e-09
       2982.50   1.39607e-09
       2985.00   1.39319e-09
       2987.50   1.39031e-09
       2990.00   1.38746e-09
       2992.50   1.38458e-09
       2995.00   1.38174e-09
       2997.50   1.37885e-09
       3000.00   1.37601e-09
       3002.50   1.37995e-09
       3005.00   1.38389e-09
       3007.50   1.38786e-09
       3010.00   1.39180e-09
       3012.50   1.39578e-09
       3015.00   1.39972e-09
       3017.50   1.40369e-09
       3020.00   1.40763e-09
       3022.50   1.42948e-09
       3025.00   1.45133e-09
       3027.50   1.47318e-09
       3030.00   1.49503e-09
       3032.50   1.51687e-09
       3035.00   1.53869e-09
       3037.50   1.56053e-09
       3040.00   1.58238e-09
       3042.50   1.58749e-09
       3045.00   1.59260e-09
       3047.50   1.59770e-09
       3050.00   1.60281e-09
       3052.50   1.60792e-09
       3055.00   1.61302e-09
       3057.50   1.61809e-09
       3060.00   1.62320e-09
       3062.50   1.62612e-09
       3065.00   1.62907e-09
       3067.50   1.63199e-09
       3070.00   1.63491e-09
       3072.50   1.63782e-09
       3075.00   1.64074e-09
       3077.50   1.64370e-09
       3080.00   1.64661e-09
       3082.50   1.66150e-09
       3085.00   1.67641e-09
       3087.50   1.69133e-09
       3090.00   1.70621e-09
       3092.50   1.72113e-09
       3095.00   1.73605e-09
       3097.50   1.75093e-09
       3100.00   1.76585e-09
       3102.50   1.77099e-09
       3105.00   1.77617e-09
       3107.50   1.78135e-09
       3110.00   1.78650e-09
       3112.50   1.79164e-09
       3115.00   1.79682e-09
       3117.50   1.80196e-09
       3120.00   1.80714e-09
       3122.50   1.81057e-09
       3125.00   1.81403e-09
       3127.50   1.81746e-09
       3130.00   1.82089e-09
       3132.50   1.82432e-09
       3135.00   1.82778e-09
       3137.50   1.83121e-09
       3140.00   1.83464e-09
       3142.50   1.83752e-09
       3145.00   1.84041e-09
       3147.50   1.84325e-09
       3150.00   1.84613e-09
       3152.50   1.84898e-09
       3155.00   1.85186e-09
       3157.50   1.85474e-09
       3160.00   1.85758e-09
       3162.50   1.86160e-09
       3165.00   1.86561e-09
       3167.50   1.86962e-09
       3170.00   1.87363e-09
       3172.50   1.87765e-09
       3175.00   1.88166e-09
       3177.50   1.88567e-09
       3180.00   1.88968e-09
       3182.50   1.89369e-09
       3185.00   1.89771e-09
       3187.50   1.90172e-09
       3190.00   1.90573e-09
       3192.50   1.90974e-09
       3195.00   1.91379e-09
       3197.50   1.91780e-09
       3200.00   1.92178e-09
       3202.50   1.92123e-09
       3205.00   1.92065e-09
       3207.50   1.92007e-09
       3210.00   1.91952e-09
       3212.50   1.91894e-09
       3215.00   1.91835e-09
       3217.50   1.91780e-09
       3220.00   1.91722e-09
       3222.50   1.91200e-09
       3225.00   1.90679e-09
       3227.50   1.90157e-09
       3230.00   1.89636e-09
       3232.50   1.89114e-09
       3235.00   1.88593e-09
       3237.50   1.88067e-09
       3240.00   1.87546e-09
       3260.00   2.19556e-09
       3270.00   2.48619e-09
       3280.00   2.33285e-09
       3290.00   2.47747e-09
       3300.00   2.56056e-09
       3310.00   2.48378e-09
       3320.00   2.52387e-09
       3330.00   2.38548e-09
       3340.00   2.29616e-09
       3350.00   2.37385e-09
       3360.00   2.16259e-09
       3370.00   2.24775e-09
       3380.00   2.27201e-09
       3390.00   2.35546e-09
       3400.00   2.26165e-09
       3410.00   2.29951e-09
       3420.00   2.35867e-09
       3430.00   2.44140e-09
       3440.00   2.11718e-09
       3450.00   2.23637e-09
       3460.00   2.36148e-09
       3470.00   2.35517e-09
       3480.00   2.31345e-09
       3490.00   2.29025e-09
       3500.00   2.41751e-09
       3510.00   2.54152e-09
       3520.00   2.42305e-09
       3530.00   2.51719e-09
       3540.00   2.66393e-09
       3550.00   2.66900e-09
       3560.00   2.36980e-09
       3570.00   2.17674e-09
       3580.00   2.03131e-09
       3590.00   2.31753e-09
       3600.00   2.47379e-09
       3610.00   2.23608e-09
       3620.00   2.43392e-09
       3630.00   2.52259e-09
       3640.00   2.48626e-09
       3650.00   2.70092e-09
       3660.00   2.86793e-09
       3670.00   2.80407e-09
       3680.00   2.68793e-09
       3690.00   2.77697e-09
       3700.00   2.73783e-09
       3710.00   2.69990e-09
       3720.00   2.59620e-09
       3730.00   2.31946e-09
       3740.00   2.22273e-09
       3750.00   2.49684e-09
       3760.00   2.62151e-09
       3770.00   2.80917e-09
       3780.00   3.12442e-09
       3790.00   2.88008e-09
       3800.00   2.90240e-09
       3810.00   2.96383e-09
       3820.00   2.50968e-09
       3830.00   2.03843e-09
       3840.00   2.32665e-09
       3850.00   2.80071e-09
       3860.00   2.85721e-09
       3870.00   2.83584e-09
       3880.00   2.51457e-09
       3890.00   2.50388e-09
       3900.00   2.80250e-09
       3910.00   3.02675e-09
       3920.00   2.67579e-09
       3930.00   1.83752e-09
       3940.00   2.03051e-09
       3950.00   2.88457e-09
       3960.00   2.43089e-09
       3970.00   2.13906e-09
       3980.00   3.04775e-09
       3990.00   3.71568e-09
       4000.00   3.88638e-09
       4010.00   4.00675e-09
       4020.00   4.08663e-09
       4030.00   4.11508e-09
       4040.00   3.97064e-09
       4050.00   3.90061e-09
       4060.00   3.86924e-09
       4070.00   3.95751e-09
       4080.00   4.05562e-09
       4090.00   3.92723e-09
       4100.00   3.75799e-09
       4110.00   4.03520e-09
       4120.00   4.30912e-09
       4130.00   4.30037e-09
       4140.00   4.19824e-09
       4150.00   4.16760e-09
       4160.00   4.14025e-09
       4170.00   4.08991e-09
       4180.00   3.92140e-09
       4190.00   3.97100e-09
       4200.00   3.94219e-09
       4210.00   4.03228e-09
       4220.00   3.96991e-09
       4230.00   3.93526e-09
       4240.00   3.96188e-09
       4250.00   3.96006e-09
       4260.00   4.02097e-09
       4270.00   4.00748e-09
       4280.00   3.86778e-09
       4290.00   3.63255e-09
       4300.00   3.15506e-09
       4310.00   3.44588e-09
       4320.00   3.84480e-09
       4330.00   3.64273e-09
       4340.00   3.52302e-09
       4350.00   3.89404e-09
       4360.00   4.09465e-09
       4370.00   4.01295e-09
       4380.00   3.87362e-09
       4390.00   4.05818e-09
       4400.00   4.06657e-09
       4410.00   4.11836e-09
       4420.00   4.29162e-09
       4430.00   4.26645e-09
       4440.00   4.27265e-09
       4450.00   4.09939e-09
       4460.00   4.07204e-09
       4470.00   4.25952e-09
       4480.00   4.22085e-09
       4490.00   4.30475e-09
       4500.00   4.32736e-09
       4510.00   4.50937e-09
       4520.00   4.07642e-09
       4530.00   3.94438e-09
       4540.00   4.17563e-09
       4550.00   4.29380e-09
       4560.00   4.26462e-09
       4570.00   4.30292e-09
       4580.00   4.28578e-09
       4590.00   4.29162e-09
       4600.00   4.35545e-09
       4610.00   4.38937e-09
       4620.00   4.39630e-09
       4630.00   4.34268e-09
       4640.00   4.23909e-09
       4650.00   4.28067e-09
       4660.00   4.09648e-09
       4670.00   4.08845e-09
       4680.00   4.07933e-09
       4690.00   4.04651e-09
       4700.00   4.06000e-09
       4710.00   4.20991e-09
       4720.00   4.24274e-09
       4730.00   4.17344e-09
       4740.00   4.27265e-09
       4750.00   4.29855e-09
       4760.00   4.20371e-09
       4770.00   4.29198e-09
       4780.00   4.27994e-09
       4790.00   4.26462e-09
       4800.00   4.27192e-09
       4810.00   4.33393e-09
       4820.00   4.21429e-09
       4830.00   4.19715e-09
       4840.00   4.00383e-09
       4850.00   3.65659e-09
       4860.00   3.44099e-09
       4870.00   3.78535e-09
       4880.00   3.90973e-09
       4890.00   3.99727e-09
       4900.00   4.15155e-09
       4910.00   4.06730e-09
       4920.00   4.04395e-09
       4930.00   4.02535e-09
       4940.00   4.05672e-09
       4950.00   4.12675e-09
       4960.00   4.09575e-09
       4970.00   4.10669e-09
       4980.00   3.90353e-09
       4990.00   3.94109e-09
       5000.00   3.81817e-09
       5010.00   3.71349e-09
       5020.00   3.85100e-09
       5030.00   4.00930e-09
       5040.00   3.90353e-09
       5050.00   3.98632e-09
       5060.00   4.04067e-09
       5070.00   3.93088e-09
       5080.00   3.90717e-09
       5090.00   3.87690e-09
       5100.00   3.80249e-09
       5110.00   3.91009e-09
       5120.00   3.84480e-09
       5130.00   3.77915e-09
       5140.00   3.70255e-09
       5150.00   3.81124e-09
       5160.00   3.52339e-09
       5170.00   3.42859e-09
       5180.00   3.51266e-09
       5190.00   3.67738e-09
       5200.00   3.68030e-09
       5210.00   3.73939e-09
       5220.00   3.73282e-09
       5230.00   3.73100e-09
       5240.00   3.84626e-09
       5250.00   3.88748e-09
       5260.00   3.63204e-09
       5270.00   3.52506e-09
       5280.00   3.73246e-09
       5290.00   3.78097e-09
       5300.00   3.73975e-09
       5310.00   3.79118e-09
       5320.00   3.59881e-09
       5330.00   3.53611e-09
       5340.00   3.68723e-09
       5350.00   3.80760e-09
       5360.00   3.72516e-09
       5370.00   3.64138e-09
       5380.00   3.70291e-09
       5390.00   3.69963e-09
       5400.00   3.60673e-09
       5410.00   3.59488e-09
       5420.00   3.60567e-09
       5430.00   3.62898e-09
       5440.00   3.62796e-09
       5450.00   3.68176e-09
       5460.00   3.59440e-09
       5470.00   3.60334e-09
       5480.00   3.48531e-09
       5490.00   3.52707e-09
       5500.00   3.60567e-09
       5510.00   3.67227e-09
       5520.00   3.65914e-09
       5530.00   3.59178e-09
       5540.00   3.63978e-09
       5550.00   3.70218e-09
       5560.00   3.68504e-09
       5570.00   3.60812e-09
       5580.00   3.62329e-09
       5590.00   3.56446e-09
       5600.00   3.57653e-09
       5610.00   3.62672e-09
       5620.00   3.64893e-09
       5630.00   3.63930e-09
       5640.00   3.62643e-09
       5650.00   3.57212e-09
       5660.00   3.68322e-09
       5670.00   3.75580e-09
       5680.00   3.71203e-09
       5690.00   3.68176e-09
       5700.00   3.68942e-09
       5710.00   3.71021e-09
       5720.00   3.72443e-09
       5730.00   3.92249e-09
       5740.00   3.65841e-09
       5760.00   3.59958e-09
       5780.00   3.62416e-09
       5800.00   3.56668e-09
       5820.00   3.61683e-09
       5840.00   3.49844e-09
       5860.00   3.42647e-09
       5880.00   3.38420e-09
       5900.00   3.47509e-09
       5920.00   3.47072e-09
       5940.00   3.45047e-09
       5960.00   3.44894e-09
       5980.00   3.47823e-09
       6000.00   3.46116e-09
       6020.00   3.46867e-09
       6040.00   3.52732e-09
       6060.00   3.51004e-09
       6080.00   3.47517e-09
       6100.00   3.44945e-09
       6120.00   3.40327e-09
       6140.00   3.29060e-09
       6160.00   3.18793e-09
       6180.00   3.23954e-09
       6200.00   3.18140e-09
       6220.00   3.15247e-09
       6240.00   3.14635e-09
       6260.00   3.17122e-09
       6280.00   3.14828e-09
       6300.00   3.13384e-09
       6320.00   3.14992e-09
       6340.00   3.15215e-09
       6360.00   3.20864e-09
       6380.00   3.19661e-09
       6400.00   3.15769e-09
       6420.00   3.17815e-09
       6440.00   3.13734e-09
       6460.00   3.11793e-09
       6480.00   3.07238e-09
       6500.00   3.07967e-09
       6520.00   3.02711e-09
       6540.00   2.85922e-09
       6560.00   2.73932e-09
       6580.00   2.89580e-09
       6600.00   3.01245e-09
       6620.00   3.06191e-09
       6640.00   2.99859e-09
       6660.00   2.93840e-09
       6680.00   2.95051e-09
       6700.00   2.95245e-09
       6720.00   2.97149e-09
       6740.00   2.97098e-09
       6760.00   2.96777e-09
       6780.00   2.92648e-09
       6800.00   2.93060e-09
       6820.00   2.93483e-09
       6840.00   2.96707e-09
       6860.00   2.82121e-09
       6880.00   2.70241e-09
       6900.00   2.75847e-09
       6920.00   2.77478e-09
       6940.00   2.73360e-09
       6960.00   2.76103e-09
       6980.00   2.75895e-09
       7000.00   2.66437e-09
       7020.00   2.68494e-09
       7040.00   2.75869e-09
       7060.00   2.73433e-09
       7080.00   2.75184e-09
       7100.00   2.72313e-09
       7120.00   2.71671e-09
       7140.00   2.69271e-09
       7160.00   2.69709e-09
       7180.00   2.69271e-09
       7200.00   2.64380e-09
       7220.00   2.63778e-09
       7240.00   2.54535e-09
       7260.00   2.56684e-09
       7280.00   2.49866e-09
       7300.00   2.52029e-09
       7320.00   2.54149e-09
       7340.00   2.53576e-09
       7360.00   2.48141e-09
       7380.00   2.45369e-09
       7400.00   2.44246e-09
       7420.00   2.41539e-09
       7440.00   2.47200e-09
       7460.00   2.45486e-09
       7480.00   2.45347e-09
       7500.00   2.42484e-09
       7520.00   2.47233e-09
       7540.00   2.55221e-09
       7560.00   2.59846e-09
       7580.00   2.32785e-09
       7600.00   1.90413e-09
       7620.00   2.40974e-09
       7640.00   2.25374e-09
       7660.00   2.27945e-09
       7680.00   2.13125e-09
       7700.00   2.25768e-09
       7720.00   2.27559e-09
       7740.00   2.25286e-09
       7760.00   2.26326e-09
       7780.00   2.27351e-09
       7800.00   2.29802e-09
       7820.00   2.28270e-09
       7840.00   2.28886e-09
       7860.00   2.28273e-09
       7880.00   2.25158e-09
       7900.00   2.22970e-09
       7920.00   2.17098e-09
       7940.00   2.19147e-09
       7960.00   2.16477e-09
       7980.00   2.18520e-09
       8000.00   2.09854e-09
       8020.00   2.10342e-09
       8040.00   2.12359e-09
       8060.00   2.17926e-09
       8080.00   2.12626e-09
       8100.00   2.08059e-09
       8120.00   2.16394e-09
       8140.00   2.17659e-09
       8160.00   2.14606e-09
       8180.00   2.08621e-09
       8200.00   2.13169e-09
       8220.00   2.12294e-09
       8240.00   2.13217e-09
       8260.00   2.09762e-09
       8280.00   2.08592e-09
       8300.00   2.07589e-09
       8320.00   2.01658e-09
       8340.00   1.95625e-09
       8360.00   1.96898e-09
       8380.00   1.98780e-09
       8400.00   1.99075e-09
       8420.00   1.96898e-09
       8440.00   1.90387e-09
       8460.00   1.96887e-09
       8480.00   1.87987e-09
       8500.00   1.84515e-09
       8520.00   1.80302e-09
       8540.00   1.78708e-09
       8560.00   1.91255e-09
       8580.00   1.84985e-09
       8600.00   1.84715e-09
       8620.00   1.82374e-09
       8640.00   1.79755e-09
       8660.00   1.68947e-09
       8680.00   1.80747e-09
       8700.00   1.77588e-09
       8720.00   1.81695e-09
       8740.00   1.73948e-09
       8760.00   1.78602e-09
       8780.00   1.77220e-09
       8800.00   1.73576e-09
       8820.00   1.75053e-09
       8840.00   1.66784e-09
       8860.00   1.72766e-09
       8880.00   1.71431e-09
       8900.00   1.71646e-09
       8920.00   1.75856e-09
       8940.00   1.75888e-09
       8960.00   1.70173e-09
       8980.00   1.70921e-09
       9000.00   1.65530e-09
       9020.00   1.64392e-09
       9040.00   1.68524e-09
       9060.00   1.63622e-09
       9080.00   1.55415e-09
       9100.00   1.65373e-09
       9120.00   1.61609e-09
       9140.00   1.62342e-09
       9160.00   1.62039e-09
       9180.00   1.70735e-09
       9200.00   1.63491e-09
       9220.00   1.59150e-09
       9240.00   1.61565e-09
       9260.00   1.65103e-09
       9280.00   1.70403e-09
       9300.00   1.80375e-09
       9320.00   1.68061e-09
       9340.00   1.72398e-09
       9360.00   1.67379e-09
       9380.00   1.69301e-09
       9400.00   1.65336e-09
       9420.00   1.59420e-09
       9440.00   1.56892e-09
       9460.00   1.62258e-09
       9480.00   1.61328e-09
       9500.00   1.56021e-09
       9520.00   1.61196e-09
       9540.00   1.57009e-09
       9560.00   1.63224e-09
       9580.00   1.56061e-09
       9600.00   1.53022e-09
       9620.00   1.48095e-09
       9640.00   1.51272e-09
       9660.00   1.45100e-09
       9680.00   1.50024e-09
       9700.00   1.41569e-09
       9720.00   1.36667e-09
       9740.00   1.42266e-09
       9760.00   1.36477e-09
       9780.00   1.40176e-09
       9800.00   1.35825e-09
       9820.00   1.39038e-09
       9840.00   1.35635e-09
       9860.00   1.39611e-09
       9880.00   1.28778e-09
       9900.00   1.34891e-09
       9920.00   1.31780e-09
       9940.00   1.34927e-09
       9960.00   1.35387e-09
       9980.00   1.33516e-09
       10000.0   1.36944e-09
       10020.0   1.31134e-09
       10040.0   1.26345e-09
       10060.0   1.25196e-09
       10080.0   1.27187e-09
       10100.0   1.28303e-09
       10120.0   1.27585e-09
       10140.0   1.23759e-09
       10160.0   1.20709e-09
       10180.0   1.18641e-09
       10200.0   1.23368e-09
       10220.0   1.22143e-09
       10240.0   1.25039e-09
       10260.0   1.22347e-09
       10280.0   1.24273e-09
       10300.0   1.16726e-09
       10320.0   1.18762e-09
       10340.0   1.16960e-09
       10360.0   1.14042e-09
       10380.0   1.10741e-09
       10400.0   1.12145e-09
       10420.0   1.14556e-09
       10440.0   1.10084e-09
       10460.0   1.09351e-09
       10480.0   1.09942e-09
       10500.0   1.05029e-09
       10520.0   1.01743e-09
       10540.0   1.05521e-09
       10560.0   1.14013e-09
       10580.0   1.10044e-09
       10600.0   1.05791e-09
       10800.0   1.00305e-09
       11000.0   9.60963e-10
       11200.0   9.27990e-10
       11400.0   9.00999e-10
       11600.0   8.77618e-10
       11800.0   8.55478e-10
       12000.0   8.32463e-10
       12200.0   8.06711e-10
       12400.0   7.76766e-10
       12600.0   7.39634e-10
       12800.0   7.04947e-10
       13000.0   6.77518e-10
       13200.0   6.52423e-10
       13400.0   6.27365e-10
       13600.0   5.99790e-10
       13800.0   5.75170e-10
       14000.0   5.53540e-10
       14200.0   5.34646e-10
       14400.0   5.15789e-10
       14600.0   4.97406e-10
       14800.0   4.78986e-10
       15000.0   4.60603e-10
       15200.0   4.42402e-10
       15400.0   4.25332e-10
       15600.0   4.10705e-10
       15800.0   3.96845e-10
       16000.0   3.87653e-10
       16200.0   3.80541e-10
       16400.0   3.68103e-10
       16600.0   3.51077e-10
       16800.0   3.37964e-10
       17000.0   3.25584e-10
       17200.0   3.11644e-10
       17400.0   2.98436e-10
       17600.0   2.85506e-10
       17800.0   2.74491e-10
       18000.0   2.63169e-10
       18200.0   2.53255e-10
       18400.0   2.44465e-10
       18600.0   2.36137e-10
       18800.0   2.26887e-10
       19000.0   2.19388e-10
       19200.0   2.10532e-10
       19400.0   2.02985e-10
       19600.0   1.96084e-10
       19800.0   1.89158e-10
       20000.0   1.83016e-10
       20200.0   1.77012e-10
       20400.0   1.71030e-10
       20600.0   1.64519e-10
       20800.0   1.58607e-10
       21000.0   1.52672e-10
       21200.0   1.46778e-10
       21400.0   1.42547e-10
       21600.0   1.37397e-10
       21800.0   1.33392e-10
       22000.0   1.29409e-10
       22200.0   1.25798e-10
       22400.0   1.21658e-10
       22600.0   1.18069e-10
       22800.0   1.14501e-10
       23000.0   1.10960e-10
       23200.0   1.07418e-10
       23400.0   1.04427e-10
       23600.0   1.01987e-10
       23800.0   9.84672e-11
       24000.0   9.54981e-11
       24200.0   9.31054e-11
       24400.0   9.01400e-11
       24600.0   8.72184e-11
       24800.0   8.48256e-11
       25000.0   8.19003e-11
       25200.0   8.00620e-11
       25400.0   7.76912e-11
       25600.0   7.53239e-11
