       2907.04   1.18940e-12
       2909.79   1.11460e-12
       2912.53   1.11430e-12
       2915.28   1.14350e-12
       2918.02   1.09500e-12
       2920.77   1.10870e-12
       2923.51   1.04410e-12
       2926.26   9.55270e-13
       2929.00   9.64340e-13
       2931.75   1.09610e-12
       2934.49   1.13150e-12
       2937.24   1.04570e-12
       2939.98   1.01620e-12
       2942.73   1.05440e-12
       2945.47   1.12500e-12
       2948.22   1.04510e-12
       2950.96   1.03210e-12
       2953.71   1.13640e-12
       2956.45   1.16870e-12
       2959.20   1.22680e-12
       2961.94   1.22780e-12
       2964.69   1.22320e-12
       2967.43   1.02970e-12
       2970.18   1.04130e-12
       2972.92   1.10880e-12
       2975.67   1.25000e-12
       2978.41   1.32300e-12
       2981.16   1.21320e-12
       2983.90   1.00120e-12
       2986.65   9.40170e-13
       2989.39   1.12710e-12
       2992.14   1.30590e-12
       2994.88   1.22380e-12
       2997.63   1.22320e-12
       3000.38   1.13000e-12
       3003.12   9.48040e-13
       3005.87   1.08580e-12
       3008.61   1.12740e-12
       3011.36   1.16560e-12
       3014.10   1.24460e-12
       3016.85   1.21270e-12
       3019.59   1.05670e-12
       3022.34   1.00740e-12
       3025.09   1.25830e-12
       3027.83   1.34470e-12
       3030.58   1.42030e-12
       3033.32   1.43860e-12
       3036.07   1.46980e-12
       3038.81   1.33320e-12
       3041.56   1.33410e-12
       3044.31   1.38510e-12
       3047.05   1.45620e-12
       3049.80   1.40630e-12
       3052.54   1.53020e-12
       3055.29   1.47760e-12
       3058.04   1.28900e-12
       3060.78   1.21330e-12
       3063.53   1.37970e-12
       3066.27   1.28230e-12
       3069.02   1.30440e-12
       3071.77   1.45620e-12
       3074.51   1.41500e-12
       3077.26   1.41090e-12
       3080.00   1.43600e-12
       3082.75   1.44210e-12
       3085.50   1.47510e-12
       3088.24   1.49300e-12
       3090.99   1.34560e-12
       3093.73   1.19690e-12
       3096.48   1.20820e-12
       3099.23   1.19890e-12
       3101.97   1.15070e-12
       3104.72   1.33630e-12
       3107.47   1.55950e-12
       3110.21   1.68530e-12
       3112.96   1.64540e-12
       3115.71   1.64310e-12
       3118.45   1.50860e-12
       3121.20   1.41720e-12
       3123.94   1.45650e-12
       3126.69   1.50970e-12
       3129.44   1.53010e-12
       3132.18   1.51330e-12
       3134.93   1.51400e-12
       3137.68   1.58830e-12
       3140.42   1.70270e-12
       3143.17   1.57600e-12
       3145.92   1.30330e-12
       3148.66   1.40390e-12
       3151.41   1.55650e-12
       3154.16   1.56920e-12
       3156.90   1.47410e-12
       3159.65   1.28100e-12
       3162.40   1.22100e-12
       3165.14   1.37240e-12
       3167.89   1.49430e-12
       3170.64   1.60660e-12
       3173.38   1.76820e-12
       3176.13   1.76880e-12
       3178.88   1.62700e-12
       3181.62   1.33550e-12
       3184.37   1.32290e-12
       3187.12   1.49400e-12
       3189.87   1.57700e-12
       3192.61   1.54460e-12
       3195.36   1.42600e-12
       3198.11   1.54990e-12
       3200.85   1.70780e-12
       3203.60   1.77170e-12
       3206.35   1.83500e-12
       3209.09   1.77160e-12
       3211.84   1.54040e-12
       3214.59   1.39670e-12
       3217.34   1.48260e-12
       3220.08   1.64000e-12
       3222.83   1.68140e-12
       3225.58   1.57690e-12
       3228.32   1.42390e-12
       3231.07   1.33620e-12
       3233.82   1.43540e-12
       3236.57   1.44000e-12
       3239.31   1.49170e-12
       3242.06   1.59080e-12
       3244.81   1.70230e-12
       3247.56   1.72690e-12
       3250.30   1.63190e-12
       3253.05   1.65220e-12
       3255.80   1.77940e-12
       3258.55   1.93900e-12
       3261.29   2.04390e-12
       3264.04   2.00270e-12
       3266.79   1.95140e-12
       3269.54   1.97120e-12
       3272.28   1.98430e-12
       3275.03   1.94770e-12
       3277.78   1.93880e-12
       3280.53   1.88010e-12
       3283.27   1.88970e-12
       3286.02   1.87410e-12
       3288.77   1.81770e-12
       3291.52   1.96190e-12
       3294.26   2.13160e-12
       3297.01   2.18350e-12
       3299.76   2.20810e-12
       3302.51   2.21570e-12
       3305.25   2.04320e-12
       3308.00   1.91190e-12
       3310.75   2.00340e-12
       3313.50   2.03790e-12
       3316.24   1.96130e-12
       3318.99   2.05010e-12
       3321.74   2.03780e-12
       3324.49   1.89720e-12
       3327.24   1.95420e-12
       3329.98   1.96590e-12
       3332.73   1.95690e-12
       3335.48   1.96550e-12
       3338.23   1.80110e-12
       3340.98   1.87280e-12
       3343.72   1.94590e-12
       3346.47   2.02650e-12
       3349.22   1.99330e-12
       3351.97   1.88560e-12
       3354.71   2.02680e-12
       3357.46   2.05550e-12
       3360.21   1.84220e-12
       3362.96   1.57560e-12
       3365.71   1.81160e-12
       3368.46   1.87500e-12
       3371.20   1.68270e-12
       3373.95   1.71430e-12
       3376.70   1.88580e-12
       3379.45   1.98450e-12
       3382.20   1.77290e-12
       3384.94   1.88010e-12
       3387.69   2.01480e-12
       3390.44   1.99300e-12
       3393.19   1.95260e-12
       3395.94   1.86010e-12
       3398.68   2.04040e-12
       3401.43   2.17420e-12
       3404.18   2.13440e-12
       3406.93   2.01430e-12
       3409.68   1.93980e-12
       3412.43   1.96700e-12
       3415.17   1.93300e-12
       3417.92   1.91420e-12
       3420.67   2.06480e-12
       3423.42   2.07070e-12
       3426.17   1.98310e-12
       3428.92   2.03180e-12
       3431.66   2.15600e-12
       3434.41   2.07970e-12
       3437.16   2.06660e-12
       3439.91   1.93560e-12
       3442.66   1.63120e-12
       3445.41   1.57200e-12
       3448.15   1.76820e-12
       3450.90   1.95200e-12
       3453.65   2.02750e-12
       3456.40   1.99530e-12
       3459.15   1.93960e-12
       3461.90   1.81420e-12
       3464.65   1.86450e-12
       3467.39   1.97250e-12
       3470.14   2.02020e-12
       3472.89   2.06440e-12
       3475.64   1.86500e-12
       3478.39   1.73620e-12
       3481.14   1.88380e-12
       3483.89   1.89850e-12
       3486.63   1.83930e-12
       3489.38   1.94210e-12
       3492.13   1.82980e-12
       3494.88   1.81140e-12
       3497.63   1.81190e-12
       3500.38   1.90440e-12
       3503.13   2.11680e-12
       3505.88   2.15710e-12
       3508.62   2.04620e-12
       3511.37   2.03580e-12
       3514.12   1.93220e-12
       3516.87   1.94420e-12
       3519.62   2.12820e-12
       3522.37   2.08410e-12
       3525.12   1.89580e-12
       3527.87   1.77180e-12
       3530.61   1.93890e-12
       3533.36   2.03990e-12
       3536.11   2.07860e-12
       3538.86   2.16990e-12
       3541.61   2.23720e-12
       3544.36   2.24250e-12
       3547.11   2.28520e-12
       3549.86   2.28340e-12
       3552.61   2.30600e-12
       3555.35   2.18870e-12
       3558.10   2.16330e-12
       3560.85   2.17680e-12
       3563.60   2.19160e-12
       3566.35   2.11350e-12
       3569.10   1.83660e-12
       3571.85   1.73990e-12
       3574.60   1.79360e-12
       3577.35   1.91290e-12
       3580.10   1.91050e-12
       3582.84   1.69410e-12
       3585.59   1.62750e-12
       3588.34   1.56190e-12
       3591.09   1.74400e-12
       3593.84   2.02630e-12
       3596.59   2.13880e-12
       3599.34   2.26480e-12
       3602.09   2.24800e-12
       3604.84   2.09190e-12
       3607.59   1.93430e-12
       3610.34   1.88600e-12
       3613.08   1.86660e-12
       3615.83   1.93660e-12
       3618.58   1.96960e-12
       3621.33   1.76890e-12
       3624.08   1.92600e-12
       3626.83   2.14240e-12
       3629.58   2.30640e-12
       3632.33   2.08450e-12
       3635.08   1.85900e-12
       3637.83   1.96850e-12
       3640.58   2.14110e-12
       3643.33   2.23440e-12
       3646.07   2.08150e-12
       3648.82   1.99870e-12
       3651.57   2.00490e-12
       3654.32   2.19380e-12
       3657.07   2.35000e-12
       3659.82   2.43160e-12
       3662.57   2.46390e-12
       3665.32   2.39200e-12
       3668.07   2.33860e-12
       3670.82   2.30710e-12
       3673.57   2.33300e-12
       3676.32   2.40870e-12
       3679.07   2.31780e-12
       3681.82   2.19250e-12
       3684.57   2.22660e-12
       3687.31   2.22380e-12
       3690.06   2.16280e-12
       3692.81   2.33700e-12
       3695.56   2.42840e-12
       3698.31   2.41460e-12
       3701.06   2.49210e-12
       3703.81   2.50620e-12
       3706.56   2.20580e-12
       3709.31   2.05780e-12
       3712.06   2.15730e-12
       3714.81   2.41400e-12
       3717.56   2.58950e-12
       3720.31   2.44260e-12
       3723.06   2.00510e-12
       3725.81   2.07080e-12
       3728.56   2.34910e-12
       3731.31   2.31550e-12
       3734.05   2.16830e-12
       3736.80   1.79070e-12
       3739.55   1.80910e-12
       3742.30   2.21490e-12
       3745.05   2.28910e-12
       3747.80   1.99070e-12
       3750.55   1.77720e-12
       3753.30   1.89980e-12
       3756.05   2.36530e-12
       3758.80   2.53270e-12
       3761.55   2.21400e-12
       3764.30   2.29310e-12
       3767.05   2.35700e-12
       3769.80   2.26860e-12
       3772.55   2.32270e-12
       3775.30   2.41930e-12
       3778.05   2.63350e-12
       3780.80   2.77930e-12
       3783.55   2.93800e-12
       3786.30   2.95930e-12
       3789.05   2.70560e-12
       3791.80   2.48330e-12
       3794.55   2.43970e-12
       3797.29   2.25760e-12
       3800.04   2.07260e-12
       3802.79   2.28260e-12
       3805.54   2.63280e-12
       3808.29   2.79240e-12
       3811.04   2.79180e-12
       3813.79   2.77770e-12
       3816.54   2.52870e-12
       3819.29   2.33930e-12
       3822.04   2.34200e-12
       3824.79   2.23650e-12
       3827.54   2.05040e-12
       3830.29   1.86330e-12
       3833.04   1.80380e-12
       3835.79   1.61500e-12
       3838.54   1.60140e-12
       3841.29   1.69630e-12
       3844.04   2.01390e-12
       3846.79   2.44980e-12
       3849.54   2.66050e-12
       3852.29   2.70430e-12
       3855.04   2.75130e-12
       3857.79   2.62270e-12
       3860.54   2.44500e-12
       3863.29   2.42150e-12
       3866.04   2.79500e-12
       3868.79   2.82690e-12
       3871.54   2.72700e-12
       3874.29   2.49020e-12
       3877.04   2.55320e-12
       3879.79   2.57920e-12
       3882.54   2.48040e-12
       3885.28   2.37440e-12
       3888.03   2.19240e-12
       3890.78   1.98000e-12
       3893.53   2.18410e-12
       3896.28   2.42050e-12
       3899.03   2.58610e-12
       3901.78   2.66350e-12
       3904.53   2.66770e-12
       3907.28   2.51970e-12
       3910.03   2.65290e-12
       3912.78   2.86410e-12
       3915.53   2.90150e-12
       3918.28   2.82650e-12
       3921.03   2.67660e-12
       3923.78   2.48190e-12
       3926.53   2.40600e-12
       3929.28   2.03280e-12
       3932.03   1.45470e-12
       3934.78   1.03140e-12
       3937.53   1.01640e-12
       3940.28   1.37960e-12
       3943.03   1.87080e-12
       3945.78   2.12980e-12
       3948.53   2.38150e-12
       3951.28   2.58670e-12
       3954.03   2.69680e-12
       3956.78   2.68970e-12
       3959.53   2.62260e-12
       3962.28   2.51960e-12
       3965.03   2.01870e-12
       3967.78   1.53880e-12
       3970.53   1.08880e-12
       3973.28   1.25950e-12
       3976.03   1.77700e-12
       3978.78   2.30850e-12
       3981.53   2.71420e-12
       3984.28   2.92470e-12
       3987.03   2.98310e-12
       3989.78   3.05550e-12
       3992.53   3.17770e-12
       3995.28   3.26050e-12
       3998.03   3.22360e-12
       4000.78   3.21400e-12
       4003.53   3.41120e-12
       4006.28   3.34860e-12
       4009.03   3.19180e-12
       4011.78   3.38430e-12
       4014.53   3.49920e-12
       4017.28   3.46380e-12
       4020.03   3.45950e-12
       4022.77   3.53980e-12
       4025.52   3.54890e-12
       4028.27   3.56400e-12
       4031.02   3.53210e-12
       4033.77   3.26790e-12
       4036.52   3.30330e-12
       4039.27   3.47360e-12
       4042.02   3.58620e-12
       4044.77   3.44110e-12
       4047.52   3.19800e-12
       4050.27   3.33650e-12
       4053.02   3.50330e-12
       4055.77   3.38980e-12
       4058.52   3.28490e-12
       4061.27   3.25180e-12
       4064.02   3.26950e-12
       4066.77   3.13150e-12
       4069.52   3.25620e-12
       4072.27   3.39270e-12
       4075.02   3.26390e-12
       4077.77   3.25050e-12
       4080.52   3.11530e-12
       4083.27   3.35200e-12
       4086.02   3.38500e-12
       4088.77   3.43600e-12
       4091.52   3.54440e-12
       4094.27   3.46570e-12
       4097.02   3.29560e-12
       4099.77   3.03510e-12
       4102.52   2.75170e-12
       4105.27   2.58390e-12
       4108.02   3.00370e-12
       4110.77   3.23560e-12
       4113.52   3.34280e-12
       4116.27   3.53060e-12
       4119.02   3.60980e-12
       4121.77   3.48250e-12
       4124.52   3.52000e-12
       4127.27   3.52560e-12
       4130.02   3.44800e-12
       4132.77   3.45500e-12
       4135.52   3.38800e-12
       4138.27   3.56990e-12
       4141.02   3.72640e-12
       4143.77   3.66020e-12
       4146.52   3.46880e-12
       4149.27   3.61500e-12
       4152.02   3.60690e-12
       4154.76   3.54900e-12
       4157.51   3.44630e-12
       4160.26   3.51780e-12
       4163.01   3.62660e-12
       4165.76   3.72910e-12
       4168.51   3.67750e-12
       4171.26   3.57210e-12
       4174.01   3.38370e-12
       4176.76   3.31290e-12
       4179.51   3.39440e-12
       4182.26   3.47320e-12
       4185.01   3.42520e-12
       4187.76   3.44220e-12
       4190.51   3.40190e-12
       4193.26   3.54960e-12
       4196.01   3.63670e-12
       4198.76   3.45520e-12
       4201.51   3.27290e-12
       4204.26   3.32920e-12
       4207.01   3.45260e-12
       4209.76   3.58100e-12
       4212.51   3.63800e-12
       4215.26   3.67490e-12
       4218.01   3.54330e-12
       4220.76   3.55850e-12
       4223.51   3.58590e-12
       4226.26   3.35190e-12
       4229.01   3.00050e-12
       4231.76   3.30610e-12
       4234.51   3.48810e-12
       4237.25   3.39700e-12
       4240.00   3.33310e-12
       4242.75   3.42140e-12
       4245.50   3.50800e-12
       4248.25   3.50340e-12
       4251.00   3.35340e-12
       4253.75   3.39080e-12
       4256.50   3.46100e-12
       4259.25   3.46390e-12
       4262.00   3.32040e-12
       4264.75   3.36780e-12
       4267.50   3.53730e-12
       4270.25   3.49250e-12
       4273.00   3.24760e-12
       4275.75   3.14600e-12
       4278.50   3.30910e-12
       4281.25   3.45260e-12
       4284.00   3.38040e-12
       4286.75   3.30150e-12
       4289.50   3.21410e-12
       4292.25   3.06500e-12
       4295.00   3.15700e-12
       4297.74   3.14740e-12
       4300.49   2.87640e-12
       4303.24   2.61180e-12
       4305.99   2.63050e-12
       4308.74   2.64450e-12
       4311.49   2.57420e-12
       4314.24   2.80450e-12
       4316.99   3.17250e-12
       4319.74   3.54100e-12
       4322.49   3.56530e-12
       4325.24   3.32400e-12
       4327.99   3.03810e-12
       4330.74   3.26110e-12
       4333.49   3.40230e-12
       4336.24   3.43690e-12
       4338.99   3.13300e-12
       4341.74   2.65360e-12
       4344.48   2.60400e-12
       4347.23   3.01670e-12
       4349.98   3.29490e-12
       4352.73   3.36840e-12
       4355.48   3.29770e-12
       4358.23   3.46590e-12
       4360.98   3.57170e-12
       4363.73   3.66140e-12
       4366.48   3.71450e-12
       4369.23   3.71320e-12
       4371.98   3.59040e-12
       4374.73   3.54950e-12
       4377.48   3.44670e-12
       4380.23   3.53050e-12
       4382.97   3.50710e-12
       4385.72   3.19630e-12
       4388.47   3.13250e-12
       4391.22   3.36010e-12
       4393.97   3.45160e-12
       4396.72   3.49560e-12
       4399.47   3.54560e-12
       4402.22   3.55170e-12
       4404.97   3.46670e-12
       4407.72   3.39530e-12
       4410.47   3.50590e-12
       4413.22   3.62750e-12
       4415.96   3.71500e-12
       4418.71   3.59030e-12
       4421.46   3.67230e-12
       4424.21   3.76520e-12
       4426.96   3.69000e-12
       4429.71   3.70180e-12
       4432.46   3.69140e-12
       4435.21   3.63390e-12
       4437.96   3.55080e-12
       4440.71   3.69850e-12
       4443.46   3.68420e-12
       4446.20   3.60680e-12
       4448.95   3.70260e-12
       4451.70   3.71700e-12
       4454.45   3.69990e-12
       4457.20   3.49590e-12
       4459.95   3.39130e-12
       4462.70   3.44700e-12
       4465.45   3.49290e-12
       4468.20   3.60930e-12
       4470.95   3.63420e-12
       4473.69   3.65890e-12
       4476.44   3.80660e-12
       4479.19   3.82770e-12
       4481.94   3.77790e-12
       4484.69   3.58820e-12
       4487.44   3.73200e-12
       4490.19   3.81510e-12
       4492.94   3.69160e-12
       4495.69   3.71780e-12
       4498.43   3.77140e-12
       4501.18   3.83830e-12
       4503.93   3.86010e-12
       4506.68   3.94910e-12
       4509.43   3.97980e-12
       4512.18   3.98150e-12
       4514.93   3.94710e-12
       4517.68   3.86550e-12
       4520.42   3.82000e-12
       4523.17   3.82020e-12
       4525.92   3.75340e-12
       4528.67   3.63390e-12
       4531.42   3.48040e-12
       4534.17   3.50550e-12
       4536.92   3.52960e-12
       4539.66   3.63970e-12
       4542.41   3.73800e-12
       4545.16   3.77190e-12
       4547.91   3.74510e-12
       4550.66   3.65010e-12
       4553.41   3.61890e-12
       4556.16   3.64130e-12
       4558.90   3.64690e-12
       4561.65   3.80890e-12
       4564.40   3.81820e-12
       4567.15   3.79090e-12
       4569.90   3.76140e-12
       4572.65   3.83780e-12
       4575.40   3.82070e-12
       4578.14   3.86320e-12
       4580.89   3.84110e-12
       4583.64   3.68530e-12
       4586.39   3.65290e-12
       4589.14   3.66850e-12
       4591.89   3.76870e-12
       4594.63   3.71820e-12
       4597.38   3.68680e-12
       4600.13   3.67150e-12
       4602.88   3.71600e-12
       4605.63   3.73980e-12
       4608.38   3.76680e-12
       4611.12   3.82750e-12
       4613.87   3.84420e-12
       4616.62   3.83620e-12
       4619.37   3.82440e-12
       4622.12   3.81380e-12
       4624.87   3.85390e-12
       4627.61   3.87560e-12
       4630.36   3.86300e-12
       4633.11   3.84250e-12
       4635.86   3.82340e-12
       4638.61   3.79070e-12
       4641.35   3.76780e-12
       4644.10   3.76140e-12
       4646.85   3.69360e-12
       4649.60   3.64390e-12
       4652.35   3.64100e-12
       4655.10   3.72120e-12
       4657.84   3.70260e-12
       4660.59   3.74590e-12
       4663.34   3.82150e-12
       4666.09   3.72800e-12
       4668.84   3.56010e-12
       4671.58   3.47590e-12
       4674.33   3.66380e-12
       4677.08   3.72270e-12
       4679.83   3.74610e-12
       4682.58   3.69840e-12
       4685.32   3.69100e-12
       4688.07   3.75010e-12
       4690.82   3.74460e-12
       4693.57   3.71520e-12
       4696.31   3.77000e-12
       4699.06   3.76080e-12
       4701.81   3.66310e-12
       4704.56   3.57480e-12
       4707.31   3.54820e-12
       4710.05   3.58210e-12
       4712.80   3.59580e-12
       4715.55   3.66370e-12
       4718.30   3.67560e-12
       4721.04   3.79780e-12
       4723.79   3.81180e-12
       4726.54   3.81360e-12
       4729.29   3.76160e-12
       4732.03   3.63530e-12
       4734.78   3.65890e-12
       4737.53   3.69300e-12
       4740.28   3.69310e-12
       4743.02   3.74600e-12
       4745.77   3.77900e-12
       4748.52   3.77360e-12
       4751.27   3.78230e-12
       4754.02   3.75620e-12
       4756.76   3.66920e-12
       4759.51   3.68450e-12
       4762.26   3.71660e-12
       4765.00   3.64420e-12
       4767.75   3.58150e-12
       4770.50   3.63570e-12
       4773.25   3.74260e-12
       4775.99   3.75590e-12
       4778.74   3.81350e-12
       4781.49   3.82980e-12
       4784.24   3.82410e-12
       4786.98   3.74800e-12
       4789.73   3.64560e-12
       4792.48   3.67090e-12
       4795.23   3.73770e-12
       4797.97   3.81830e-12
       4800.72   3.79440e-12
       4803.47   3.71140e-12
       4806.21   3.72100e-12
       4808.96   3.70060e-12
       4811.71   3.68650e-12
       4814.46   3.72840e-12
       4817.20   3.77290e-12
       4819.95   3.78590e-12
       4822.70   3.78930e-12
       4825.44   3.71550e-12
       4828.19   3.65940e-12
       4830.94   3.70180e-12
       4833.68   3.68080e-12
       4836.43   3.67950e-12
       4839.18   3.67490e-12
       4841.92   3.61430e-12
       4844.67   3.59640e-12
       4847.42   3.60560e-12
       4850.17   3.58070e-12
       4852.91   3.52550e-12
       4855.66   3.44190e-12
       4858.41   3.17170e-12
       4861.15   2.88040e-12
       4863.90   2.52010e-12
       4866.65   2.78290e-12
       4869.39   3.09450e-12
       4872.14   3.25010e-12
       4874.89   3.17240e-12
       4877.63   3.34590e-12
       4880.38   3.43260e-12
       4883.13   3.54840e-12
       4885.87   3.51720e-12
       4888.62   3.43000e-12
       4891.37   3.39100e-12
       4894.11   3.38050e-12
       4896.86   3.60980e-12
       4899.60   3.70430e-12
       4902.35   3.66630e-12
       4905.10   3.63930e-12
       4907.84   3.61180e-12
       4910.59   3.55640e-12
       4913.34   3.49760e-12
       4916.08   3.59020e-12
       4918.83   3.55460e-12
       4921.58   3.34080e-12
       4924.32   3.33950e-12
       4927.07   3.44730e-12
       4929.81   3.58530e-12
       4932.56   3.63810e-12
       4935.31   3.55100e-12
       4938.05   3.46700e-12
       4940.80   3.42200e-12
       4943.55   3.55810e-12
       4946.29   3.65140e-12
       4949.04   3.66770e-12
       4951.78   3.68600e-12
       4954.53   3.63030e-12
       4957.28   3.57240e-12
       4960.02   3.44230e-12
       4962.77   3.56880e-12
       4965.51   3.65310e-12
       4968.26   3.61890e-12
       4971.01   3.55280e-12
       4973.75   3.60540e-12
       4976.50   3.64420e-12
       4979.24   3.60700e-12
       4981.99   3.49430e-12
       4984.73   3.35020e-12
       4987.48   3.35680e-12
       4990.23   3.49080e-12
       4992.97   3.51860e-12
       4995.72   3.54760e-12
       4998.46   3.56900e-12
       5001.21   3.52560e-12
       5003.95   3.40830e-12
       5006.70   3.37880e-12
       5009.45   3.36470e-12
       5012.19   3.43840e-12
       5014.94   3.32180e-12
       5017.68   3.30800e-12
       5020.43   3.30100e-12
       5023.17   3.39430e-12
       5025.92   3.42620e-12
       5028.66   3.47010e-12
       5031.41   3.50390e-12
       5034.15   3.55870e-12
       5036.90   3.53860e-12
       5039.65   3.42040e-12
       5042.39   3.31270e-12
       5045.14   3.36940e-12
       5047.88   3.52300e-12
       5050.63   3.51480e-12
       5053.37   3.45490e-12
       5056.12   3.52710e-12
       5058.86   3.55980e-12
       5061.61   3.60940e-12
       5064.35   3.61530e-12
       5067.10   3.52270e-12
       5069.84   3.51140e-12
       5072.59   3.52470e-12
       5075.33   3.49950e-12
       5078.08   3.47540e-12
       5080.82   3.40890e-12
       5083.57   3.34050e-12
       5086.31   3.42950e-12
       5089.06   3.52990e-12
       5091.80   3.56120e-12
       5094.55   3.57080e-12
       5097.29   3.56170e-12
       5100.04   3.42070e-12
       5102.78   3.39950e-12
       5105.53   3.49560e-12
       5108.27   3.48300e-12
       5111.02   3.43540e-12
       5113.76   3.49120e-12
       5116.50   3.57260e-12
       5119.25   3.58280e-12
       5121.99   3.56480e-12
       5124.74   3.46840e-12
       5127.48   3.38980e-12
       5130.23   3.39360e-12
       5132.97   3.40920e-12
       5135.72   3.41140e-12
       5138.46   3.40830e-12
       5141.21   3.31750e-12
       5143.95   3.29830e-12
       5146.69   3.32330e-12
       5149.44   3.37630e-12
       5152.18   3.39190e-12
       5154.93   3.38330e-12
       5157.67   3.41460e-12
       5160.42   3.45420e-12
       5163.16   3.43320e-12
       5165.90   3.28290e-12
       5168.65   3.06410e-12
       5171.39   2.88730e-12
       5174.14   2.89810e-12
       5176.88   3.06070e-12
       5179.62   3.29920e-12
       5182.37   3.30260e-12
       5185.11   3.02700e-12
       5187.86   2.98690e-12
       5190.60   3.20020e-12
       5193.34   3.24480e-12
       5196.09   3.21330e-12
       5198.83   3.25930e-12
       5201.57   3.34780e-12
       5204.32   3.37000e-12
       5207.06   3.29330e-12
       5209.81   3.24030e-12
       5212.55   3.31650e-12
       5215.29   3.39850e-12
       5218.04   3.34580e-12
       5220.78   3.37090e-12
       5223.52   3.43050e-12
       5226.27   3.35830e-12
       5229.01   3.17240e-12
       5231.75   3.23400e-12
       5234.50   3.28340e-12
       5237.24   3.31670e-12
       5239.99   3.36730e-12
       5242.73   3.45020e-12
       5245.47   3.42930e-12
       5248.22   3.41650e-12
       5250.96   3.39510e-12
       5253.70   3.37010e-12
       5256.44   3.39620e-12
       5259.19   3.40230e-12
       5261.93   3.39510e-12
       5264.67   3.22420e-12
       5267.42   3.03930e-12
       5270.16   3.05040e-12
       5272.90   3.04180e-12
       5275.65   3.18930e-12
       5278.39   3.21820e-12
       5281.13   3.35180e-12
       5283.88   3.31980e-12
       5286.62   3.31780e-12
       5289.36   3.43400e-12
       5292.10   3.49580e-12
       5294.85   3.48990e-12
       5297.59   3.42200e-12
       5300.33   3.31440e-12
       5303.08   3.35360e-12
       5305.82   3.40400e-12
       5308.56   3.44310e-12
       5311.30   3.45590e-12
       5314.05   3.48340e-12
       5316.79   3.43610e-12
       5319.53   3.38380e-12
       5322.27   3.40720e-12
       5325.02   3.32790e-12
       5327.76   3.21160e-12
       5330.50   3.15690e-12
       5333.24   3.26320e-12
       5335.99   3.34410e-12
       5338.73   3.35760e-12
       5341.47   3.31970e-12
       5344.21   3.27370e-12
       5346.96   3.35110e-12
       5349.70   3.34730e-12
       5352.44   3.34970e-12
       5355.18   3.40570e-12
       5357.92   3.46020e-12
       5360.67   3.47730e-12
       5363.41   3.42740e-12
       5366.15   3.33150e-12
       5368.89   3.30610e-12
       5371.63   3.22690e-12
       5374.38   3.21940e-12
       5377.12   3.34630e-12
       5379.86   3.39310e-12
       5382.60   3.35710e-12
       5385.34   3.32590e-12
       5388.08   3.34970e-12
       5390.83   3.35040e-12
       5393.57   3.31160e-12
       5396.31   3.25560e-12
       5399.05   3.24650e-12
       5401.79   3.23030e-12
       5404.53   3.24230e-12
       5407.28   3.14270e-12
       5410.02   3.18950e-12
       5412.76   3.19240e-12
       5415.50   3.25690e-12
       5418.24   3.27690e-12
       5420.98   3.31950e-12
       5423.73   3.28840e-12
       5426.47   3.24640e-12
       5429.21   3.30080e-12
       5431.95   3.23340e-12
       5434.69   3.26760e-12
       5437.43   3.23830e-12
       5440.17   3.34080e-12
       5442.91   3.37260e-12
       5445.65   3.35730e-12
       5448.40   3.23540e-12
       5453.79   3.28480e-12
       5458.66   3.28480e-12
       5463.53   3.28560e-12
       5468.40   3.27100e-12
       5473.27   3.26370e-12
       5478.15   3.22160e-12
       5483.02   3.26020e-12
       5487.89   3.29260e-12
       5492.76   3.29770e-12
       5497.63   3.29020e-12
       5502.51   3.26080e-12
       5507.38   3.25570e-12
       5512.25   3.25320e-12
       5517.12   3.27210e-12
       5521.99   3.29100e-12
       5526.87   3.26130e-12
       5531.74   3.23490e-12
       5536.61   3.25360e-12
       5541.48   3.27170e-12
       5546.35   3.27730e-12
       5551.23   3.29090e-12
       5556.10   3.26520e-12
       5560.97   3.24710e-12
       5565.84   3.18860e-12
       5570.72   3.18430e-12
       5575.59   3.18220e-12
       5580.46   3.20100e-12
       5585.34   3.16670e-12
       5590.21   3.12600e-12
       5595.08   3.10200e-12
       5599.95   3.11560e-12
       5604.83   3.14180e-12
       5609.70   3.21410e-12
       5614.57   3.18540e-12
       5619.45   3.14030e-12
       5624.32   3.19510e-12
       5629.19   3.22370e-12
       5634.07   3.19500e-12
       5638.94   3.17810e-12
       5643.81   3.16540e-12
       5648.69   3.18370e-12
       5653.56   3.13930e-12
       5658.43   3.10600e-12
       5663.31   3.10770e-12
       5668.18   3.14170e-12
       5673.06   3.17700e-12
       5677.93   3.19150e-12
       5682.80   3.15380e-12
       5687.68   3.12080e-12
       5692.55   3.13800e-12
       5697.42   3.16050e-12
       5702.30   3.13970e-12
       5707.17   3.09000e-12
       5712.05   3.05210e-12
       5716.92   3.13220e-12
       5721.80   3.16980e-12
       5726.67   3.19920e-12
       5731.54   3.19400e-12
       5736.42   3.19730e-12
       5741.29   3.20260e-12
       5746.17   3.18890e-12
       5751.04   3.15200e-12
       5755.92   3.14080e-12
       5760.79   3.13120e-12
       5765.67   3.10590e-12
       5770.54   3.15830e-12
       5775.42   3.15250e-12
       5780.29   3.12050e-12
       5785.17   3.08980e-12
       5790.04   3.10920e-12
       5794.92   3.12080e-12
       5799.79   3.13600e-12
       5804.67   3.13930e-12
       5809.54   3.12050e-12
       5814.42   3.13620e-12
       5819.29   3.13890e-12
       5824.17   3.14180e-12
       5829.04   3.13020e-12
       5833.92   3.12570e-12
       5838.79   3.13760e-12
       5843.67   3.13270e-12
       5848.54   3.11010e-12
       5853.42   3.09080e-12
       5858.29   3.04650e-12
       5863.17   3.03640e-12
       5868.05   3.08550e-12
       5872.92   3.10750e-12
       5877.80   3.09570e-12
       5882.67   3.06030e-12
       5887.55   2.98910e-12
       5892.42   2.89040e-12
       5897.30   2.90020e-12
       5902.18   2.99470e-12
       5907.05   3.03640e-12
       5911.93   3.06490e-12
       5916.80   3.04550e-12
       5921.68   3.06650e-12
       5926.56   3.05760e-12
       5931.43   3.02730e-12
       5936.31   3.04130e-12
       5941.19   3.05590e-12
       5946.06   3.03970e-12
       5950.94   3.01380e-12
       5955.82   3.02500e-12
       5960.69   3.04180e-12
       5965.57   3.05370e-12
       5970.45   3.03900e-12
       5975.32   3.02790e-12
       5980.20   3.00540e-12
       5985.08   2.97650e-12
       5989.95   2.99130e-12
       5994.83   2.98990e-12
       5999.71   2.98510e-12
       6004.58   2.96390e-12
       6009.46   2.93990e-12
       6014.34   2.94900e-12
       6019.21   2.94080e-12
       6024.09   2.91510e-12
       6028.97   2.95180e-12
       6033.85   2.99390e-12
       6038.72   2.98480e-12
       6043.60   2.98320e-12
       6048.48   2.97710e-12
       6053.35   2.97480e-12
       6058.23   2.95570e-12
       6063.11   2.95610e-12
       6067.99   2.94190e-12
       6072.86   2.94190e-12
       6077.74   2.94320e-12
       6082.62   2.93180e-12
       6087.50   2.90700e-12
       6092.38   2.88060e-12
       6097.25   2.89700e-12
       6102.13   2.87190e-12
       6107.01   2.87290e-12
       6111.89   2.87880e-12
       6116.76   2.88700e-12
       6121.64   2.86620e-12
       6126.52   2.86050e-12
       6131.40   2.84820e-12
       6136.28   2.84450e-12
       6141.15   2.80950e-12
       6146.03   2.83140e-12
       6150.91   2.83160e-12
       6155.79   2.81980e-12
       6160.67   2.78930e-12
       6165.55   2.75890e-12
       6170.42   2.77660e-12
       6175.30   2.81430e-12
       6180.18   2.84300e-12
       6185.06   2.84770e-12
       6189.94   2.84140e-12
       6194.82   2.83350e-12
       6199.70   2.85750e-12
       6204.57   2.87880e-12
       6209.45   2.86060e-12
       6214.33   2.84310e-12
       6219.21   2.80570e-12
       6224.09   2.81370e-12
       6228.97   2.81830e-12
       6233.85   2.80350e-12
       6238.73   2.79630e-12
       6243.60   2.75990e-12
       6248.48   2.74930e-12
       6253.36   2.73660e-12
       6258.24   2.75670e-12
       6263.12   2.77110e-12
       6268.00   2.78080e-12
       6272.88   2.83170e-12
       6277.76   2.80960e-12
       6282.64   2.79480e-12
       6287.52   2.81150e-12
       6292.40   2.80870e-12
       6297.27   2.80340e-12
       6302.15   2.75630e-12
       6307.03   2.73670e-12
       6311.91   2.74220e-12
       6316.79   2.69910e-12
       6321.67   2.68820e-12
       6326.55   2.70140e-12
       6331.43   2.72110e-12
       6336.31   2.67760e-12
       6341.19   2.69300e-12
       6346.07   2.73030e-12
       6350.95   2.73940e-12
       6355.83   2.73810e-12
       6360.71   2.70850e-12
       6365.59   2.69940e-12
       6370.47   2.71500e-12
       6375.35   2.73100e-12
       6380.23   2.73010e-12
       6385.11   2.73990e-12
       6389.99   2.73940e-12
       6394.87   2.70500e-12
       6399.75   2.67720e-12
       6404.63   2.66840e-12
       6409.51   2.65470e-12
       6414.39   2.65930e-12
       6419.27   2.66850e-12
       6424.15   2.67680e-12
       6429.03   2.68490e-12
       6433.91   2.67420e-12
       6438.79   2.67390e-12
       6443.67   2.66690e-12
       6448.55   2.65330e-12
       6453.43   2.65220e-12
       6458.31   2.64450e-12
       6463.19   2.63550e-12
       6468.07   2.65790e-12
       6472.95   2.66030e-12
       6477.83   2.65690e-12
       6482.72   2.64920e-12
       6487.60   2.65550e-12
       6492.48   2.62250e-12
       6497.36   2.56990e-12
       6502.24   2.60660e-12
       6507.12   2.64640e-12
       6512.00   2.64580e-12
       6516.88   2.64590e-12
       6521.76   2.62920e-12
       6526.64   2.62040e-12
       6531.52   2.63280e-12
       6536.40   2.63030e-12
       6541.29   2.61390e-12
       6546.17   2.56450e-12
       6551.05   2.50380e-12
       6555.93   2.38860e-12
       6560.81   2.21590e-12
       6565.69   2.18590e-12
       6570.57   2.29870e-12
       6575.45   2.43450e-12
       6580.33   2.50810e-12
       6585.22   2.54310e-12
       6590.10   2.57120e-12
       6594.98   2.54370e-12
       6599.86   2.57630e-12
       6604.74   2.58520e-12
       6609.62   2.59740e-12
       6614.50   2.58380e-12
       6619.39   2.59180e-12
       6624.27   2.60100e-12
       6629.15   2.59990e-12
       6634.03   2.55580e-12
       6638.91   2.55320e-12
       6643.79   2.56260e-12
       6648.68   2.56290e-12
       6653.56   2.57330e-12
       6658.44   2.56070e-12
       6663.32   2.55970e-12
       6668.20   2.55520e-12
       6673.08   2.54440e-12
       6677.97   2.53600e-12
       6682.85   2.54580e-12
       6687.73   2.56560e-12
       6692.61   2.55160e-12
       6697.49   2.54390e-12
       6702.38   2.52190e-12
       6707.26   2.50740e-12
       6712.14   2.50370e-12
       6717.02   2.50280e-12
       6721.90   2.48660e-12
       6726.79   2.49750e-12
       6731.67   2.51510e-12
       6736.55   2.51820e-12
       6741.43   2.51790e-12
       6746.31   2.51360e-12
       6751.20   2.48830e-12
       6756.08   2.49630e-12
       6760.96   2.50210e-12
       6765.84   2.50240e-12
       6770.73   2.48030e-12
       6775.61   2.49190e-12
       6780.49   2.49280e-12
       6785.37   2.48260e-12
       6790.26   2.46910e-12
       6795.14   2.47630e-12
       6800.02   2.48080e-12
       6804.90   2.47900e-12
       6809.79   2.45910e-12
       6814.67   2.47430e-12
       6819.55   2.46730e-12
       6824.43   2.46530e-12
       6829.32   2.45190e-12
       6834.20   2.45510e-12
       6839.08   2.43030e-12
       6843.96   2.41190e-12
       6848.85   2.41430e-12
       6853.73   2.43110e-12
       6858.61   2.40830e-12
       6863.50   2.42040e-12
       6868.38   2.44550e-12
       6873.26   2.44170e-12
       6878.14   2.43080e-12
       6883.03   2.41690e-12
       6887.91   2.42050e-12
       6892.79   2.42540e-12
       6897.68   2.43210e-12
       6902.56   2.42550e-12
       6907.44   2.41420e-12
       6912.32   2.40880e-12
       6917.21   2.38660e-12
       6922.09   2.39150e-12
       6926.97   2.38980e-12
       6931.86   2.40230e-12
       6936.74   2.39420e-12
       6941.62   2.39280e-12
       6946.51   2.38360e-12
       6951.39   2.36870e-12
       6956.27   2.37430e-12
       6961.16   2.37630e-12
       6966.04   2.38800e-12
       6970.92   2.36850e-12
       6975.81   2.34870e-12
       6980.69   2.32560e-12
       6985.57   2.35480e-12
       6990.46   2.35860e-12
       6995.34   2.35630e-12
       7000.22   2.33420e-12
       7005.11   2.29980e-12
       7009.99   2.30950e-12
       7014.87   2.31810e-12
       7019.76   2.30060e-12
       7024.64   2.30170e-12
       7029.52   2.30370e-12
       7034.41   2.30870e-12
       7039.29   2.30820e-12
       7044.17   2.33230e-12
       7049.06   2.31960e-12
       7053.94   2.32280e-12
       7058.83   2.31610e-12
       7063.71   2.31210e-12
       7068.59   2.30150e-12
       7073.48   2.29560e-12
       7078.36   2.30000e-12
       7083.24   2.29140e-12
       7088.13   2.28060e-12
       7093.01   2.28190e-12
       7097.90   2.28160e-12
       7102.78   2.28890e-12
       7107.66   2.28640e-12
       7112.55   2.27680e-12
       7117.43   2.26820e-12
       7122.31   2.25380e-12
       7127.20   2.26750e-12
       7132.08   2.25590e-12
       7136.97   2.26400e-12
       7141.85   2.25950e-12
       7146.73   2.24550e-12
       7151.62   2.24640e-12
       7156.50   2.24660e-12
       7161.39   2.24990e-12
       7166.27   2.22210e-12
       7171.15   2.23430e-12
       7176.04   2.23070e-12
       7180.92   2.21080e-12
       7185.81   2.20680e-12
       7190.69   2.18890e-12
       7195.57   2.18870e-12
       7200.46   2.20360e-12
       7205.34   2.20790e-12
       7210.23   2.18780e-12
       7215.11   2.19950e-12
       7220.00   2.19850e-12
       7224.88   2.18980e-12
       7229.76   2.20080e-12
       7234.65   2.21320e-12
       7239.53   2.20600e-12
       7244.42   2.19670e-12
       7249.30   2.19380e-12
       7254.19   2.18870e-12
       7259.07   2.19530e-12
       7263.95   2.18880e-12
       7268.84   2.19470e-12
       7273.72   2.19900e-12
       7278.61   2.17770e-12
       7283.49   2.16170e-12
       7288.38   2.13830e-12
       7293.26   2.13600e-12
       7298.14   2.15170e-12
       7303.03   2.15250e-12
       7307.91   2.14930e-12
       7312.80   2.14710e-12
       7317.68   2.15860e-12
       7322.57   2.15160e-12
       7327.45   2.14140e-12
       7332.34   2.14200e-12
       7337.22   2.15480e-12
       7342.10   2.16210e-12
       7346.99   2.14430e-12
       7351.87   2.14360e-12
       7356.76   2.12160e-12
       7361.64   2.13400e-12
       7366.53   2.13470e-12
       7371.41   2.13380e-12
       7376.30   2.13810e-12
       7381.18   2.12490e-12
       7386.07   2.09650e-12
       7390.95   2.07290e-12
       7395.84   2.08870e-12
       7400.72   2.09560e-12
       7405.60   2.07890e-12
       7410.49   2.06100e-12
       7415.37   2.05510e-12
       7420.26   2.06030e-12
       7425.14   2.07020e-12
       7430.03   2.08870e-12
       7434.91   2.08510e-12
       7439.80   2.08540e-12
       7444.68   2.07470e-12
       7449.57   2.07440e-12
       7454.45   2.09010e-12
       7459.34   2.08240e-12
       7464.22   2.08590e-12
       7469.11   2.08200e-12
       7473.99   2.08240e-12
       7478.88   2.08430e-12
       7483.76   2.07590e-12
       7488.65   2.06440e-12
       7493.53   2.05750e-12
       7498.42   2.04470e-12
       7503.30   2.05400e-12
       7508.19   2.04300e-12
       7513.07   2.04230e-12
       7517.96   2.05150e-12
       7522.84   2.04140e-12
       7527.73   2.03730e-12
       7532.61   2.03270e-12
       7537.50   2.03970e-12
       7542.38   2.05020e-12
       7547.27   2.04270e-12
       7552.15   2.04010e-12
       7557.04   2.01650e-12
       7561.92   2.02830e-12
       7566.81   2.03900e-12
       7571.69   2.01570e-12
       7576.58   2.02090e-12
       7581.46   2.02230e-12
       7586.35   2.00320e-12
       7591.23   2.02160e-12
       7596.12   2.02030e-12
       7601.00   2.02140e-12
       7605.89   2.00190e-12
       7610.77   2.00840e-12
       7615.66   1.99290e-12
       7620.54   1.99050e-12
       7625.43   1.99590e-12
       7630.31   2.00850e-12
       7635.20   2.00650e-12
       7640.08   2.00730e-12
       7644.97   2.00480e-12
       7649.85   1.99980e-12
       7654.74   1.97160e-12
       7659.62   1.94370e-12
       7664.51   1.92860e-12
       7669.39   1.95320e-12
       7674.28   1.98080e-12
       7679.16   1.97950e-12
       7684.05   1.96530e-12
       7688.93   1.96580e-12
       7693.82   1.95320e-12
       7698.70   1.95690e-12
       7703.59   1.95610e-12
       7708.47   1.96100e-12
       7713.36   1.94310e-12
       7718.24   1.95150e-12
       7723.13   1.95660e-12
       7728.01   1.94710e-12
       7732.90   1.95180e-12
       7737.78   1.94860e-12
       7742.67   1.94250e-12
       7747.55   1.91520e-12
       7752.44   1.92520e-12
       7757.32   1.94360e-12
       7762.21   1.96230e-12
       7767.09   1.95340e-12
       7771.98   1.93490e-12
       7776.86   1.91610e-12
       7781.75   1.92370e-12
       7786.63   1.91890e-12
       7791.52   1.91880e-12
       7796.40   1.91770e-12
       7801.29   1.91920e-12
       7806.17   1.91890e-12
       7811.06   1.92340e-12
       7815.95   1.92470e-12
       7820.83   1.93880e-12
       7825.72   1.92560e-12
       7830.60   1.92000e-12
       7835.49   1.89250e-12
       7840.37   1.90480e-12
       7845.26   1.89560e-12
       7850.14   1.88500e-12
       7855.03   1.90100e-12
       7859.91   1.90000e-12
       7864.80   1.91650e-12
       7869.68   1.91710e-12
       7874.57   1.89820e-12
       7879.45   1.89500e-12
       7884.34   1.88790e-12
       7889.22   1.89520e-12
       7894.11   1.89430e-12
       7898.99   1.89810e-12
       7903.88   1.90390e-12
       7908.76   1.88900e-12
       7913.65   1.86870e-12
       7918.53   1.86620e-12
       7923.42   1.85860e-12
       7928.30   1.85580e-12
       7933.19   1.83550e-12
       7938.07   1.83430e-12
       7942.96   1.83550e-12
       7947.85   1.82960e-12
       7952.73   1.85340e-12
       7957.62   1.85520e-12
       7962.50   1.85360e-12
       7967.39   1.85020e-12
       7972.27   1.84370e-12
       7977.16   1.85790e-12
       7982.04   1.86260e-12
       7986.93   1.85540e-12
       7991.81   1.84760e-12
       7996.70   1.83870e-12
       8001.58   1.82570e-12
       8006.47   1.82330e-12
       8011.35   1.83490e-12
       8016.24   1.83640e-12
       8021.12   1.84530e-12
       8026.01   1.82090e-12
       8030.89   1.81960e-12
       8035.78   1.81130e-12
       8040.66   1.80840e-12
       8045.55   1.80410e-12
       8050.43   1.77240e-12
       8055.32   1.80000e-12
       8060.20   1.80520e-12
       8065.09   1.81390e-12
       8069.97   1.80800e-12
       8074.86   1.79080e-12
       8079.74   1.78680e-12
       8084.63   1.77990e-12
       8089.51   1.77140e-12
       8094.40   1.78140e-12
       8099.28   1.76740e-12
       8104.17   1.77500e-12
       8109.05   1.78310e-12
       8113.94   1.78840e-12
       8118.82   1.78430e-12
       8123.71   1.79370e-12
       8128.59   1.79090e-12
       8133.48   1.79080e-12
       8138.36   1.77740e-12
       8143.25   1.76970e-12
       8148.13   1.76550e-12
       8153.02   1.76750e-12
       8157.90   1.77290e-12
       8162.79   1.77630e-12
       8167.67   1.77280e-12
       8172.56   1.75430e-12
       8177.44   1.75520e-12
       8182.33   1.74130e-12
       8187.21   1.71970e-12
       8192.10   1.71440e-12
       8196.98   1.70610e-12
       8201.87   1.70960e-12
       8206.75   1.71870e-12
       8211.64   1.71690e-12
       8216.52   1.70670e-12
       8221.41   1.70350e-12
       8226.29   1.71490e-12
       8231.18   1.72630e-12
       8236.06   1.71170e-12
       8240.95   1.71180e-12
       8245.83   1.71790e-12
       8250.72   1.72130e-12
       8255.60   1.71100e-12
       8260.49   1.71440e-12
       8265.37   1.71770e-12
       8270.26   1.71130e-12
       8275.14   1.71220e-12
       8280.03   1.71400e-12
       8284.91   1.71830e-12
       8289.79   1.70390e-12
       8294.68   1.68340e-12
       8299.56   1.69310e-12
       8304.45   1.70010e-12
       8309.33   1.69520e-12
       8314.22   1.69060e-12
       8319.10   1.68900e-12
       8323.99   1.66900e-12
       8328.87   1.66160e-12
       8333.76   1.64940e-12
       8338.64   1.64230e-12
       8343.53   1.64790e-12
       8348.41   1.64170e-12
       8353.30   1.66250e-12
       8358.18   1.67180e-12
       8363.06   1.66280e-12
       8367.95   1.65300e-12
       8372.83   1.66070e-12
       8377.72   1.66920e-12
       8382.60   1.67180e-12
       8387.49   1.65960e-12
       8392.37   1.65000e-12
       8397.26   1.66120e-12
       8402.14   1.66520e-12
       8407.03   1.65540e-12
       8411.91   1.65340e-12
       8416.79   1.64520e-12
       8421.68   1.64560e-12
       8426.56   1.64050e-12
       8431.45   1.63920e-12
       8436.33   1.63420e-12
       8441.22   1.60930e-12
       8446.10   1.60830e-12
       8450.98   1.61070e-12
       8455.87   1.62280e-12
       8460.75   1.62900e-12
       8465.64   1.62910e-12
       8470.52   1.62270e-12
       8475.41   1.62490e-12
       8480.29   1.62470e-12
       8485.17   1.61000e-12
       8490.06   1.59760e-12
       8494.94   1.57170e-12
       8499.83   1.49590e-12
       8504.71   1.50880e-12
       8509.60   1.55540e-12
       8514.48   1.57260e-12
       8519.36   1.56790e-12
       8524.25   1.57010e-12
       8529.13   1.54710e-12
       8534.02   1.51370e-12
       8538.90   1.45410e-12
       8543.78   1.40230e-12
       8548.67   1.37610e-12
       8553.55   1.49580e-12
       8558.44   1.52390e-12
       8563.32   1.55110e-12
       8568.21   1.57190e-12
       8573.09   1.58440e-12
       8577.97   1.58460e-12
       8582.86   1.57880e-12
       8587.74   1.56790e-12
       8592.62   1.56770e-12
       8597.51   1.56010e-12
       8602.39   1.55420e-12
       8607.28   1.55700e-12
       8612.16   1.56670e-12
       8617.04   1.55800e-12
       8621.93   1.56590e-12
       8626.81   1.55950e-12
       8631.69   1.56530e-12
       8636.58   1.55210e-12
       8641.46   1.54580e-12
       8646.35   1.53560e-12
       8651.23   1.50130e-12
       8656.11   1.47160e-12
       8661.00   1.38460e-12
       8665.88   1.32420e-12
       8670.76   1.41960e-12
       8675.65   1.47150e-12
       8680.53   1.48760e-12
       8685.42   1.51170e-12
       8690.30   1.51230e-12
       8695.18   1.52340e-12
       8700.07   1.52880e-12
       8704.95   1.53320e-12
       8709.83   1.52730e-12
       8714.72   1.51590e-12
       8719.60   1.51730e-12
       8724.48   1.51800e-12
       8729.37   1.51330e-12
       8734.25   1.50790e-12
       8739.13   1.50420e-12
       8744.02   1.48960e-12
       8748.90   1.49450e-12
       8753.78   1.48300e-12
       8758.67   1.49170e-12
       8763.55   1.51100e-12
       8768.43   1.50730e-12
       8773.32   1.50770e-12
       8778.20   1.49940e-12
       8783.08   1.50660e-12
       8787.96   1.50390e-12
       8792.85   1.49410e-12
       8797.73   1.49270e-12
       8802.61   1.49890e-12
       8807.50   1.47260e-12
       8812.38   1.48670e-12
       8817.26   1.49790e-12
       8822.15   1.49210e-12
       8827.03   1.49050e-12
       8831.91   1.49620e-12
       8836.79   1.49440e-12
       8841.68   1.49080e-12
       8846.56   1.49640e-12
       8851.44   1.48840e-12
       8856.33   1.46790e-12
       8861.21   1.44150e-12
       8866.09   1.42960e-12
       8870.97   1.44410e-12
       8875.86   1.46610e-12
       8880.74   1.47490e-12
       8885.62   1.47740e-12
       8890.50   1.47640e-12
       8895.39   1.46490e-12
       8900.27   1.46090e-12
       8905.15   1.46530e-12
       8910.04   1.46200e-12
       8914.92   1.46230e-12
       8919.80   1.47100e-12
       8924.68   1.46390e-12
       8929.57   1.45510e-12
       8934.45   1.45770e-12
       8939.33   1.45100e-12
       8944.21   1.44790e-12
       8949.09   1.44420e-12
       8953.98   1.45910e-12
       8958.86   1.46680e-12
       8963.74   1.46610e-12
       8968.62   1.46040e-12
       8973.51   1.44190e-12
       8978.39   1.44390e-12
       8983.27   1.45910e-12
       8988.15   1.45300e-12
       8993.03   1.45790e-12
       8997.92   1.42810e-12
       9002.80   1.41430e-12
       9007.68   1.39670e-12
       9012.56   1.36330e-12
       9017.44   1.36840e-12
       9022.33   1.39220e-12
       9027.21   1.40330e-12
       9032.09   1.41540e-12
       9036.97   1.42890e-12
       9041.85   1.42850e-12
       9046.74   1.42820e-12
       9051.62   1.42290e-12
       9056.50   1.41370e-12
       9061.38   1.40550e-12
       9066.26   1.41170e-12
       9071.14   1.41900e-12
       9076.03   1.41960e-12
       9080.91   1.41020e-12
       9085.79   1.40270e-12
       9090.67   1.37750e-12
       9095.55   1.38080e-12
       9100.43   1.38560e-12
       9105.32   1.39630e-12
       9110.20   1.39840e-12
       9115.08   1.39180e-12
       9119.96   1.39380e-12
       9124.84   1.39810e-12
       9129.72   1.39430e-12
       9134.60   1.40310e-12
       9139.48   1.40230e-12
       9144.37   1.40570e-12
       9149.25   1.41250e-12
       9154.13   1.41560e-12
       9159.01   1.41900e-12
       9163.89   1.41440e-12
       9168.77   1.40160e-12
       9173.65   1.38740e-12
       9178.53   1.38940e-12
       9183.42   1.38610e-12
       9188.30   1.39110e-12
       9193.18   1.39450e-12
       9198.06   1.39290e-12
       9202.94   1.37960e-12
       9207.82   1.35950e-12
       9212.70   1.33630e-12
       9217.58   1.31210e-12
       9222.46   1.31570e-12
       9227.34   1.30900e-12
       9232.22   1.29760e-12
       9237.10   1.32710e-12
       9241.98   1.31700e-12
       9246.86   1.31380e-12
       9251.75   1.32070e-12
       9256.63   1.31130e-12
       9261.51   1.32530e-12
       9266.39   1.33660e-12
       9271.27   1.33810e-12
       9276.15   1.35190e-12
       9281.03   1.34750e-12
       9285.91   1.34700e-12
       9290.79   1.36030e-12
       9295.67   1.36330e-12
       9300.55   1.36410e-12
       9305.43   1.36060e-12
       9310.31   1.35370e-12
       9315.19   1.33990e-12
       9320.07   1.32960e-12
       9324.95   1.33140e-12
       9329.83   1.33820e-12
       9334.71   1.35240e-12
       9339.59   1.33820e-12
       9344.47   1.32420e-12
       9349.35   1.32630e-12
       9354.23   1.32850e-12
       9359.11   1.33160e-12
       9363.99   1.32500e-12
       9368.87   1.33220e-12
       9373.75   1.32030e-12
       9378.63   1.32190e-12
       9383.51   1.31800e-12
       9388.39   1.31810e-12
       9393.27   1.31700e-12
       9398.15   1.30670e-12
       9403.03   1.30230e-12
       9407.90   1.29020e-12
       9412.78   1.28460e-12
       9417.66   1.26250e-12
       9422.54   1.27170e-12
       9427.42   1.27890e-12
       9432.30   1.28480e-12
       9437.18   1.28330e-12
       9442.06   1.30350e-12
       9446.94   1.29510e-12
       9451.82   1.29370e-12
       9456.70   1.29060e-12
       9461.58   1.29590e-12
       9466.46   1.29180e-12
       9471.33   1.30080e-12
       9476.21   1.30610e-12
       9481.09   1.31510e-12
       9485.97   1.30340e-12
       9490.85   1.29640e-12
       9495.73   1.28990e-12
       9500.61   1.28700e-12
       9505.49   1.28000e-12
       9510.36   1.28010e-12
       9515.24   1.27730e-12
       9520.12   1.27090e-12
       9525.00   1.26360e-12
       9529.88   1.27050e-12
       9534.76   1.25340e-12
       9539.64   1.24070e-12
       9544.51   1.21560e-12
       9549.39   1.19490e-12
       9554.27   1.21160e-12
       9559.15   1.22880e-12
       9564.03   1.25310e-12
       9568.91   1.25860e-12
       9573.78   1.25700e-12
       9578.66   1.25700e-12
       9583.54   1.24900e-12
       9588.42   1.25420e-12
       9593.30   1.25610e-12
       9598.17   1.25340e-12
       9603.05   1.24840e-12
       9607.93   1.24310e-12
       9612.81   1.25080e-12
       9617.68   1.26110e-12
       9622.56   1.24710e-12
       9627.44   1.24880e-12
       9632.32   1.24700e-12
       9637.20   1.24780e-12
       9642.07   1.23650e-12
       9646.95   1.22690e-12
       9651.83   1.23130e-12
       9656.71   1.23020e-12
       9661.58   1.22310e-12
       9666.46   1.22850e-12
       9671.34   1.23720e-12
       9676.21   1.22910e-12
       9681.09   1.22610e-12
       9685.97   1.23070e-12
       9690.85   1.23120e-12
       9695.72   1.24370e-12
       9700.60   1.24710e-12
       9705.48   1.24320e-12
       9710.35   1.22480e-12
       9715.23   1.22400e-12
       9720.11   1.21970e-12
       9724.99   1.21360e-12
       9729.86   1.21760e-12
       9734.74   1.21750e-12
       9739.62   1.20430e-12
       9744.49   1.20850e-12
       9749.37   1.20820e-12
       9754.25   1.21390e-12
       9759.12   1.21320e-12
       9764.00   1.21020e-12
       9768.88   1.20330e-12
       9773.75   1.20220e-12
       9778.63   1.21240e-12
       9783.50   1.21250e-12
       9788.38   1.21860e-12
       9793.26   1.21290e-12
       9798.13   1.20450e-12
       9803.01   1.21130e-12
       9807.88   1.20950e-12
       9812.76   1.20350e-12
       9817.64   1.19300e-12
       9822.51   1.18590e-12
       9827.39   1.18790e-12
       9832.26   1.18470e-12
       9837.14   1.18650e-12
       9842.02   1.18890e-12
       9846.89   1.18470e-12
       9851.77   1.19070e-12
       9856.64   1.18490e-12
       9861.52   1.18310e-12
       9866.39   1.19100e-12
       9871.27   1.17280e-12
       9876.15   1.18210e-12
       9881.02   1.19940e-12
       9885.90   1.19380e-12
       9890.77   1.18500e-12
       9895.65   1.17850e-12
       9900.52   1.18300e-12
       9905.40   1.16850e-12
       9910.27   1.17380e-12
       9915.15   1.16690e-12
       9920.02   1.16450e-12
       9924.90   1.17500e-12
       9929.77   1.16340e-12
       9934.65   1.16600e-12
       9939.52   1.15570e-12
       9944.40   1.16580e-12
       9949.27   1.16340e-12
       9954.15   1.15700e-12
       9959.02   1.16040e-12
       9963.90   1.16050e-12
       9968.77   1.16680e-12
       9973.64   1.16240e-12
       9978.52   1.15670e-12
       9983.39   1.16310e-12
       9988.27   1.15410e-12
       9993.14   1.14970e-12
       9998.02   1.15820e-12
       10002.9   1.16010e-12
       10007.8   1.16520e-12
       10012.6   1.16250e-12
       10017.5   1.16270e-12
       10022.4   1.15120e-12
       10027.3   1.14190e-12
       10032.1   1.13020e-12
       10037.0   1.11930e-12
       10041.9   1.10720e-12
       10046.8   1.09170e-12
       10051.6   1.06800e-12
       10056.5   1.08510e-12
       10061.4   1.09870e-12
       10066.2   1.10320e-12
       10071.1   1.11100e-12
       10076.0   1.12080e-12
       10080.9   1.12230e-12
       10085.7   1.12650e-12
       10090.6   1.12510e-12
       10095.5   1.13360e-12
       10100.4   1.12720e-12
       10105.2   1.12960e-12
       10110.1   1.13340e-12
       10115.0   1.13630e-12
       10119.9   1.12200e-12
       10124.7   1.13930e-12
       10129.6   1.14440e-12
       10134.5   1.14410e-12
       10139.3   1.15100e-12
       10144.2   1.13400e-12
       10149.1   1.12690e-12
       10176.8   1.11340e-12
       10204.4   1.11160e-12
       10232.0   1.10490e-12
       10259.6   1.09610e-12
       10287.2   1.08790e-12
       10314.8   1.08680e-12
       10342.4   1.09130e-12
       10370.0   1.08550e-12
       10397.6   1.07090e-12
       10425.2   1.06510e-12
       10452.8   1.06110e-12
       10480.4   1.05130e-12
       10508.0   1.04300e-12
       10535.6   1.03700e-12
       10563.2   1.02700e-12
       10590.8   1.02210e-12
       10618.4   1.01510e-12
       10646.0   1.00630e-12
       10673.6   1.00150e-12
       10701.2   9.91470e-13
       10728.8   9.86740e-13
       10756.4   9.77470e-13
       10784.0   9.67320e-13
       10811.6   9.66140e-13
       10839.2   9.56230e-13
       10866.8   9.47310e-13
       10894.4   9.39510e-13
       10922.0   9.22060e-13
       10949.6   9.23300e-13
       10977.2   9.20140e-13
       11004.8   9.16570e-13
       11032.4   9.22540e-13
       11060.0   9.22620e-13
       11087.6   9.20960e-13
       11115.2   9.16660e-13
       11142.8   9.13390e-13
       11170.4   9.10560e-13
       11198.0   8.97860e-13
       11225.6   8.87730e-13
       11253.2   8.78100e-13
       11280.8   8.71400e-13
       11308.4   8.71440e-13
       11336.0   8.64890e-13
       11363.6   8.53840e-13
       11391.2   8.42850e-13
       11418.8   8.37280e-13
       11446.4   8.38250e-13
       11474.0   8.34330e-13
       11501.6   8.31940e-13
       11529.2   8.36010e-13
       11556.8   8.26910e-13
       11584.4   8.13540e-13
       11612.0   8.04750e-13
       11639.6   7.98390e-13
       11667.2   7.97450e-13
       11694.8   7.92030e-13
       11707.5   8.00420e-13
       11747.6   7.92420e-13
       11787.7   7.85520e-13
       11827.8   7.77100e-13
       11867.9   7.69830e-13
       11908.0   7.61970e-13
       11948.0   7.50900e-13
       11988.1   7.47320e-13
       12028.2   7.41590e-13
       12068.3   7.32230e-13
       12108.4   7.32240e-13
       12148.4   7.33920e-13
       12188.5   7.28810e-13
       12228.6   7.21210e-13
       12268.7   7.14090e-13
       12308.8   7.07970e-13
       12348.8   7.02740e-13
       12388.9   6.97290e-13
       12429.0   6.89220e-13
       12469.1   6.82430e-13
       12509.2   6.79040e-13
       12549.2   6.73220e-13
       12589.3   6.65700e-13
       12629.4   6.59510e-13
       12669.5   6.52290e-13
       12709.6   6.45590e-13
       12749.6   6.31930e-13
       12789.7   6.22040e-13
       12829.8   6.17540e-13
       12869.9   6.19120e-13
       12910.0   6.21410e-13
       12950.0   6.20950e-13
       12990.1   6.18480e-13
       13030.2   6.12140e-13
       13070.3   6.05250e-13
       13110.4   5.99670e-13
       13150.4   5.95330e-13
       13190.5   5.92230e-13
       13230.6   5.88840e-13
       13270.7   5.83310e-13
       13310.8   5.77740e-13
       13350.8   5.73220e-13
       13390.9   5.69970e-13
       13431.0   5.67540e-13
       13471.1   5.63660e-13
       13511.2   5.56870e-13
       13551.2   5.49510e-13
       13591.3   5.44610e-13
       13631.4   5.43000e-13
       13671.5   5.40720e-13
       13711.6   5.36450e-13
       13751.6   5.33020e-13
       13791.7   5.29090e-13
       13831.8   5.23880e-13
       13871.9   5.19570e-13
       13912.0   5.16150e-13
       13952.0   5.13880e-13
       13992.1   5.11150e-13
       14032.2   5.06780e-13
       14072.3   5.02950e-13
       14112.3   5.00440e-13
       14152.4   4.95420e-13
       14192.5   4.89250e-13
       14232.6   4.85700e-13
       14272.7   4.83860e-13
       14312.8   4.83050e-13
       14352.8   4.79900e-13
       14392.9   4.75560e-13
       14433.0   4.72650e-13
       14473.1   4.70300e-13
       14513.2   4.67580e-13
       14553.2   4.65650e-13
       14593.3   4.63410e-13
       14633.4   4.60610e-13
       14673.5   4.58840e-13
       14713.6   4.55790e-13
       14753.6   4.52760e-13
       14793.7   4.49380e-13
       14833.8   4.44290e-13
       14873.9   4.40040e-13
       14914.0   4.38090e-13
       14954.0   4.36690e-13
       14994.1   4.33390e-13
       15034.2   4.30020e-13
       15074.3   4.28560e-13
       15114.4   4.26850e-13
       15154.4   4.25550e-13
       15194.5   4.24390e-13
       15234.6   4.22010e-13
       15274.7   4.18120e-13
       15314.8   4.14410e-13
       15354.8   4.11540e-13
       15394.9   4.09020e-13
       15435.0   4.05250e-13
       15475.1   4.02040e-13
       15515.2   3.99200e-13
       15555.2   3.95590e-13
       15595.3   3.90840e-13
       15635.4   3.87090e-13
       15675.5   3.83750e-13
       15715.5   3.78920e-13
       15755.6   3.73780e-13
       15795.7   3.70900e-13
       15835.8   3.68400e-13
       15875.9   3.64960e-13
       15916.0   3.62670e-13
       15956.0   3.62090e-13
       15996.1   3.61730e-13
       16036.2   3.60420e-13
       16076.3   3.57010e-13
       16116.4   3.53360e-13
       16156.4   3.51210e-13
       16196.5   3.50520e-13
       16236.6   3.50340e-13
       16276.7   3.48620e-13
       16316.8   3.44930e-13
       16356.8   3.40680e-13
       16396.9   3.36800e-13
       16437.0   3.34040e-13
       16477.1   3.32300e-13
       16517.2   3.30500e-13
       16557.2   3.28650e-13
       16597.3   3.27070e-13
       16637.4   3.26040e-13
       16677.5   3.23530e-13
       16717.6   3.18670e-13
       16757.6   3.13410e-13
       16797.7   3.09770e-13
       16837.8   3.07550e-13
       16877.9   3.06330e-13
       16917.9   3.05330e-13
       16958.0   3.04160e-13
       16998.1   3.03090e-13
       17038.2   3.01400e-13
       17078.3   2.98470e-13
       17118.3   2.94870e-13
       17158.4   2.92020e-13
       17198.5   2.88970e-13
       17238.6   2.84990e-13
       17278.7   2.80750e-13
       17318.8   2.76290e-13
       17358.8   2.72220e-13
       17398.9   2.70220e-13
       17439.0   2.69660e-13
       17479.1   2.68900e-13
       17519.2   2.68310e-13
       17559.2   2.67820e-13
       17599.3   2.66550e-13
       17639.4   2.64140e-13
       17679.5   2.60880e-13
       17719.6   2.57600e-13
       17759.6   2.55520e-13
       17799.7   2.54210e-13
       17839.8   2.52940e-13
       17879.9   2.51680e-13
       17920.0   2.50070e-13
       17960.0   2.47520e-13
       18000.1   2.44050e-13
       18040.2   2.40990e-13
       18080.3   2.38550e-13
       18120.3   2.35450e-13
       18160.4   2.31110e-13
       18200.5   2.28280e-13
       18240.6   2.28270e-13
       18280.7   2.28450e-13
       18320.8   2.27690e-13
       18360.8   2.25910e-13
       18400.9   2.23740e-13
       18441.0   2.21320e-13
       18481.1   2.19700e-13
       18521.2   2.18420e-13
       18561.2   2.17340e-13
       18601.3   2.15960e-13
       18641.4   2.13870e-13
       18681.5   2.10770e-13
       18721.6   2.06380e-13
       18761.6   2.03630e-13
       18801.7   2.02320e-13
       18841.8   2.03210e-13
       18881.9   2.02850e-13
       18924.1   2.04260e-13
       18980.9   2.03140e-13
       19037.7   2.01350e-13
       19094.4   1.98830e-13
       19151.2   1.96090e-13
       19208.0   1.93890e-13
       19264.7   1.91800e-13
       19321.5   1.89410e-13
       19378.3   1.86600e-13
       19435.0   1.83530e-13
       19491.8   1.82020e-13
       19548.5   1.81570e-13
       19605.3   1.81260e-13
       19662.1   1.80140e-13
       19718.8   1.77920e-13
       19775.6   1.75540e-13
       19832.4   1.73320e-13
       19889.1   1.71420e-13
       19945.9   1.69500e-13
       20002.7   1.67990e-13
       20059.4   1.66830e-13
       20116.2   1.65640e-13
       20173.0   1.64210e-13
       20229.7   1.62390e-13
       20286.5   1.60470e-13
       20343.3   1.58700e-13
       20400.0   1.57260e-13
       20456.8   1.55960e-13
       20513.6   1.54460e-13
       20570.3   1.53100e-13
       20627.1   1.51580e-13
       20683.8   1.49900e-13
       20740.6   1.48350e-13
       20797.4   1.46840e-13
       20854.1   1.45350e-13
       20910.9   1.43720e-13
       20967.7   1.42320e-13
       21024.4   1.40890e-13
       21081.2   1.39400e-13
       21138.0   1.37610e-13
       21194.7   1.35840e-13
       21251.5   1.34870e-13
       21308.3   1.34120e-13
       21365.0   1.32950e-13
       21421.8   1.31340e-13
       21478.6   1.29740e-13
       21535.3   1.28030e-13
       21592.1   1.26080e-13
       21648.9   1.24300e-13
       21705.6   1.23270e-13
       21762.4   1.23220e-13
       21819.2   1.23010e-13
       21875.9   1.22400e-13
       21932.7   1.21440e-13
       21989.4   1.20180e-13
       22046.2   1.18840e-13
       22103.0   1.17640e-13
       22159.7   1.16880e-13
       22216.5   1.16150e-13
       22273.3   1.15340e-13
       22330.0   1.14400e-13
       22386.8   1.13380e-13
       22443.6   1.12200e-13
       22500.3   1.10930e-13
       22557.1   1.09830e-13
       22613.9   1.08620e-13
       22670.6   1.07330e-13
       22727.4   1.06260e-13
       22784.2   1.05480e-13
       22840.9   1.04460e-13
       22897.7   1.03440e-13
       22954.4   1.02590e-13
       23011.2   1.01900e-13
       23068.0   1.01250e-13
       23124.7   1.00240e-13
       23181.5   9.89450e-14
       23238.3   9.76290e-14
       23295.0   9.65990e-14
       23351.8   9.57150e-14
       23408.6   9.49810e-14
       23465.3   9.42290e-14
       23522.1   9.33030e-14
       23578.9   9.24320e-14
       23635.6   9.17210e-14
       23692.4   9.10420e-14
       23749.2   9.02940e-14
       23805.9   8.97520e-14
       23862.7   8.90890e-14
       23919.5   8.82280e-14
       23976.2   8.74650e-14
       24033.0   8.67400e-14
       24089.7   8.59470e-14
       24146.5   8.51780e-14
       24203.3   8.44650e-14
       24260.0   8.38850e-14
       24316.8   8.32350e-14
       24373.6   8.24150e-14
       24430.3   8.16480e-14
       24487.1   8.06700e-14
       24543.9   7.96870e-14
       24600.6   7.94230e-14
       24657.4   7.92730e-14
       24714.2   7.89370e-14
       24770.9   7.82820e-14
       24827.7   7.77240e-14
       24884.5   7.65750e-14
       24941.2   7.57970e-14
       24998.0   7.55320e-14
